9 0.51875 0.359375 0.00625 0.02734375
9 0.62109375 0.3603515625 0.0078125 0.025390625
11 0.678125 0.3701171875 0.034375 0.013671875
0 0.596875 0.478515625 0.009375 0.0390625
0 0.52734375 0.4755859375 0.0109375 0.033203125
2 0.48984375 0.4736328125 0.0578125 0.037109375
2 0.42890625 0.48046875 0.0453125 0.0390625
2 0.39453125 0.5068359375 0.0859375 0.087890625
2 0.346875 0.5322265625 0.121875 0.095703125
2 0.33515625 0.4697265625 0.0546875 0.037109375
2 0.27421875 0.4892578125 0.0703125 0.064453125
2 0.165625 0.5703125 0.265625 0.2265625
2 0.07890625 0.501953125 0.0921875 0.08203125
11 0.346875 0.42578125 0.028125 0.0390625
9 0.79296875 0.3291015625 0.0109375 0.029296875
9 0.78046875 0.3330078125 0.0109375 0.029296875
9 0.71328125 0.416015625 0.0046875 0.01171875
11 0.81953125 0.3369140625 0.0109375 0.021484375
11 0.0140625 0.3466796875 0.028125 0.044921875
9 0.51875 0.359375 0.00625 0.02734375
9 0.62109375 0.3603515625 0.0078125 0.025390625
11 0.678125 0.3701171875 0.034375 0.013671875
0 0.596875 0.478515625 0.009375 0.0390625
0 0.52734375 0.4755859375 0.0109375 0.033203125
2 0.48984375 0.4736328125 0.0578125 0.037109375
2 0.42890625 0.48046875 0.0453125 0.0390625
2 0.39453125 0.5068359375 0.0859375 0.087890625
2 0.346875 0.5322265625 0.121875 0.095703125
2 0.33515625 0.4697265625 0.0546875 0.037109375
2 0.27421875 0.4892578125 0.0703125 0.064453125
2 0.165625 0.5703125 0.265625 0.2265625
2 0.07890625 0.501953125 0.0921875 0.08203125
11 0.346875 0.42578125 0.028125 0.0390625
9 0.79296875 0.3291015625 0.0109375 0.029296875
9 0.78046875 0.3330078125 0.0109375 0.029296875
9 0.71328125 0.416015625 0.0046875 0.01171875
11 0.81953125 0.3369140625 0.0109375 0.021484375
11 0.0140625 0.3466796875 0.028125 0.044921875
