2 0.58515625 0.34765625 0.0390625 0.04296875
2 0.53203125 0.3515625 0.0296875 0.02734375
7 0.53671875 0.33203125 0.0171875 0.0234375
7 0.51484375 0.3388671875 0.0109375 0.017578125
2 0.48671875 0.34765625 0.0171875 0.01953125
2 0.5015625 0.34375 0.009375 0.0078125
2 0.00859375 0.3720703125 0.0171875 0.029296875
7 0.19609375 0.341796875 0.0640625 0.046875
2 0.24921875 0.3505859375 0.0203125 0.013671875
2 0.2703125 0.34765625 0.015625 0.015625
2 0.325 0.34375 0.015625 0.01171875
2 0.35 0.3427734375 0.0125 0.009765625
2 0.36640625 0.34375 0.0109375 0.0078125
2 0.38359375 0.3408203125 0.0078125 0.005859375
2 0.39765625 0.3447265625 0.0078125 0.005859375
2 0.2953125 0.3486328125 0.0125 0.009765625
2 0.58515625 0.34765625 0.0390625 0.04296875
2 0.53203125 0.3515625 0.0296875 0.02734375
7 0.53671875 0.33203125 0.0171875 0.0234375
7 0.51484375 0.3388671875 0.0109375 0.017578125
2 0.48671875 0.34765625 0.0171875 0.01953125
2 0.5015625 0.34375 0.009375 0.0078125
2 0.00859375 0.3720703125 0.0171875 0.029296875
7 0.19609375 0.341796875 0.0640625 0.046875
2 0.24921875 0.3505859375 0.0203125 0.013671875
2 0.2703125 0.34765625 0.015625 0.015625
2 0.325 0.34375 0.015625 0.01171875
2 0.35 0.3427734375 0.0125 0.009765625
2 0.36640625 0.34375 0.0109375 0.0078125
2 0.38359375 0.3408203125 0.0078125 0.005859375
2 0.39765625 0.3447265625 0.0078125 0.005859375
2 0.2953125 0.3486328125 0.0125 0.009765625
