2 0.4 0.3935546875 0.071875 0.068359375
2 0.80234375 0.4541015625 0.1984375 0.162109375
2 0.08984375 0.404296875 0.1359375 0.125
2 0.4640625 0.376953125 0.046875 0.04296875
2 0.4796875 0.359375 0.0125 0.015625
0 0.65703125 0.3681640625 0.0140625 0.048828125
2 0.49609375 0.3583984375 0.0109375 0.013671875
2 0.5390625 0.3671875 0.021875 0.0234375
2 0.509375 0.359375 0.0125 0.015625
0 0.67578125 0.3720703125 0.0171875 0.044921875
0 0.80703125 0.3583984375 0.0140625 0.033203125
0 0.8296875 0.359375 0.021875 0.03515625
3 0.9609375 0.5595703125 0.075 0.201171875
3 0.8890625 0.509765625 0.1625 0.171875
2 0.24453125 0.3837890625 0.0203125 0.037109375
2 0.5265625 0.357421875 0.009375 0.01171875
9 0.46640625 0.302734375 0.0078125 0.01953125
9 0.43046875 0.302734375 0.0078125 0.01953125
11 0.2734375 0.41015625 0.009375 0.03515625
11 0.82109375 0.2373046875 0.0765625 0.013671875
11 0.82109375 0.251953125 0.0765625 0.01171875
11 0.82109375 0.267578125 0.0765625 0.01171875
11 0.80390625 0.283203125 0.0421875 0.01171875
11 0.38828125 0.306640625 0.0140625 0.015625
2 0.3578125 0.3701171875 0.0125 0.021484375
11 0.8328125 0.310546875 0.01875 0.01953125
11 0.8328125 0.2880859375 0.01875 0.021484375
2 0.43046875 0.3623046875 0.0140625 0.017578125
2 0.2796875 0.3916015625 0.071875 0.068359375
2 0.34765625 0.3740234375 0.0140625 0.025390625
0 0.23828125 0.369140625 0.0078125 0.015625
3 0.9421875 0.53125 0.1125 0.19140625
2 0.3375 0.376953125 0.015625 0.02734375
0 0.18515625 0.3818359375 0.0078125 0.029296875
2 0.32421875 0.37890625 0.0171875 0.02734375
2 0.93359375 0.376953125 0.0171875 0.03125
2 0.4 0.3935546875 0.071875 0.068359375
2 0.80234375 0.4541015625 0.1984375 0.162109375
2 0.08984375 0.404296875 0.1359375 0.125
2 0.4640625 0.376953125 0.046875 0.04296875
2 0.4796875 0.359375 0.0125 0.015625
0 0.65703125 0.3681640625 0.0140625 0.048828125
2 0.49609375 0.3583984375 0.0109375 0.013671875
2 0.5390625 0.3671875 0.021875 0.0234375
2 0.509375 0.359375 0.0125 0.015625
0 0.67578125 0.3720703125 0.0171875 0.044921875
0 0.80703125 0.3583984375 0.0140625 0.033203125
0 0.8296875 0.359375 0.021875 0.03515625
3 0.9609375 0.5595703125 0.075 0.201171875
3 0.8890625 0.509765625 0.1625 0.171875
2 0.24453125 0.3837890625 0.0203125 0.037109375
2 0.5265625 0.357421875 0.009375 0.01171875
9 0.46640625 0.302734375 0.0078125 0.01953125
9 0.43046875 0.302734375 0.0078125 0.01953125
11 0.2734375 0.41015625 0.009375 0.03515625
11 0.82109375 0.2373046875 0.0765625 0.013671875
11 0.82109375 0.251953125 0.0765625 0.01171875
11 0.82109375 0.267578125 0.0765625 0.01171875
11 0.80390625 0.283203125 0.0421875 0.01171875
11 0.38828125 0.306640625 0.0140625 0.015625
2 0.3578125 0.3701171875 0.0125 0.021484375
11 0.8328125 0.310546875 0.01875 0.01953125
11 0.8328125 0.2880859375 0.01875 0.021484375
2 0.43046875 0.3623046875 0.0140625 0.017578125
2 0.2796875 0.3916015625 0.071875 0.068359375
2 0.34765625 0.3740234375 0.0140625 0.025390625
0 0.23828125 0.369140625 0.0078125 0.015625
3 0.9421875 0.53125 0.1125 0.19140625
2 0.3375 0.376953125 0.015625 0.02734375
0 0.18515625 0.3818359375 0.0078125 0.029296875
2 0.32421875 0.37890625 0.0171875 0.02734375
2 0.93359375 0.376953125 0.0171875 0.03125
