2 0.86328125 0.525390625 0.1984375 0.2109375
2 0.6671875 0.4462890625 0.04375 0.041015625
2 0.57890625 0.44140625 0.0109375 0.01171875
2 0.51953125 0.4423828125 0.0234375 0.021484375
0 0.48828125 0.4404296875 0.0078125 0.029296875
9 0.5125 0.3017578125 0.009375 0.037109375
9 0.6046875 0.2958984375 0.009375 0.037109375
11 0.53984375 0.2890625 0.0140625 0.0234375
11 0.67734375 0.3095703125 0.0484375 0.017578125
11 0.27734375 0.330078125 0.0203125 0.0234375
9 0.26484375 0.37890625 0.0078125 0.0078125
9 0.29609375 0.376953125 0.0078125 0.0078125
0 0.50234375 0.4638671875 0.0265625 0.060546875
0 0.2421875 0.4814453125 0.034375 0.107421875
0 0.2140625 0.486328125 0.04375 0.11328125
9 0.20859375 0.251953125 0.0140625 0.046875
9 0.265625 0.2744140625 0.0125 0.041015625
2 0.9375 0.58203125 0.121875 0.31640625
2 0.3015625 0.4599609375 0.040625 0.041015625
11 0.28125 0.3896484375 0.028125 0.009765625
0 0.1234375 0.486328125 0.028125 0.09765625
0 0.08125 0.451171875 0.0125 0.015625
2 0.17421875 0.4716796875 0.0390625 0.037109375
2 0.365625 0.4501953125 0.01875 0.017578125
2 0.084375 0.48046875 0.065625 0.046875
11 0.86796875 0.3720703125 0.0296875 0.033203125
11 0.86875 0.337890625 0.04375 0.0234375
9 0.8265625 0.314453125 0.01875 0.015625
9 0.8765625 0.3125 0.021875 0.015625
11 0.7125 0.3486328125 0.015625 0.029296875
2 0.409375 0.4443359375 0.021875 0.021484375
2 0.1359375 0.47265625 0.046875 0.04296875
2 0.86328125 0.525390625 0.1984375 0.2109375
2 0.6671875 0.4462890625 0.04375 0.041015625
2 0.57890625 0.44140625 0.0109375 0.01171875
2 0.51953125 0.4423828125 0.0234375 0.021484375
0 0.48828125 0.4404296875 0.0078125 0.029296875
9 0.5125 0.3017578125 0.009375 0.037109375
9 0.6046875 0.2958984375 0.009375 0.037109375
11 0.53984375 0.2890625 0.0140625 0.0234375
11 0.67734375 0.3095703125 0.0484375 0.017578125
11 0.27734375 0.330078125 0.0203125 0.0234375
9 0.26484375 0.37890625 0.0078125 0.0078125
9 0.29609375 0.376953125 0.0078125 0.0078125
0 0.50234375 0.4638671875 0.0265625 0.060546875
0 0.2421875 0.4814453125 0.034375 0.107421875
0 0.2140625 0.486328125 0.04375 0.11328125
9 0.20859375 0.251953125 0.0140625 0.046875
9 0.265625 0.2744140625 0.0125 0.041015625
2 0.9375 0.58203125 0.121875 0.31640625
2 0.3015625 0.4599609375 0.040625 0.041015625
11 0.28125 0.3896484375 0.028125 0.009765625
0 0.1234375 0.486328125 0.028125 0.09765625
0 0.08125 0.451171875 0.0125 0.015625
2 0.17421875 0.4716796875 0.0390625 0.037109375
2 0.365625 0.4501953125 0.01875 0.017578125
2 0.084375 0.48046875 0.065625 0.046875
11 0.86796875 0.3720703125 0.0296875 0.033203125
11 0.86875 0.337890625 0.04375 0.0234375
9 0.8265625 0.314453125 0.01875 0.015625
9 0.8765625 0.3125 0.021875 0.015625
11 0.7125 0.3486328125 0.015625 0.029296875
2 0.409375 0.4443359375 0.021875 0.021484375
2 0.1359375 0.47265625 0.046875 0.04296875
