2 0.890625 0.5419921875 0.215625 0.236328125
2 0.6703125 0.447265625 0.04375 0.04296875
2 0.57734375 0.4453125 0.0109375 0.01171875
2 0.51953125 0.4453125 0.0203125 0.01953125
0 0.4875 0.4453125 0.00625 0.03125
9 0.51171875 0.302734375 0.0109375 0.0390625
9 0.6046875 0.2958984375 0.009375 0.037109375
11 0.5390625 0.2890625 0.015625 0.0234375
11 0.68046875 0.3115234375 0.0484375 0.017578125
11 0.2671875 0.33203125 0.021875 0.02734375
9 0.25546875 0.380859375 0.0078125 0.0078125
9 0.28671875 0.3798828125 0.0078125 0.009765625
0 0.509375 0.46875 0.015625 0.05859375
0 0.24609375 0.4931640625 0.0453125 0.119140625
0 0.2125 0.4912109375 0.034375 0.123046875
9 0.19609375 0.25 0.0140625 0.046875
9 0.253125 0.2744140625 0.009375 0.041015625
2 0.96015625 0.5849609375 0.0765625 0.251953125
2 0.28984375 0.4658203125 0.0328125 0.041015625
11 0.26875 0.3935546875 0.028125 0.009765625
0 0.109375 0.4931640625 0.03125 0.099609375
0 0.075 0.45703125 0.009375 0.01171875
2 0.16640625 0.4775390625 0.0390625 0.037109375
2 0.3578125 0.453125 0.021875 0.02734375
2 0.06796875 0.486328125 0.0609375 0.046875
11 0.88359375 0.3740234375 0.0296875 0.033203125
11 0.8890625 0.3388671875 0.05 0.025390625
9 0.840625 0.318359375 0.01875 0.01953125
9 0.8921875 0.30859375 0.021875 0.015625
11 0.7171875 0.353515625 0.015625 0.02734375
2 0.40390625 0.451171875 0.0203125 0.02734375
2 0.1328125 0.48046875 0.034375 0.04296875
2 0.890625 0.5419921875 0.215625 0.236328125
2 0.6703125 0.447265625 0.04375 0.04296875
2 0.57734375 0.4453125 0.0109375 0.01171875
2 0.51953125 0.4453125 0.0203125 0.01953125
0 0.4875 0.4453125 0.00625 0.03125
9 0.51171875 0.302734375 0.0109375 0.0390625
9 0.6046875 0.2958984375 0.009375 0.037109375
11 0.5390625 0.2890625 0.015625 0.0234375
11 0.68046875 0.3115234375 0.0484375 0.017578125
11 0.2671875 0.33203125 0.021875 0.02734375
9 0.25546875 0.380859375 0.0078125 0.0078125
9 0.28671875 0.3798828125 0.0078125 0.009765625
0 0.509375 0.46875 0.015625 0.05859375
0 0.24609375 0.4931640625 0.0453125 0.119140625
0 0.2125 0.4912109375 0.034375 0.123046875
9 0.19609375 0.25 0.0140625 0.046875
9 0.253125 0.2744140625 0.009375 0.041015625
2 0.96015625 0.5849609375 0.0765625 0.251953125
2 0.28984375 0.4658203125 0.0328125 0.041015625
11 0.26875 0.3935546875 0.028125 0.009765625
0 0.109375 0.4931640625 0.03125 0.099609375
0 0.075 0.45703125 0.009375 0.01171875
2 0.16640625 0.4775390625 0.0390625 0.037109375
2 0.3578125 0.453125 0.021875 0.02734375
2 0.06796875 0.486328125 0.0609375 0.046875
11 0.88359375 0.3740234375 0.0296875 0.033203125
11 0.8890625 0.3388671875 0.05 0.025390625
9 0.840625 0.318359375 0.01875 0.01953125
9 0.8921875 0.30859375 0.021875 0.015625
11 0.7171875 0.353515625 0.015625 0.02734375
2 0.40390625 0.451171875 0.0203125 0.02734375
2 0.1328125 0.48046875 0.034375 0.04296875
