0 0.69296875 0.3759765625 0.0171875 0.068359375
0 0.65546875 0.3837890625 0.0171875 0.068359375
0 0.58671875 0.375 0.0171875 0.0546875
2 0.40234375 0.3876953125 0.0453125 0.048828125
2 0.42578125 0.3798828125 0.0265625 0.037109375
2 0.45703125 0.3681640625 0.0140625 0.025390625
2 0.48203125 0.3818359375 0.0359375 0.037109375
2 0.5578125 0.3837890625 0.034375 0.037109375
2 0.53671875 0.37890625 0.0265625 0.03125
11 0.28515625 0.1669921875 0.0328125 0.044921875
9 0.42734375 0.17578125 0.0140625 0.046875
9 0.4421875 0.1767578125 0.015625 0.044921875
9 0.41328125 0.17578125 0.0140625 0.046875
9 0.09375 0.1513671875 0.015625 0.048828125
9 0.07734375 0.1513671875 0.0171875 0.048828125
9 0.05859375 0.1513671875 0.0171875 0.048828125
2 0.325 0.3798828125 0.021875 0.037109375
2 0.496875 0.375 0.021875 0.03125
9 0.46796875 0.318359375 0.0046875 0.01171875
3 0.28515625 0.3955078125 0.0171875 0.029296875
0 0.09453125 0.4091796875 0.0234375 0.052734375
11 0.85625 0.3154296875 0.046875 0.056640625
11 0.859375 0.2255859375 0.053125 0.021484375
9 0.8765625 0.26171875 0.025 0.02734375
9 0.6453125 0.2919921875 0.009375 0.013671875
2 0.5109375 0.369140625 0.015625 0.01953125
9 0.84375 0.2607421875 0.025 0.025390625
0 0.9515625 0.4345703125 0.05625 0.080078125
0 0.0984375 0.38671875 0.0125 0.01953125
0 0.1359375 0.3818359375 0.0125 0.013671875
2 0.37421875 0.375 0.0265625 0.03515625
11 0.64296875 0.3232421875 0.0203125 0.025390625
10 0.88203125 0.3955078125 0.0140625 0.033203125
0 0.72890625 0.376953125 0.0171875 0.05859375
3 0.09140625 0.421875 0.0546875 0.05078125
2 0.34296875 0.3828125 0.0484375 0.05078125
2 0.18828125 0.4013671875 0.0515625 0.041015625
3 0.45078125 0.37890625 0.0109375 0.01953125
0 0.45078125 0.3701171875 0.0109375 0.025390625
0 0.69296875 0.3759765625 0.0171875 0.068359375
0 0.65546875 0.3837890625 0.0171875 0.068359375
0 0.58671875 0.375 0.0171875 0.0546875
2 0.40234375 0.3876953125 0.0453125 0.048828125
2 0.42578125 0.3798828125 0.0265625 0.037109375
2 0.45703125 0.3681640625 0.0140625 0.025390625
2 0.48203125 0.3818359375 0.0359375 0.037109375
2 0.5578125 0.3837890625 0.034375 0.037109375
2 0.53671875 0.37890625 0.0265625 0.03125
11 0.28515625 0.1669921875 0.0328125 0.044921875
9 0.42734375 0.17578125 0.0140625 0.046875
9 0.4421875 0.1767578125 0.015625 0.044921875
9 0.41328125 0.17578125 0.0140625 0.046875
9 0.09375 0.1513671875 0.015625 0.048828125
9 0.07734375 0.1513671875 0.0171875 0.048828125
9 0.05859375 0.1513671875 0.0171875 0.048828125
2 0.325 0.3798828125 0.021875 0.037109375
2 0.496875 0.375 0.021875 0.03125
9 0.46796875 0.318359375 0.0046875 0.01171875
3 0.28515625 0.3955078125 0.0171875 0.029296875
0 0.09453125 0.4091796875 0.0234375 0.052734375
11 0.85625 0.3154296875 0.046875 0.056640625
11 0.859375 0.2255859375 0.053125 0.021484375
9 0.8765625 0.26171875 0.025 0.02734375
9 0.6453125 0.2919921875 0.009375 0.013671875
2 0.5109375 0.369140625 0.015625 0.01953125
9 0.84375 0.2607421875 0.025 0.025390625
0 0.9515625 0.4345703125 0.05625 0.080078125
0 0.0984375 0.38671875 0.0125 0.01953125
0 0.1359375 0.3818359375 0.0125 0.013671875
2 0.37421875 0.375 0.0265625 0.03515625
11 0.64296875 0.3232421875 0.0203125 0.025390625
10 0.88203125 0.3955078125 0.0140625 0.033203125
0 0.72890625 0.376953125 0.0171875 0.05859375
3 0.09140625 0.421875 0.0546875 0.05078125
2 0.34296875 0.3828125 0.0484375 0.05078125
2 0.18828125 0.4013671875 0.0515625 0.041015625
3 0.45078125 0.37890625 0.0109375 0.01953125
0 0.45078125 0.3701171875 0.0109375 0.025390625
