2 0.684375 0.396484375 0.140625 0.1328125
2 0.6171875 0.359375 0.04375 0.05859375
2 0.5390625 0.357421875 0.03125 0.03125
7 0.52421875 0.33984375 0.0171875 0.02734375
7 0.5 0.33984375 0.009375 0.01171875
2 0.50390625 0.34765625 0.0109375 0.01171875
2 0.4921875 0.3525390625 0.01875 0.021484375
2 0.2359375 0.361328125 0.03125 0.0234375
7 0.3375 0.341796875 0.025 0.03515625
2 0.34609375 0.3515625 0.0140625 0.01171875
2 0.3640625 0.3525390625 0.015625 0.013671875
2 0.3890625 0.3466796875 0.015625 0.013671875
2 0.40703125 0.345703125 0.0109375 0.01171875
2 0.4203125 0.345703125 0.015625 0.01171875
7 0.365625 0.33984375 0.01875 0.01953125
2 0.371875 0.349609375 0.009375 0.01171875
2 0.684375 0.396484375 0.140625 0.1328125
2 0.6171875 0.359375 0.04375 0.05859375
2 0.5390625 0.357421875 0.03125 0.03125
7 0.52421875 0.33984375 0.0171875 0.02734375
7 0.5 0.33984375 0.009375 0.01171875
2 0.50390625 0.34765625 0.0109375 0.01171875
2 0.4921875 0.3525390625 0.01875 0.021484375
2 0.2359375 0.361328125 0.03125 0.0234375
7 0.3375 0.341796875 0.025 0.03515625
2 0.34609375 0.3515625 0.0140625 0.01171875
2 0.3640625 0.3525390625 0.015625 0.013671875
2 0.3890625 0.3466796875 0.015625 0.013671875
2 0.40703125 0.345703125 0.0109375 0.01171875
2 0.4203125 0.345703125 0.015625 0.01171875
7 0.365625 0.33984375 0.01875 0.01953125
2 0.371875 0.349609375 0.009375 0.01171875
