2 0.88203125 0.4921875 0.2328125 0.34765625
2 0.61015625 0.357421875 0.0453125 0.05078125
2 0.54453125 0.359375 0.0296875 0.02734375
7 0.53125 0.341796875 0.01875 0.03125
7 0.5046875 0.3427734375 0.009375 0.009765625
2 0.50546875 0.3525390625 0.0109375 0.009765625
2 0.49140625 0.3544921875 0.0171875 0.017578125
2 0.2953125 0.3603515625 0.021875 0.017578125
2 0.22890625 0.3623046875 0.0359375 0.033203125
2 0.08828125 0.3837890625 0.0546875 0.037109375
2 0.3453125 0.3544921875 0.009375 0.009765625
2 0.35546875 0.35546875 0.0109375 0.01171875
7 0.1921875 0.3515625 0.0875 0.06640625
2 0.33359375 0.3515625 0.0203125 0.0234375
2 0.38359375 0.3515625 0.0109375 0.01171875
2 0.39765625 0.349609375 0.0078125 0.0078125
2 0.409375 0.3486328125 0.00625 0.005859375
2 0.88203125 0.4921875 0.2328125 0.34765625
2 0.61015625 0.357421875 0.0453125 0.05078125
2 0.54453125 0.359375 0.0296875 0.02734375
7 0.53125 0.341796875 0.01875 0.03125
7 0.5046875 0.3427734375 0.009375 0.009765625
2 0.50546875 0.3525390625 0.0109375 0.009765625
2 0.49140625 0.3544921875 0.0171875 0.017578125
2 0.2953125 0.3603515625 0.021875 0.017578125
2 0.22890625 0.3623046875 0.0359375 0.033203125
2 0.08828125 0.3837890625 0.0546875 0.037109375
2 0.3453125 0.3544921875 0.009375 0.009765625
2 0.35546875 0.35546875 0.0109375 0.01171875
7 0.1921875 0.3515625 0.0875 0.06640625
2 0.33359375 0.3515625 0.0203125 0.0234375
2 0.38359375 0.3515625 0.0109375 0.01171875
2 0.39765625 0.349609375 0.0078125 0.0078125
2 0.409375 0.3486328125 0.00625 0.005859375
