2 0.96796875 0.619140625 0.0609375 0.19921875
2 0.87578125 0.544921875 0.2359375 0.1953125
2 0.7640625 0.513671875 0.121875 0.1328125
2 0.7265625 0.4912109375 0.09375 0.107421875
2 0.68359375 0.4736328125 0.0734375 0.091796875
2 0.63671875 0.46875 0.0234375 0.05859375
2 0.62578125 0.455078125 0.0171875 0.02734375
2 0.60078125 0.455078125 0.0140625 0.015625
2 0.55390625 0.4619140625 0.0265625 0.029296875
2 0.525 0.4580078125 0.021875 0.025390625
0 0.50390625 0.455078125 0.0078125 0.0234375
2 0.36796875 0.466796875 0.0265625 0.0234375
2 0.35390625 0.4609375 0.0203125 0.01953125
2 0.3328125 0.4697265625 0.03125 0.029296875
2 0.28359375 0.4853515625 0.0203125 0.025390625
2 0.25234375 0.4736328125 0.0265625 0.029296875
0 0.22890625 0.47265625 0.0078125 0.03515625
2 0.028125 0.4921875 0.05625 0.0625
2 0.06953125 0.4853515625 0.0453125 0.041015625
9 0.53046875 0.3681640625 0.0046875 0.017578125
9 0.5828125 0.3662109375 0.00625 0.021484375
11 0.5453125 0.3623046875 0.009375 0.013671875
11 0.625 0.376953125 0.028125 0.01171875
11 0.85 0.3642578125 0.025 0.041015625
11 0.396875 0.3857421875 0.0125 0.021484375
9 0.3890625 0.4150390625 0.00625 0.005859375
9 0.403125 0.4150390625 0.00625 0.005859375
11 0.37265625 0.4462890625 0.0078125 0.009765625
0 0.20859375 0.4716796875 0.0109375 0.033203125
0 0.41015625 0.46484375 0.0140625 0.03515625
0 0.309375 0.4677734375 0.009375 0.044921875
2 0.96796875 0.619140625 0.0609375 0.19921875
2 0.87578125 0.544921875 0.2359375 0.1953125
2 0.7640625 0.513671875 0.121875 0.1328125
2 0.7265625 0.4912109375 0.09375 0.107421875
2 0.68359375 0.4736328125 0.0734375 0.091796875
2 0.63671875 0.46875 0.0234375 0.05859375
2 0.62578125 0.455078125 0.0171875 0.02734375
2 0.60078125 0.455078125 0.0140625 0.015625
2 0.55390625 0.4619140625 0.0265625 0.029296875
2 0.525 0.4580078125 0.021875 0.025390625
0 0.50390625 0.455078125 0.0078125 0.0234375
2 0.36796875 0.466796875 0.0265625 0.0234375
2 0.35390625 0.4609375 0.0203125 0.01953125
2 0.3328125 0.4697265625 0.03125 0.029296875
2 0.28359375 0.4853515625 0.0203125 0.025390625
2 0.25234375 0.4736328125 0.0265625 0.029296875
0 0.22890625 0.47265625 0.0078125 0.03515625
2 0.028125 0.4921875 0.05625 0.0625
2 0.06953125 0.4853515625 0.0453125 0.041015625
9 0.53046875 0.3681640625 0.0046875 0.017578125
9 0.5828125 0.3662109375 0.00625 0.021484375
11 0.5453125 0.3623046875 0.009375 0.013671875
11 0.625 0.376953125 0.028125 0.01171875
11 0.85 0.3642578125 0.025 0.041015625
11 0.396875 0.3857421875 0.0125 0.021484375
9 0.3890625 0.4150390625 0.00625 0.005859375
9 0.403125 0.4150390625 0.00625 0.005859375
11 0.37265625 0.4462890625 0.0078125 0.009765625
0 0.20859375 0.4716796875 0.0109375 0.033203125
0 0.41015625 0.46484375 0.0140625 0.03515625
0 0.309375 0.4677734375 0.009375 0.044921875
