2 0.140625 0.658203125 0.28125 0.2265625
2 0.51953125 0.6298828125 0.0234375 0.025390625
7 0.86328125 0.6279296875 0.1796875 0.197265625
7 0.6859375 0.6201171875 0.06875 0.083984375
7 0.59765625 0.6220703125 0.0328125 0.052734375
7 0.6265625 0.623046875 0.028125 0.05078125
2 0.5484375 0.6298828125 0.0125 0.013671875
7 0.934375 0.650390625 0.128125 0.23046875
2 0.140625 0.658203125 0.28125 0.2265625
2 0.51953125 0.6298828125 0.0234375 0.025390625
7 0.86328125 0.6279296875 0.1796875 0.197265625
7 0.6859375 0.6201171875 0.06875 0.083984375
7 0.59765625 0.6220703125 0.0328125 0.052734375
7 0.6265625 0.623046875 0.028125 0.05078125
2 0.5484375 0.6298828125 0.0125 0.013671875
7 0.934375 0.650390625 0.128125 0.23046875
