2 0.68203125 0.3955078125 0.1359375 0.126953125
2 0.6171875 0.359375 0.04375 0.05859375
2 0.5390625 0.361328125 0.03125 0.03125
7 0.52265625 0.341796875 0.0171875 0.02734375
7 0.5 0.33984375 0.009375 0.01171875
2 0.50390625 0.34765625 0.0109375 0.01171875
2 0.490625 0.3525390625 0.01875 0.021484375
2 0.25546875 0.3623046875 0.0265625 0.021484375
7 0.3421875 0.3427734375 0.021875 0.033203125
2 0.35390625 0.353515625 0.0140625 0.01171875
2 0.36953125 0.3525390625 0.0140625 0.013671875
2 0.39140625 0.3505859375 0.0140625 0.013671875
2 0.409375 0.3466796875 0.009375 0.009765625
2 0.42109375 0.3466796875 0.0140625 0.009765625
2 0.68203125 0.3955078125 0.1359375 0.126953125
2 0.6171875 0.359375 0.04375 0.05859375
2 0.5390625 0.361328125 0.03125 0.03125
7 0.52265625 0.341796875 0.0171875 0.02734375
7 0.5 0.33984375 0.009375 0.01171875
2 0.50390625 0.34765625 0.0109375 0.01171875
2 0.490625 0.3525390625 0.01875 0.021484375
2 0.25546875 0.3623046875 0.0265625 0.021484375
7 0.3421875 0.3427734375 0.021875 0.033203125
2 0.35390625 0.353515625 0.0140625 0.01171875
2 0.36953125 0.3525390625 0.0140625 0.013671875
2 0.39140625 0.3505859375 0.0140625 0.013671875
2 0.409375 0.3466796875 0.009375 0.009765625
2 0.42109375 0.3466796875 0.0140625 0.009765625
