9 0.51875 0.365234375 0.00625 0.02734375
9 0.62578125 0.36328125 0.0078125 0.02734375
11 0.684375 0.373046875 0.0375 0.015625
0 0.6 0.484375 0.009375 0.0390625
0 0.52265625 0.4814453125 0.0109375 0.037109375
2 0.4890625 0.4814453125 0.059375 0.041015625
2 0.4234375 0.486328125 0.04375 0.0390625
2 0.38046875 0.5166015625 0.0953125 0.099609375
2 0.321875 0.546875 0.140625 0.10546875
2 0.31328125 0.4755859375 0.0328125 0.041015625
2 0.2390625 0.494140625 0.0875 0.06640625
2 0.1234375 0.60546875 0.246875 0.2890625
11 0.33046875 0.4296875 0.0296875 0.04296875
9 0.80859375 0.328125 0.0140625 0.03515625
9 0.79375 0.3349609375 0.0125 0.033203125
9 0.72109375 0.423828125 0.0046875 0.01171875
11 0.83984375 0.3349609375 0.0171875 0.025390625
11 0.19765625 0.396484375 0.0265625 0.04296875
11 0.22265625 0.4365234375 0.0109375 0.009765625
9 0.2359375 0.412109375 0.009375 0.0234375
9 0.3015625 0.4306640625 0.00625 0.009765625
2 0.20546875 0.5087890625 0.0796875 0.064453125
9 0.2171875 0.4111328125 0.00625 0.021484375
9 0.51875 0.365234375 0.00625 0.02734375
9 0.62578125 0.36328125 0.0078125 0.02734375
11 0.684375 0.373046875 0.0375 0.015625
0 0.6 0.484375 0.009375 0.0390625
0 0.52265625 0.4814453125 0.0109375 0.037109375
2 0.4890625 0.4814453125 0.059375 0.041015625
2 0.4234375 0.486328125 0.04375 0.0390625
2 0.38046875 0.5166015625 0.0953125 0.099609375
2 0.321875 0.546875 0.140625 0.10546875
2 0.31328125 0.4755859375 0.0328125 0.041015625
2 0.2390625 0.494140625 0.0875 0.06640625
2 0.1234375 0.60546875 0.246875 0.2890625
11 0.33046875 0.4296875 0.0296875 0.04296875
9 0.80859375 0.328125 0.0140625 0.03515625
9 0.79375 0.3349609375 0.0125 0.033203125
9 0.72109375 0.423828125 0.0046875 0.01171875
11 0.83984375 0.3349609375 0.0171875 0.025390625
11 0.19765625 0.396484375 0.0265625 0.04296875
11 0.22265625 0.4365234375 0.0109375 0.009765625
9 0.2359375 0.412109375 0.009375 0.0234375
9 0.3015625 0.4306640625 0.00625 0.009765625
2 0.20546875 0.5087890625 0.0796875 0.064453125
9 0.2171875 0.4111328125 0.00625 0.021484375
