2 0.6984375 0.4580078125 0.05 0.048828125
2 0.58046875 0.4541015625 0.0296875 0.017578125
2 0.5078125 0.45703125 0.028125 0.015625
0 0.490625 0.451171875 0.009375 0.03515625
9 0.5078125 0.2705078125 0.0125 0.048828125
9 0.62890625 0.26171875 0.0140625 0.046875
11 0.54453125 0.255859375 0.0203125 0.03125
11 0.72578125 0.283203125 0.0609375 0.02734375
11 0.1890625 0.3095703125 0.028125 0.037109375
9 0.175 0.375 0.009375 0.01171875
9 0.215625 0.37109375 0.0125 0.01171875
0 0.72890625 0.4853515625 0.0234375 0.083984375
0 0.03203125 0.5693359375 0.0640625 0.224609375
9 0.0515625 0.177734375 0.01875 0.06640625
9 0.16015625 0.232421875 0.0140625 0.046875
11 0.19375 0.390625 0.040625 0.015625
11 0.771875 0.333984375 0.021875 0.03515625
0 0.88203125 0.478515625 0.0265625 0.08203125
0 0.8328125 0.45703125 0.025 0.06640625
2 0.38515625 0.4814453125 0.1140625 0.060546875
2 0.10625 0.494140625 0.05 0.04296875
2 0.1484375 0.48828125 0.0375 0.0390625
2 0.209375 0.48046875 0.025 0.046875
0 0.05859375 0.537109375 0.0609375 0.17578125
2 0.25859375 0.4677734375 0.0296875 0.029296875
2 0.06328125 0.49609375 0.0421875 0.04296875
11 0.63046875 0.3974609375 0.0140625 0.021484375
2 0.2890625 0.4755859375 0.046875 0.044921875
2 0.240625 0.474609375 0.025 0.02734375
2 0.546875 0.455078125 0.021875 0.015625
2 0.32890625 0.470703125 0.0234375 0.03515625
2 0.21953125 0.47265625 0.0203125 0.03125
2 0.6984375 0.4580078125 0.05 0.048828125
2 0.58046875 0.4541015625 0.0296875 0.017578125
2 0.5078125 0.45703125 0.028125 0.015625
0 0.490625 0.451171875 0.009375 0.03515625
9 0.5078125 0.2705078125 0.0125 0.048828125
9 0.62890625 0.26171875 0.0140625 0.046875
11 0.54453125 0.255859375 0.0203125 0.03125
11 0.72578125 0.283203125 0.0609375 0.02734375
11 0.1890625 0.3095703125 0.028125 0.037109375
9 0.175 0.375 0.009375 0.01171875
9 0.215625 0.37109375 0.0125 0.01171875
0 0.72890625 0.4853515625 0.0234375 0.083984375
0 0.03203125 0.5693359375 0.0640625 0.224609375
9 0.0515625 0.177734375 0.01875 0.06640625
9 0.16015625 0.232421875 0.0140625 0.046875
11 0.19375 0.390625 0.040625 0.015625
11 0.771875 0.333984375 0.021875 0.03515625
0 0.88203125 0.478515625 0.0265625 0.08203125
0 0.8328125 0.45703125 0.025 0.06640625
2 0.38515625 0.4814453125 0.1140625 0.060546875
2 0.10625 0.494140625 0.05 0.04296875
2 0.1484375 0.48828125 0.0375 0.0390625
2 0.209375 0.48046875 0.025 0.046875
0 0.05859375 0.537109375 0.0609375 0.17578125
2 0.25859375 0.4677734375 0.0296875 0.029296875
2 0.06328125 0.49609375 0.0421875 0.04296875
11 0.63046875 0.3974609375 0.0140625 0.021484375
2 0.2890625 0.4755859375 0.046875 0.044921875
2 0.240625 0.474609375 0.025 0.02734375
2 0.546875 0.455078125 0.021875 0.015625
2 0.32890625 0.470703125 0.0234375 0.03515625
2 0.21953125 0.47265625 0.0203125 0.03125
