2 0.9875 0.654296875 0.021875 0.16796875
2 0.88515625 0.5498046875 0.2265625 0.212890625
2 0.775 0.5146484375 0.13125 0.138671875
2 0.73046875 0.4912109375 0.0984375 0.107421875
2 0.69140625 0.4697265625 0.0890625 0.091796875
2 0.63671875 0.466796875 0.0234375 0.05859375
2 0.6265625 0.453125 0.01875 0.02734375
2 0.58203125 0.455078125 0.0140625 0.01171875
2 0.55546875 0.458984375 0.0234375 0.0234375
2 0.525 0.4541015625 0.021875 0.025390625
0 0.503125 0.4521484375 0.00625 0.021484375
2 0.3640625 0.466796875 0.03125 0.0234375
2 0.3515625 0.45703125 0.01875 0.015625
2 0.33046875 0.4697265625 0.0359375 0.033203125
2 0.27421875 0.4873046875 0.0203125 0.025390625
2 0.24609375 0.4736328125 0.0234375 0.025390625
2 0.0171875 0.490234375 0.034375 0.05859375
2 0.07578125 0.482421875 0.0453125 0.0390625
9 0.52890625 0.3681640625 0.0046875 0.017578125
9 0.5828125 0.3623046875 0.00625 0.021484375
11 0.5453125 0.3583984375 0.009375 0.013671875
11 0.625 0.373046875 0.028125 0.01171875
11 0.8609375 0.3603515625 0.025 0.041015625
11 0.39375 0.3896484375 0.0125 0.021484375
9 0.3890625 0.4130859375 0.00625 0.005859375
9 0.403125 0.4130859375 0.00625 0.005859375
11 0.37109375 0.4443359375 0.0078125 0.009765625
0 0.203125 0.470703125 0.009375 0.03515625
0 0.41171875 0.4638671875 0.0078125 0.033203125
0 0.30078125 0.4677734375 0.0078125 0.048828125
2 0.9875 0.654296875 0.021875 0.16796875
2 0.88515625 0.5498046875 0.2265625 0.212890625
2 0.775 0.5146484375 0.13125 0.138671875
2 0.73046875 0.4912109375 0.0984375 0.107421875
2 0.69140625 0.4697265625 0.0890625 0.091796875
2 0.63671875 0.466796875 0.0234375 0.05859375
2 0.6265625 0.453125 0.01875 0.02734375
2 0.58203125 0.455078125 0.0140625 0.01171875
2 0.55546875 0.458984375 0.0234375 0.0234375
2 0.525 0.4541015625 0.021875 0.025390625
0 0.503125 0.4521484375 0.00625 0.021484375
2 0.3640625 0.466796875 0.03125 0.0234375
2 0.3515625 0.45703125 0.01875 0.015625
2 0.33046875 0.4697265625 0.0359375 0.033203125
2 0.27421875 0.4873046875 0.0203125 0.025390625
2 0.24609375 0.4736328125 0.0234375 0.025390625
2 0.0171875 0.490234375 0.034375 0.05859375
2 0.07578125 0.482421875 0.0453125 0.0390625
9 0.52890625 0.3681640625 0.0046875 0.017578125
9 0.5828125 0.3623046875 0.00625 0.021484375
11 0.5453125 0.3583984375 0.009375 0.013671875
11 0.625 0.373046875 0.028125 0.01171875
11 0.8609375 0.3603515625 0.025 0.041015625
11 0.39375 0.3896484375 0.0125 0.021484375
9 0.3890625 0.4130859375 0.00625 0.005859375
9 0.403125 0.4130859375 0.00625 0.005859375
11 0.37109375 0.4443359375 0.0078125 0.009765625
0 0.203125 0.470703125 0.009375 0.03515625
0 0.41171875 0.4638671875 0.0078125 0.033203125
0 0.30078125 0.4677734375 0.0078125 0.048828125
