2 0.58671875 0.353515625 0.0390625 0.04296875
2 0.53203125 0.361328125 0.0296875 0.02734375
7 0.53828125 0.337890625 0.0171875 0.0234375
7 0.51484375 0.3466796875 0.0109375 0.017578125
2 0.48828125 0.3515625 0.0171875 0.01953125
2 0.503125 0.3515625 0.009375 0.0078125
7 0.16015625 0.349609375 0.0796875 0.0546875
2 0.22109375 0.359375 0.0234375 0.015625
2 0.2453125 0.357421875 0.025 0.01953125
2 0.31015625 0.3525390625 0.0171875 0.013671875
2 0.33984375 0.3515625 0.0140625 0.01171875
2 0.35703125 0.3515625 0.0109375 0.0078125
2 0.378125 0.3505859375 0.0125 0.009765625
2 0.39921875 0.3505859375 0.0078125 0.005859375
2 0.2796875 0.3564453125 0.0125 0.009765625
2 0.58671875 0.353515625 0.0390625 0.04296875
2 0.53203125 0.361328125 0.0296875 0.02734375
7 0.53828125 0.337890625 0.0171875 0.0234375
7 0.51484375 0.3466796875 0.0109375 0.017578125
2 0.48828125 0.3515625 0.0171875 0.01953125
2 0.503125 0.3515625 0.009375 0.0078125
7 0.16015625 0.349609375 0.0796875 0.0546875
2 0.22109375 0.359375 0.0234375 0.015625
2 0.2453125 0.357421875 0.025 0.01953125
2 0.31015625 0.3525390625 0.0171875 0.013671875
2 0.33984375 0.3515625 0.0140625 0.01171875
2 0.35703125 0.3515625 0.0109375 0.0078125
2 0.378125 0.3505859375 0.0125 0.009765625
2 0.39921875 0.3505859375 0.0078125 0.005859375
2 0.2796875 0.3564453125 0.0125 0.009765625
