2 0.69765625 0.3984375 0.1515625 0.140625
2 0.61796875 0.35546875 0.0515625 0.05859375
2 0.5390625 0.357421875 0.03125 0.03125
7 0.52421875 0.337890625 0.0171875 0.02734375
7 0.5 0.337890625 0.009375 0.01171875
2 0.50390625 0.3466796875 0.0109375 0.009765625
2 0.490625 0.349609375 0.01875 0.01953125
2 0.11796875 0.375 0.0484375 0.03515625
7 0.31328125 0.3427734375 0.0296875 0.037109375
2 0.31640625 0.3544921875 0.0171875 0.013671875
2 0.33984375 0.3525390625 0.0171875 0.013671875
2 0.37421875 0.34765625 0.0140625 0.015625
2 0.39765625 0.345703125 0.0109375 0.01171875
2 0.40703125 0.34765625 0.0078125 0.0078125
7 0.3515625 0.3369140625 0.025 0.017578125
2 0.35390625 0.349609375 0.0109375 0.01171875
2 0.42109375 0.345703125 0.0078125 0.0078125
2 0.3859375 0.3466796875 0.009375 0.009765625
2 0.69765625 0.3984375 0.1515625 0.140625
2 0.61796875 0.35546875 0.0515625 0.05859375
2 0.5390625 0.357421875 0.03125 0.03125
7 0.52421875 0.337890625 0.0171875 0.02734375
7 0.5 0.337890625 0.009375 0.01171875
2 0.50390625 0.3466796875 0.0109375 0.009765625
2 0.490625 0.349609375 0.01875 0.01953125
2 0.11796875 0.375 0.0484375 0.03515625
7 0.31328125 0.3427734375 0.0296875 0.037109375
2 0.31640625 0.3544921875 0.0171875 0.013671875
2 0.33984375 0.3525390625 0.0171875 0.013671875
2 0.37421875 0.34765625 0.0140625 0.015625
2 0.39765625 0.345703125 0.0109375 0.01171875
2 0.40703125 0.34765625 0.0078125 0.0078125
7 0.3515625 0.3369140625 0.025 0.017578125
2 0.35390625 0.349609375 0.0109375 0.01171875
2 0.42109375 0.345703125 0.0078125 0.0078125
2 0.3859375 0.3466796875 0.009375 0.009765625
