2 0.9578125 0.62890625 0.08125 0.21875
2 0.884375 0.5517578125 0.228125 0.216796875
2 0.78671875 0.5078125 0.1359375 0.14453125
2 0.72890625 0.4794921875 0.1015625 0.130859375
2 0.65 0.47265625 0.028125 0.0703125
2 0.6328125 0.4541015625 0.025 0.029296875
2 0.571875 0.455078125 0.009375 0.01171875
2 0.5546875 0.455078125 0.015625 0.01171875
2 0.521875 0.4521484375 0.01875 0.021484375
0 0.49921875 0.4541015625 0.0078125 0.025390625
2 0.33828125 0.470703125 0.0265625 0.02734375
2 0.3203125 0.470703125 0.021875 0.02734375
2 0.02421875 0.490234375 0.0484375 0.046875
9 0.525 0.359375 0.00625 0.01953125
9 0.5828125 0.3564453125 0.00625 0.021484375
11 0.5421875 0.353515625 0.009375 0.015625
11 0.63046875 0.3671875 0.0296875 0.01171875
11 0.971875 0.328125 0.034375 0.0625
11 0.3765625 0.3828125 0.0125 0.01953125
9 0.3703125 0.4130859375 0.00625 0.005859375
9 0.3875 0.4130859375 0.00625 0.005859375
11 0.36171875 0.4482421875 0.0078125 0.009765625
0 0.421875 0.4658203125 0.0125 0.037109375
0 0.18984375 0.482421875 0.0078125 0.04296875
0 0.29609375 0.474609375 0.0203125 0.05078125
0 0.18125 0.4755859375 0.00625 0.029296875
0 0.27890625 0.4765625 0.0171875 0.05078125
0 0.19921875 0.4755859375 0.0078125 0.037109375
9 0.35546875 0.3427734375 0.0078125 0.025390625
9 0.375 0.3515625 0.00625 0.0234375
2 0.66953125 0.4765625 0.0390625 0.09375
2 0.9578125 0.62890625 0.08125 0.21875
2 0.884375 0.5517578125 0.228125 0.216796875
2 0.78671875 0.5078125 0.1359375 0.14453125
2 0.72890625 0.4794921875 0.1015625 0.130859375
2 0.65 0.47265625 0.028125 0.0703125
2 0.6328125 0.4541015625 0.025 0.029296875
2 0.571875 0.455078125 0.009375 0.01171875
2 0.5546875 0.455078125 0.015625 0.01171875
2 0.521875 0.4521484375 0.01875 0.021484375
0 0.49921875 0.4541015625 0.0078125 0.025390625
2 0.33828125 0.470703125 0.0265625 0.02734375
2 0.3203125 0.470703125 0.021875 0.02734375
2 0.02421875 0.490234375 0.0484375 0.046875
9 0.525 0.359375 0.00625 0.01953125
9 0.5828125 0.3564453125 0.00625 0.021484375
11 0.5421875 0.353515625 0.009375 0.015625
11 0.63046875 0.3671875 0.0296875 0.01171875
11 0.971875 0.328125 0.034375 0.0625
11 0.3765625 0.3828125 0.0125 0.01953125
9 0.3703125 0.4130859375 0.00625 0.005859375
9 0.3875 0.4130859375 0.00625 0.005859375
11 0.36171875 0.4482421875 0.0078125 0.009765625
0 0.421875 0.4658203125 0.0125 0.037109375
0 0.18984375 0.482421875 0.0078125 0.04296875
0 0.29609375 0.474609375 0.0203125 0.05078125
0 0.18125 0.4755859375 0.00625 0.029296875
0 0.27890625 0.4765625 0.0171875 0.05078125
0 0.19921875 0.4755859375 0.0078125 0.037109375
9 0.35546875 0.3427734375 0.0078125 0.025390625
9 0.375 0.3515625 0.00625 0.0234375
2 0.66953125 0.4765625 0.0390625 0.09375
