2 0.86015625 0.4560546875 0.2765625 0.275390625
2 0.61171875 0.3515625 0.0453125 0.05078125
2 0.54375 0.3544921875 0.03125 0.029296875
7 0.53046875 0.3369140625 0.0171875 0.029296875
7 0.5046875 0.3369140625 0.009375 0.009765625
2 0.50546875 0.3447265625 0.0109375 0.009765625
2 0.49140625 0.349609375 0.0171875 0.015625
2 0.1109375 0.3720703125 0.05 0.041015625
2 0.3421875 0.3505859375 0.015625 0.013671875
2 0.309375 0.349609375 0.021875 0.0234375
2 0.2484375 0.3583984375 0.025 0.021484375
2 0.01875 0.3828125 0.0375 0.04296875
2 0.371875 0.3486328125 0.009375 0.009765625
2 0.38125 0.3486328125 0.009375 0.009765625
7 0.278125 0.341796875 0.04375 0.04296875
2 0.35859375 0.345703125 0.0109375 0.01171875
2 0.396875 0.3466796875 0.009375 0.009765625
2 0.14296875 0.3681640625 0.0203125 0.029296875
2 0.86015625 0.4560546875 0.2765625 0.275390625
2 0.61171875 0.3515625 0.0453125 0.05078125
2 0.54375 0.3544921875 0.03125 0.029296875
7 0.53046875 0.3369140625 0.0171875 0.029296875
7 0.5046875 0.3369140625 0.009375 0.009765625
2 0.50546875 0.3447265625 0.0109375 0.009765625
2 0.49140625 0.349609375 0.0171875 0.015625
2 0.1109375 0.3720703125 0.05 0.041015625
2 0.3421875 0.3505859375 0.015625 0.013671875
2 0.309375 0.349609375 0.021875 0.0234375
2 0.2484375 0.3583984375 0.025 0.021484375
2 0.01875 0.3828125 0.0375 0.04296875
2 0.371875 0.3486328125 0.009375 0.009765625
2 0.38125 0.3486328125 0.009375 0.009765625
7 0.278125 0.341796875 0.04375 0.04296875
2 0.35859375 0.345703125 0.0109375 0.01171875
2 0.396875 0.3466796875 0.009375 0.009765625
2 0.14296875 0.3681640625 0.0203125 0.029296875
