2 0.78203125 0.4287109375 0.2296875 0.205078125
2 0.61171875 0.3603515625 0.0484375 0.052734375
2 0.5421875 0.3603515625 0.03125 0.025390625
7 0.52734375 0.341796875 0.0171875 0.02734375
7 0.5015625 0.3427734375 0.009375 0.009765625
2 0.503125 0.349609375 0.009375 0.0078125
2 0.490625 0.35546875 0.015625 0.015625
7 0.03828125 0.361328125 0.0765625 0.09765625
2 0.2109375 0.36328125 0.034375 0.03125
2 0.31875 0.3564453125 0.015625 0.017578125
2 0.3546875 0.35546875 0.0125 0.01171875
7 0.2078125 0.3525390625 0.065625 0.052734375
2 0.3859375 0.3525390625 0.009375 0.009765625
2 0.303125 0.357421875 0.015625 0.015625
2 0.37109375 0.3505859375 0.0140625 0.013671875
2 0.346875 0.353515625 0.0125 0.01171875
2 0.2671875 0.361328125 0.021875 0.01953125
2 0.396875 0.3505859375 0.00625 0.005859375
2 0.41328125 0.3505859375 0.0078125 0.005859375
7 0.34921875 0.34375 0.0140625 0.0078125
2 0.78203125 0.4287109375 0.2296875 0.205078125
2 0.61171875 0.3603515625 0.0484375 0.052734375
2 0.5421875 0.3603515625 0.03125 0.025390625
7 0.52734375 0.341796875 0.0171875 0.02734375
7 0.5015625 0.3427734375 0.009375 0.009765625
2 0.503125 0.349609375 0.009375 0.0078125
2 0.490625 0.35546875 0.015625 0.015625
7 0.03828125 0.361328125 0.0765625 0.09765625
2 0.2109375 0.36328125 0.034375 0.03125
2 0.31875 0.3564453125 0.015625 0.017578125
2 0.3546875 0.35546875 0.0125 0.01171875
7 0.2078125 0.3525390625 0.065625 0.052734375
2 0.3859375 0.3525390625 0.009375 0.009765625
2 0.303125 0.357421875 0.015625 0.015625
2 0.37109375 0.3505859375 0.0140625 0.013671875
2 0.346875 0.353515625 0.0125 0.01171875
2 0.2671875 0.361328125 0.021875 0.01953125
2 0.396875 0.3505859375 0.00625 0.005859375
2 0.41328125 0.3505859375 0.0078125 0.005859375
7 0.34921875 0.34375 0.0140625 0.0078125
