2 0.7296875 0.4111328125 0.18125 0.166015625
2 0.6140625 0.359375 0.05 0.0546875
2 0.5421875 0.3603515625 0.03125 0.029296875
7 0.52578125 0.341796875 0.0171875 0.02734375
7 0.5015625 0.33984375 0.009375 0.01171875
2 0.50390625 0.3486328125 0.0109375 0.009765625
2 0.490625 0.3525390625 0.01875 0.021484375
7 0.2328125 0.3486328125 0.065625 0.056640625
2 0.1765625 0.3701171875 0.040625 0.029296875
2 0.24921875 0.3623046875 0.0265625 0.021484375
2 0.3296875 0.353515625 0.021875 0.01953125
2 0.37109375 0.3486328125 0.0109375 0.009765625
2 0.38984375 0.349609375 0.0078125 0.0078125
7 0.30390625 0.345703125 0.0328125 0.03515625
2 0.30625 0.35546875 0.01875 0.015625
2 0.4078125 0.3486328125 0.009375 0.009765625
2 0.35859375 0.3515625 0.0140625 0.01171875
2 0.39921875 0.34765625 0.0078125 0.0078125
2 0.38046875 0.349609375 0.0078125 0.0078125
2 0.7296875 0.4111328125 0.18125 0.166015625
2 0.6140625 0.359375 0.05 0.0546875
2 0.5421875 0.3603515625 0.03125 0.029296875
7 0.52578125 0.341796875 0.0171875 0.02734375
7 0.5015625 0.33984375 0.009375 0.01171875
2 0.50390625 0.3486328125 0.0109375 0.009765625
2 0.490625 0.3525390625 0.01875 0.021484375
7 0.2328125 0.3486328125 0.065625 0.056640625
2 0.1765625 0.3701171875 0.040625 0.029296875
2 0.24921875 0.3623046875 0.0265625 0.021484375
2 0.3296875 0.353515625 0.021875 0.01953125
2 0.37109375 0.3486328125 0.0109375 0.009765625
2 0.38984375 0.349609375 0.0078125 0.0078125
7 0.30390625 0.345703125 0.0328125 0.03515625
2 0.30625 0.35546875 0.01875 0.015625
2 0.4078125 0.3486328125 0.009375 0.009765625
2 0.35859375 0.3515625 0.0140625 0.01171875
2 0.39921875 0.34765625 0.0078125 0.0078125
2 0.38046875 0.349609375 0.0078125 0.0078125
