2 0.709375 0.400390625 0.1625 0.1484375
2 0.61640625 0.3544921875 0.0515625 0.056640625
2 0.540625 0.3583984375 0.03125 0.029296875
7 0.525 0.33984375 0.01875 0.02734375
7 0.5 0.33984375 0.009375 0.01171875
2 0.50390625 0.3466796875 0.0109375 0.009765625
2 0.490625 0.349609375 0.01875 0.01953125
7 0.28515625 0.33984375 0.0328125 0.03515625
2 0.2765625 0.357421875 0.028125 0.01953125
2 0.31328125 0.3544921875 0.0203125 0.017578125
2 0.35859375 0.349609375 0.0171875 0.015625
2 0.3875 0.3466796875 0.009375 0.009765625
2 0.39921875 0.34765625 0.0078125 0.0078125
7 0.33515625 0.33984375 0.0265625 0.015625
2 0.33671875 0.3505859375 0.0171875 0.013671875
2 0.40859375 0.3466796875 0.0078125 0.009765625
2 0.3765625 0.3486328125 0.009375 0.009765625
2 0.709375 0.400390625 0.1625 0.1484375
2 0.61640625 0.3544921875 0.0515625 0.056640625
2 0.540625 0.3583984375 0.03125 0.029296875
7 0.525 0.33984375 0.01875 0.02734375
7 0.5 0.33984375 0.009375 0.01171875
2 0.50390625 0.3466796875 0.0109375 0.009765625
2 0.490625 0.349609375 0.01875 0.01953125
7 0.28515625 0.33984375 0.0328125 0.03515625
2 0.2765625 0.357421875 0.028125 0.01953125
2 0.31328125 0.3544921875 0.0203125 0.017578125
2 0.35859375 0.349609375 0.0171875 0.015625
2 0.3875 0.3466796875 0.009375 0.009765625
2 0.39921875 0.34765625 0.0078125 0.0078125
7 0.33515625 0.33984375 0.0265625 0.015625
2 0.33671875 0.3505859375 0.0171875 0.013671875
2 0.40859375 0.3466796875 0.0078125 0.009765625
2 0.3765625 0.3486328125 0.009375 0.009765625
