2 0.259375 0.6494140625 0.190625 0.154296875
2 0.52109375 0.6328125 0.0203125 0.0234375
7 0.8296875 0.6298828125 0.15 0.181640625
7 0.67734375 0.6240234375 0.0609375 0.080078125
7 0.59609375 0.6240234375 0.0328125 0.052734375
7 0.6265625 0.625 0.028125 0.05078125
2 0.55 0.6318359375 0.0125 0.013671875
7 0.91484375 0.65625 0.1671875 0.21484375
2 0.259375 0.6494140625 0.190625 0.154296875
2 0.52109375 0.6328125 0.0203125 0.0234375
7 0.8296875 0.6298828125 0.15 0.181640625
7 0.67734375 0.6240234375 0.0609375 0.080078125
7 0.59609375 0.6240234375 0.0328125 0.052734375
7 0.6265625 0.625 0.028125 0.05078125
2 0.55 0.6318359375 0.0125 0.013671875
7 0.91484375 0.65625 0.1671875 0.21484375
