2 0.715625 0.4033203125 0.165625 0.154296875
2 0.61484375 0.3583984375 0.0515625 0.056640625
2 0.53984375 0.3603515625 0.0328125 0.029296875
7 0.52578125 0.341796875 0.0171875 0.02734375
7 0.5 0.33984375 0.009375 0.01171875
2 0.50390625 0.3486328125 0.0109375 0.009765625
2 0.4921875 0.3515625 0.01875 0.01953125
7 0.2796875 0.341796875 0.05 0.0390625
2 0.2578125 0.3623046875 0.028125 0.021484375
2 0.30078125 0.3564453125 0.0203125 0.017578125
2 0.35234375 0.3515625 0.0171875 0.015625
2 0.38515625 0.3486328125 0.0109375 0.009765625
2 0.39765625 0.349609375 0.0078125 0.0078125
7 0.32734375 0.3408203125 0.0234375 0.025390625
2 0.33046875 0.3525390625 0.0171875 0.013671875
2 0.4140625 0.3486328125 0.009375 0.009765625
2 0.37265625 0.349609375 0.0109375 0.01171875
2 0.715625 0.4033203125 0.165625 0.154296875
2 0.61484375 0.3583984375 0.0515625 0.056640625
2 0.53984375 0.3603515625 0.0328125 0.029296875
7 0.52578125 0.341796875 0.0171875 0.02734375
7 0.5 0.33984375 0.009375 0.01171875
2 0.50390625 0.3486328125 0.0109375 0.009765625
2 0.4921875 0.3515625 0.01875 0.01953125
7 0.2796875 0.341796875 0.05 0.0390625
2 0.2578125 0.3623046875 0.028125 0.021484375
2 0.30078125 0.3564453125 0.0203125 0.017578125
2 0.35234375 0.3515625 0.0171875 0.015625
2 0.38515625 0.3486328125 0.0109375 0.009765625
2 0.39765625 0.349609375 0.0078125 0.0078125
7 0.32734375 0.3408203125 0.0234375 0.025390625
2 0.33046875 0.3525390625 0.0171875 0.013671875
2 0.4140625 0.3486328125 0.009375 0.009765625
2 0.37265625 0.349609375 0.0109375 0.01171875
