2 0.38515625 0.39453125 0.0734375 0.0703125
2 0.953125 0.5869140625 0.090625 0.193359375
2 0.45234375 0.3779296875 0.0453125 0.041015625
0 0.6703125 0.3720703125 0.01875 0.056640625
2 0.471875 0.357421875 0.009375 0.01171875
2 0.5171875 0.369140625 0.021875 0.0234375
2 0.48203125 0.3583984375 0.0109375 0.013671875
0 0.69453125 0.3740234375 0.0171875 0.052734375
0 0.94140625 0.3935546875 0.0203125 0.111328125
2 0.5015625 0.357421875 0.009375 0.01171875
9 0.43828125 0.298828125 0.0078125 0.01953125
9 0.39921875 0.30078125 0.0078125 0.01953125
11 0.13203125 0.4501953125 0.0140625 0.072265625
11 0.97109375 0.193359375 0.0546875 0.015625
11 0.97109375 0.2109375 0.0546875 0.015625
11 0.9703125 0.23046875 0.05625 0.015625
11 0.971875 0.2470703125 0.053125 0.013671875
11 0.3546875 0.3037109375 0.015625 0.017578125
2 0.3203125 0.3740234375 0.01875 0.025390625
2 0.41015625 0.3603515625 0.0109375 0.013671875
2 0.3078125 0.376953125 0.015625 0.02734375
2 0.296875 0.3798828125 0.01875 0.029296875
2 0.278125 0.3818359375 0.025 0.029296875
2 0.08125 0.431640625 0.1625 0.1328125
2 0.2515625 0.3857421875 0.021875 0.029296875
2 0.2328125 0.3876953125 0.025 0.033203125
2 0.196875 0.3876953125 0.05625 0.044921875
0 0.91328125 0.392578125 0.0296875 0.11328125
2 0.4375 0.3603515625 0.0125 0.013671875
0 0.1765625 0.373046875 0.009375 0.015625
0 0.596875 0.3642578125 0.009375 0.025390625
9 0.4484375 0.30859375 0.00625 0.015625
9 0.4734375 0.30859375 0.00625 0.015625
9 0.503125 0.30859375 0.00625 0.015625
2 0.38515625 0.39453125 0.0734375 0.0703125
2 0.953125 0.5869140625 0.090625 0.193359375
2 0.45234375 0.3779296875 0.0453125 0.041015625
0 0.6703125 0.3720703125 0.01875 0.056640625
2 0.471875 0.357421875 0.009375 0.01171875
2 0.5171875 0.369140625 0.021875 0.0234375
2 0.48203125 0.3583984375 0.0109375 0.013671875
0 0.69453125 0.3740234375 0.0171875 0.052734375
0 0.94140625 0.3935546875 0.0203125 0.111328125
2 0.5015625 0.357421875 0.009375 0.01171875
9 0.43828125 0.298828125 0.0078125 0.01953125
9 0.39921875 0.30078125 0.0078125 0.01953125
11 0.13203125 0.4501953125 0.0140625 0.072265625
11 0.97109375 0.193359375 0.0546875 0.015625
11 0.97109375 0.2109375 0.0546875 0.015625
11 0.9703125 0.23046875 0.05625 0.015625
11 0.971875 0.2470703125 0.053125 0.013671875
11 0.3546875 0.3037109375 0.015625 0.017578125
2 0.3203125 0.3740234375 0.01875 0.025390625
2 0.41015625 0.3603515625 0.0109375 0.013671875
2 0.3078125 0.376953125 0.015625 0.02734375
2 0.296875 0.3798828125 0.01875 0.029296875
2 0.278125 0.3818359375 0.025 0.029296875
2 0.08125 0.431640625 0.1625 0.1328125
2 0.2515625 0.3857421875 0.021875 0.029296875
2 0.2328125 0.3876953125 0.025 0.033203125
2 0.196875 0.3876953125 0.05625 0.044921875
0 0.91328125 0.392578125 0.0296875 0.11328125
2 0.4375 0.3603515625 0.0125 0.013671875
0 0.1765625 0.373046875 0.009375 0.015625
0 0.596875 0.3642578125 0.009375 0.025390625
9 0.4484375 0.30859375 0.00625 0.015625
9 0.4734375 0.30859375 0.00625 0.015625
9 0.503125 0.30859375 0.00625 0.015625
