2 0.89140625 0.505859375 0.2140625 0.3671875
2 0.61015625 0.359375 0.0453125 0.05078125
2 0.54453125 0.361328125 0.0296875 0.02734375
7 0.53125 0.3447265625 0.01875 0.029296875
7 0.5046875 0.3427734375 0.009375 0.009765625
2 0.50546875 0.3525390625 0.0109375 0.009765625
2 0.49140625 0.35546875 0.0171875 0.01953125
2 0.2734375 0.36328125 0.025 0.01953125
2 0.190625 0.3662109375 0.040625 0.037109375
2 0.0140625 0.39453125 0.028125 0.0390625
2 0.3359375 0.357421875 0.009375 0.01171875
2 0.346875 0.357421875 0.0125 0.01171875
7 0.15078125 0.3564453125 0.1078125 0.076171875
2 0.32109375 0.353515625 0.0203125 0.0234375
2 0.37890625 0.35546875 0.0109375 0.01171875
2 0.39296875 0.3515625 0.0078125 0.0078125
2 0.40625 0.3505859375 0.00625 0.005859375
2 0.89140625 0.505859375 0.2140625 0.3671875
2 0.61015625 0.359375 0.0453125 0.05078125
2 0.54453125 0.361328125 0.0296875 0.02734375
7 0.53125 0.3447265625 0.01875 0.029296875
7 0.5046875 0.3427734375 0.009375 0.009765625
2 0.50546875 0.3525390625 0.0109375 0.009765625
2 0.49140625 0.35546875 0.0171875 0.01953125
2 0.2734375 0.36328125 0.025 0.01953125
2 0.190625 0.3662109375 0.040625 0.037109375
2 0.0140625 0.39453125 0.028125 0.0390625
2 0.3359375 0.357421875 0.009375 0.01171875
2 0.346875 0.357421875 0.0125 0.01171875
7 0.15078125 0.3564453125 0.1078125 0.076171875
2 0.32109375 0.353515625 0.0203125 0.0234375
2 0.37890625 0.35546875 0.0109375 0.01171875
2 0.39296875 0.3515625 0.0078125 0.0078125
2 0.40625 0.3505859375 0.00625 0.005859375
