2 0.95703125 0.6015625 0.0828125 0.23828125
2 0.684375 0.4462890625 0.046875 0.044921875
2 0.5859375 0.4443359375 0.0125 0.013671875
2 0.52265625 0.4453125 0.0203125 0.01953125
0 0.48671875 0.4453125 0.0078125 0.02734375
9 0.50859375 0.28125 0.0140625 0.04296875
9 0.6140625 0.275390625 0.0125 0.04296875
11 0.540625 0.2685546875 0.01875 0.029296875
11 0.7015625 0.29296875 0.05625 0.0234375
11 0.2296875 0.3154296875 0.025 0.033203125
9 0.2171875 0.3720703125 0.009375 0.009765625
9 0.25234375 0.3701171875 0.0078125 0.009765625
0 0.571875 0.4677734375 0.01875 0.068359375
0 0.2359375 0.515625 0.05 0.15625
0 0.16796875 0.5205078125 0.0359375 0.166015625
9 0.1296875 0.2109375 0.015625 0.0546875
9 0.2109375 0.2421875 0.0125 0.0390625
2 0.26875 0.4580078125 0.03125 0.033203125
11 0.23203125 0.38671875 0.0359375 0.01171875
0 0.040625 0.50390625 0.04375 0.1328125
2 0.13671875 0.478515625 0.0421875 0.0390625
2 0.32421875 0.45703125 0.0359375 0.03125
2 0.01484375 0.48828125 0.0296875 0.046875
11 0.98984375 0.3515625 0.0171875 0.05859375
11 0.9796875 0.3046875 0.0375 0.02734375
9 0.93671875 0.279296875 0.0234375 0.03125
11 0.74140625 0.337890625 0.0171875 0.03515625
2 0.08671875 0.4814453125 0.0578125 0.044921875
0 0.86953125 0.4609375 0.0203125 0.08203125
2 0.465625 0.4345703125 0.015625 0.017578125
2 0.40234375 0.44921875 0.0328125 0.0234375
0 0.87578125 0.44140625 0.0171875 0.05859375
2 0.83984375 0.4248046875 0.0328125 0.021484375
2 0.28984375 0.458984375 0.0171875 0.01953125
0 0.0625 0.4580078125 0.0125 0.025390625
2 0.8125 0.4296875 0.01875 0.015625
2 0.95703125 0.6015625 0.0828125 0.23828125
2 0.684375 0.4462890625 0.046875 0.044921875
2 0.5859375 0.4443359375 0.0125 0.013671875
2 0.52265625 0.4453125 0.0203125 0.01953125
0 0.48671875 0.4453125 0.0078125 0.02734375
9 0.50859375 0.28125 0.0140625 0.04296875
9 0.6140625 0.275390625 0.0125 0.04296875
11 0.540625 0.2685546875 0.01875 0.029296875
11 0.7015625 0.29296875 0.05625 0.0234375
11 0.2296875 0.3154296875 0.025 0.033203125
9 0.2171875 0.3720703125 0.009375 0.009765625
9 0.25234375 0.3701171875 0.0078125 0.009765625
0 0.571875 0.4677734375 0.01875 0.068359375
0 0.2359375 0.515625 0.05 0.15625
0 0.16796875 0.5205078125 0.0359375 0.166015625
9 0.1296875 0.2109375 0.015625 0.0546875
9 0.2109375 0.2421875 0.0125 0.0390625
2 0.26875 0.4580078125 0.03125 0.033203125
11 0.23203125 0.38671875 0.0359375 0.01171875
0 0.040625 0.50390625 0.04375 0.1328125
2 0.13671875 0.478515625 0.0421875 0.0390625
2 0.32421875 0.45703125 0.0359375 0.03125
2 0.01484375 0.48828125 0.0296875 0.046875
11 0.98984375 0.3515625 0.0171875 0.05859375
11 0.9796875 0.3046875 0.0375 0.02734375
9 0.93671875 0.279296875 0.0234375 0.03125
11 0.74140625 0.337890625 0.0171875 0.03515625
2 0.08671875 0.4814453125 0.0578125 0.044921875
0 0.86953125 0.4609375 0.0203125 0.08203125
2 0.465625 0.4345703125 0.015625 0.017578125
2 0.40234375 0.44921875 0.0328125 0.0234375
0 0.87578125 0.44140625 0.0171875 0.05859375
2 0.83984375 0.4248046875 0.0328125 0.021484375
2 0.28984375 0.458984375 0.0171875 0.01953125
0 0.0625 0.4580078125 0.0125 0.025390625
2 0.8125 0.4296875 0.01875 0.015625
