2 0.58515625 0.349609375 0.0390625 0.04296875
2 0.53203125 0.3515625 0.0296875 0.02734375
7 0.53671875 0.33203125 0.0171875 0.0234375
7 0.51640625 0.3388671875 0.0109375 0.017578125
2 0.48671875 0.345703125 0.0171875 0.01953125
2 0.503125 0.34375 0.009375 0.0078125
2 0.065625 0.36328125 0.05 0.03125
7 0.2203125 0.3388671875 0.059375 0.044921875
2 0.271875 0.3466796875 0.01875 0.013671875
2 0.28984375 0.3447265625 0.0140625 0.013671875
2 0.33515625 0.3427734375 0.0109375 0.009765625
2 0.35703125 0.341796875 0.0109375 0.0078125
2 0.37265625 0.3427734375 0.0078125 0.005859375
2 0.38828125 0.3408203125 0.0078125 0.005859375
2 0.403125 0.3427734375 0.00625 0.005859375
2 0.58515625 0.349609375 0.0390625 0.04296875
2 0.53203125 0.3515625 0.0296875 0.02734375
7 0.53671875 0.33203125 0.0171875 0.0234375
7 0.51640625 0.3388671875 0.0109375 0.017578125
2 0.48671875 0.345703125 0.0171875 0.01953125
2 0.503125 0.34375 0.009375 0.0078125
2 0.065625 0.36328125 0.05 0.03125
7 0.2203125 0.3388671875 0.059375 0.044921875
2 0.271875 0.3466796875 0.01875 0.013671875
2 0.28984375 0.3447265625 0.0140625 0.013671875
2 0.33515625 0.3427734375 0.0109375 0.009765625
2 0.35703125 0.341796875 0.0109375 0.0078125
2 0.37265625 0.3427734375 0.0078125 0.005859375
2 0.38828125 0.3408203125 0.0078125 0.005859375
2 0.403125 0.3427734375 0.00625 0.005859375
