2 0.9734375 0.6005859375 0.05 0.228515625
2 0.8703125 0.4755859375 0.25625 0.275390625
3 0.62578125 0.41015625 0.0578125 0.0703125
3 0.6484375 0.4248046875 0.06875 0.060546875
0 0.60390625 0.36328125 0.0109375 0.0390625
0 0.58125 0.3671875 0.009375 0.04296875
0 0.54921875 0.3642578125 0.0109375 0.033203125
2 0.06640625 0.435546875 0.1328125 0.1484375
2 0.309375 0.3837890625 0.05625 0.056640625
2 0.4046875 0.3779296875 0.040625 0.041015625
2 0.428125 0.3681640625 0.025 0.029296875
2 0.44453125 0.3671875 0.0171875 0.0234375
2 0.47265625 0.3720703125 0.0359375 0.037109375
2 0.525 0.369140625 0.025 0.02734375
2 0.51484375 0.3681640625 0.0203125 0.025390625
11 0.36796875 0.24609375 0.0171875 0.0234375
11 0.86015625 0.271484375 0.0390625 0.0625
9 0.44453125 0.2490234375 0.0078125 0.025390625
9 0.45390625 0.248046875 0.0078125 0.0234375
9 0.43515625 0.2490234375 0.0078125 0.025390625
9 0.275 0.236328125 0.009375 0.02734375
9 0.26484375 0.236328125 0.0109375 0.02734375
9 0.575 0.3115234375 0.00625 0.009765625
9 0.25390625 0.236328125 0.0109375 0.02734375
2 0.37265625 0.365234375 0.0203125 0.02734375
3 0.72265625 0.447265625 0.0765625 0.09765625
2 0.26796875 0.3818359375 0.0328125 0.029296875
0 0.6796875 0.37109375 0.021875 0.0234375
0 0.628125 0.36328125 0.009375 0.03125
2 0.48515625 0.3671875 0.0234375 0.03125
2 0.14921875 0.4052734375 0.0703125 0.064453125
2 0.39375 0.3671875 0.025 0.02734375
9 0.4625 0.3173828125 0.00625 0.013671875
0 0.25 0.369140625 0.009375 0.01953125
11 0.73046875 0.2646484375 0.0578125 0.013671875
11 0.73125 0.2783203125 0.05625 0.013671875
11 0.728125 0.291015625 0.05625 0.01171875
0 0.778125 0.37109375 0.01875 0.05078125
0 0.10859375 0.3798828125 0.0078125 0.017578125
3 0.35546875 0.375 0.0109375 0.01953125
2 0.9734375 0.6005859375 0.05 0.228515625
2 0.8703125 0.4755859375 0.25625 0.275390625
3 0.62578125 0.41015625 0.0578125 0.0703125
3 0.6484375 0.4248046875 0.06875 0.060546875
0 0.60390625 0.36328125 0.0109375 0.0390625
0 0.58125 0.3671875 0.009375 0.04296875
0 0.54921875 0.3642578125 0.0109375 0.033203125
2 0.06640625 0.435546875 0.1328125 0.1484375
2 0.309375 0.3837890625 0.05625 0.056640625
2 0.4046875 0.3779296875 0.040625 0.041015625
2 0.428125 0.3681640625 0.025 0.029296875
2 0.44453125 0.3671875 0.0171875 0.0234375
2 0.47265625 0.3720703125 0.0359375 0.037109375
2 0.525 0.369140625 0.025 0.02734375
2 0.51484375 0.3681640625 0.0203125 0.025390625
11 0.36796875 0.24609375 0.0171875 0.0234375
11 0.86015625 0.271484375 0.0390625 0.0625
9 0.44453125 0.2490234375 0.0078125 0.025390625
9 0.45390625 0.248046875 0.0078125 0.0234375
9 0.43515625 0.2490234375 0.0078125 0.025390625
9 0.275 0.236328125 0.009375 0.02734375
9 0.26484375 0.236328125 0.0109375 0.02734375
9 0.575 0.3115234375 0.00625 0.009765625
9 0.25390625 0.236328125 0.0109375 0.02734375
2 0.37265625 0.365234375 0.0203125 0.02734375
3 0.72265625 0.447265625 0.0765625 0.09765625
2 0.26796875 0.3818359375 0.0328125 0.029296875
0 0.6796875 0.37109375 0.021875 0.0234375
0 0.628125 0.36328125 0.009375 0.03125
2 0.48515625 0.3671875 0.0234375 0.03125
2 0.14921875 0.4052734375 0.0703125 0.064453125
2 0.39375 0.3671875 0.025 0.02734375
9 0.4625 0.3173828125 0.00625 0.013671875
0 0.25 0.369140625 0.009375 0.01953125
11 0.73046875 0.2646484375 0.0578125 0.013671875
11 0.73125 0.2783203125 0.05625 0.013671875
11 0.728125 0.291015625 0.05625 0.01171875
0 0.778125 0.37109375 0.01875 0.05078125
0 0.10859375 0.3798828125 0.0078125 0.017578125
3 0.35546875 0.375 0.0109375 0.01953125
