9 0.48203125 0.296875 0.0109375 0.0390625
9 0.63984375 0.296875 0.0109375 0.0390625
11 0.725 0.310546875 0.05625 0.0234375
0 0.60078125 0.4765625 0.0140625 0.05859375
2 0.446875 0.47265625 0.08125 0.0546875
2 0.353125 0.470703125 0.065625 0.0390625
2 0.09296875 0.62890625 0.1859375 0.32421875
2 0.21796875 0.46875 0.0734375 0.0625
11 0.01171875 0.37109375 0.0234375 0.09375
9 0.97109375 0.2099609375 0.0234375 0.060546875
9 0.92578125 0.2314453125 0.0203125 0.052734375
9 0.7796875 0.3828125 0.009375 0.015625
2 0.30859375 0.4697265625 0.0453125 0.037109375
2 0.9015625 0.6845703125 0.19375 0.345703125
0 0.26796875 0.44921875 0.0078125 0.01171875
10 0.57734375 0.484375 0.0109375 0.03125
2 0.271875 0.46875 0.034375 0.03125
9 0.17578125 0.4033203125 0.0078125 0.013671875
9 0.11953125 0.2958984375 0.0140625 0.033203125
9 0.08359375 0.287109375 0.0140625 0.0390625
11 0.16171875 0.33203125 0.0203125 0.01953125
11 0.17265625 0.3720703125 0.0140625 0.037109375
2 0.16640625 0.4658203125 0.0359375 0.037109375
9 0.48203125 0.296875 0.0109375 0.0390625
9 0.63984375 0.296875 0.0109375 0.0390625
11 0.725 0.310546875 0.05625 0.0234375
0 0.60078125 0.4765625 0.0140625 0.05859375
2 0.446875 0.47265625 0.08125 0.0546875
2 0.353125 0.470703125 0.065625 0.0390625
2 0.09296875 0.62890625 0.1859375 0.32421875
2 0.21796875 0.46875 0.0734375 0.0625
11 0.01171875 0.37109375 0.0234375 0.09375
9 0.97109375 0.2099609375 0.0234375 0.060546875
9 0.92578125 0.2314453125 0.0203125 0.052734375
9 0.7796875 0.3828125 0.009375 0.015625
2 0.30859375 0.4697265625 0.0453125 0.037109375
2 0.9015625 0.6845703125 0.19375 0.345703125
0 0.26796875 0.44921875 0.0078125 0.01171875
10 0.57734375 0.484375 0.0109375 0.03125
2 0.271875 0.46875 0.034375 0.03125
9 0.17578125 0.4033203125 0.0078125 0.013671875
9 0.11953125 0.2958984375 0.0140625 0.033203125
9 0.08359375 0.287109375 0.0140625 0.0390625
11 0.16171875 0.33203125 0.0203125 0.01953125
11 0.17265625 0.3720703125 0.0140625 0.037109375
2 0.16640625 0.4658203125 0.0359375 0.037109375
