2 0.59375 0.35546875 0.04375 0.046875
2 0.53671875 0.3603515625 0.0296875 0.029296875
7 0.528125 0.3427734375 0.01875 0.029296875
7 0.509375 0.345703125 0.009375 0.015625
2 0.48359375 0.3544921875 0.0171875 0.017578125
2 0.0515625 0.3896484375 0.059375 0.044921875
2 0.21328125 0.36328125 0.0390625 0.03125
2 0.28984375 0.3603515625 0.0171875 0.017578125
2 0.3234375 0.3525390625 0.009375 0.009765625
2 0.18515625 0.3681640625 0.0265625 0.029296875
2 0.2734375 0.361328125 0.015625 0.015625
2 0.34140625 0.3515625 0.0078125 0.0078125
2 0.59375 0.35546875 0.04375 0.046875
2 0.53671875 0.3603515625 0.0296875 0.029296875
7 0.528125 0.3427734375 0.01875 0.029296875
7 0.509375 0.345703125 0.009375 0.015625
2 0.48359375 0.3544921875 0.0171875 0.017578125
2 0.0515625 0.3896484375 0.059375 0.044921875
2 0.21328125 0.36328125 0.0390625 0.03125
2 0.28984375 0.3603515625 0.0171875 0.017578125
2 0.3234375 0.3525390625 0.009375 0.009765625
2 0.18515625 0.3681640625 0.0265625 0.029296875
2 0.2734375 0.361328125 0.015625 0.015625
2 0.34140625 0.3515625 0.0078125 0.0078125
