2 0.6 0.35546875 0.04375 0.046875
2 0.540625 0.3583984375 0.03125 0.029296875
7 0.5296875 0.3427734375 0.01875 0.029296875
7 0.50703125 0.3447265625 0.0109375 0.017578125
2 0.48828125 0.353515625 0.0171875 0.01953125
2 0.08671875 0.384765625 0.0578125 0.0390625
2 0.034375 0.3759765625 0.06875 0.064453125
2 0.2703125 0.3642578125 0.025 0.021484375
2 0.3203125 0.3564453125 0.021875 0.021484375
2 0.35390625 0.3544921875 0.0109375 0.009765625
2 0.23203125 0.3662109375 0.0203125 0.017578125
2 0.36484375 0.3515625 0.0109375 0.0078125
2 0.29765625 0.359375 0.0203125 0.01953125
2 0.14296875 0.3720703125 0.0390625 0.033203125
2 0.33984375 0.357421875 0.0109375 0.01171875
2 0.37578125 0.3505859375 0.0078125 0.005859375
2 0.6 0.35546875 0.04375 0.046875
2 0.540625 0.3583984375 0.03125 0.029296875
7 0.5296875 0.3427734375 0.01875 0.029296875
7 0.50703125 0.3447265625 0.0109375 0.017578125
2 0.48828125 0.353515625 0.0171875 0.01953125
2 0.08671875 0.384765625 0.0578125 0.0390625
2 0.034375 0.3759765625 0.06875 0.064453125
2 0.2703125 0.3642578125 0.025 0.021484375
2 0.3203125 0.3564453125 0.021875 0.021484375
2 0.35390625 0.3544921875 0.0109375 0.009765625
2 0.23203125 0.3662109375 0.0203125 0.017578125
2 0.36484375 0.3515625 0.0109375 0.0078125
2 0.29765625 0.359375 0.0203125 0.01953125
2 0.14296875 0.3720703125 0.0390625 0.033203125
2 0.33984375 0.357421875 0.0109375 0.01171875
2 0.37578125 0.3505859375 0.0078125 0.005859375
