2 0.9046875 0.52734375 0.1875 0.3515625
2 0.28515625 0.419921875 0.1234375 0.109375
2 0.5578125 0.3740234375 0.0375 0.041015625
2 0.4984375 0.4150390625 0.1125 0.111328125
2 0.4015625 0.376953125 0.053125 0.05078125
2 0.30625 0.3671875 0.05625 0.04296875
2 0.2140625 0.380859375 0.05 0.05078125
2 0.45390625 0.3564453125 0.0203125 0.021484375
2 0.3390625 0.3681640625 0.025 0.033203125
3 0.453125 0.3671875 0.009375 0.01953125
0 0.453125 0.3603515625 0.009375 0.021484375
0 0.425 0.357421875 0.009375 0.01953125
3 0.425 0.3623046875 0.009375 0.017578125
9 0.44296875 0.18359375 0.0140625 0.046875
9 0.42578125 0.18359375 0.0140625 0.046875
9 0.41015625 0.18359375 0.0140625 0.046875
0 0.74921875 0.3779296875 0.0203125 0.072265625
0 0.771875 0.373046875 0.01875 0.0703125
9 0.23359375 0.2119140625 0.0109375 0.037109375
9 0.246875 0.2109375 0.0125 0.03515625
9 0.21953125 0.2119140625 0.0140625 0.037109375
0 0.18359375 0.37109375 0.0109375 0.03515625
0 0.15234375 0.3798828125 0.0171875 0.033203125
0 0.5703125 0.3525390625 0.009375 0.021484375
2 0.54296875 0.3623046875 0.0296875 0.037109375
11 0.17109375 0.3388671875 0.0078125 0.009765625
11 0.17109375 0.3525390625 0.0078125 0.009765625
2 0.43359375 0.3583984375 0.0140625 0.017578125
0 0.265625 0.357421875 0.009375 0.01953125
2 0.375 0.3603515625 0.015625 0.017578125
11 0.878125 0.26953125 0.0625 0.0234375
11 0.90234375 0.2451171875 0.1140625 0.021484375
11 0.90234375 0.2177734375 0.1140625 0.021484375
11 0.9015625 0.19140625 0.1125 0.0234375
2 0.496875 0.3544921875 0.025 0.013671875
2 0.521875 0.357421875 0.015625 0.015625
0 0.246875 0.359375 0.009375 0.01953125
0 0.259375 0.3583984375 0.009375 0.017578125
0 0.1703125 0.373046875 0.009375 0.03125
2 0.46953125 0.3564453125 0.0140625 0.017578125
0 0.79375 0.39453125 0.025 0.07421875
2 0.9046875 0.52734375 0.1875 0.3515625
2 0.28515625 0.419921875 0.1234375 0.109375
2 0.5578125 0.3740234375 0.0375 0.041015625
2 0.4984375 0.4150390625 0.1125 0.111328125
2 0.4015625 0.376953125 0.053125 0.05078125
2 0.30625 0.3671875 0.05625 0.04296875
2 0.2140625 0.380859375 0.05 0.05078125
2 0.45390625 0.3564453125 0.0203125 0.021484375
2 0.3390625 0.3681640625 0.025 0.033203125
3 0.453125 0.3671875 0.009375 0.01953125
0 0.453125 0.3603515625 0.009375 0.021484375
0 0.425 0.357421875 0.009375 0.01953125
3 0.425 0.3623046875 0.009375 0.017578125
9 0.44296875 0.18359375 0.0140625 0.046875
9 0.42578125 0.18359375 0.0140625 0.046875
9 0.41015625 0.18359375 0.0140625 0.046875
0 0.74921875 0.3779296875 0.0203125 0.072265625
0 0.771875 0.373046875 0.01875 0.0703125
9 0.23359375 0.2119140625 0.0109375 0.037109375
9 0.246875 0.2109375 0.0125 0.03515625
9 0.21953125 0.2119140625 0.0140625 0.037109375
0 0.18359375 0.37109375 0.0109375 0.03515625
0 0.15234375 0.3798828125 0.0171875 0.033203125
0 0.5703125 0.3525390625 0.009375 0.021484375
2 0.54296875 0.3623046875 0.0296875 0.037109375
11 0.17109375 0.3388671875 0.0078125 0.009765625
11 0.17109375 0.3525390625 0.0078125 0.009765625
2 0.43359375 0.3583984375 0.0140625 0.017578125
0 0.265625 0.357421875 0.009375 0.01953125
2 0.375 0.3603515625 0.015625 0.017578125
11 0.878125 0.26953125 0.0625 0.0234375
11 0.90234375 0.2451171875 0.1140625 0.021484375
11 0.90234375 0.2177734375 0.1140625 0.021484375
11 0.9015625 0.19140625 0.1125 0.0234375
2 0.496875 0.3544921875 0.025 0.013671875
2 0.521875 0.357421875 0.015625 0.015625
0 0.246875 0.359375 0.009375 0.01953125
0 0.259375 0.3583984375 0.009375 0.017578125
0 0.1703125 0.373046875 0.009375 0.03125
2 0.46953125 0.3564453125 0.0140625 0.017578125
0 0.79375 0.39453125 0.025 0.07421875
