9 0.51015625 0.3369140625 0.0078125 0.029296875
9 0.62734375 0.3330078125 0.0078125 0.029296875
11 0.690625 0.3427734375 0.040625 0.017578125
0 0.6 0.46484375 0.009375 0.04296875
0 0.5140625 0.4638671875 0.009375 0.037109375
2 0.48125 0.46484375 0.0625 0.04296875
2 0.40390625 0.4658203125 0.0546875 0.033203125
2 0.34375 0.5146484375 0.115625 0.115234375
2 0.25703125 0.556640625 0.1890625 0.13671875
2 0.303125 0.4638671875 0.053125 0.044921875
2 0.17734375 0.4912109375 0.1203125 0.080078125
2 0.0421875 0.6748046875 0.084375 0.251953125
11 0.28984375 0.4140625 0.0359375 0.05078125
9 0.83125 0.2900390625 0.015625 0.041015625
9 0.8125 0.2958984375 0.0125 0.041015625
9 0.73046875 0.396484375 0.0046875 0.01171875
11 0.86796875 0.291015625 0.0234375 0.03125
11 0.0890625 0.3740234375 0.0375 0.060546875
11 0.17890625 0.423828125 0.0109375 0.01171875
9 0.19140625 0.3955078125 0.0109375 0.025390625
2 0.1375 0.5068359375 0.09375 0.072265625
9 0.1734375 0.3974609375 0.0125 0.037109375
2 0.1328125 0.517578125 0.053125 0.0625
2 0.059375 0.513671875 0.11875 0.12109375
2 0.25859375 0.46875 0.0296875 0.03515625
9 0.51015625 0.3369140625 0.0078125 0.029296875
9 0.62734375 0.3330078125 0.0078125 0.029296875
11 0.690625 0.3427734375 0.040625 0.017578125
0 0.6 0.46484375 0.009375 0.04296875
0 0.5140625 0.4638671875 0.009375 0.037109375
2 0.48125 0.46484375 0.0625 0.04296875
2 0.40390625 0.4658203125 0.0546875 0.033203125
2 0.34375 0.5146484375 0.115625 0.115234375
2 0.25703125 0.556640625 0.1890625 0.13671875
2 0.303125 0.4638671875 0.053125 0.044921875
2 0.17734375 0.4912109375 0.1203125 0.080078125
2 0.0421875 0.6748046875 0.084375 0.251953125
11 0.28984375 0.4140625 0.0359375 0.05078125
9 0.83125 0.2900390625 0.015625 0.041015625
9 0.8125 0.2958984375 0.0125 0.041015625
9 0.73046875 0.396484375 0.0046875 0.01171875
11 0.86796875 0.291015625 0.0234375 0.03125
11 0.0890625 0.3740234375 0.0375 0.060546875
11 0.17890625 0.423828125 0.0109375 0.01171875
9 0.19140625 0.3955078125 0.0109375 0.025390625
2 0.1375 0.5068359375 0.09375 0.072265625
9 0.1734375 0.3974609375 0.0125 0.037109375
2 0.1328125 0.517578125 0.053125 0.0625
2 0.059375 0.513671875 0.11875 0.12109375
2 0.25859375 0.46875 0.0296875 0.03515625
