9 0.73359375 0.01953125 0.0359375 0.0390625
2 0.64921875 0.5263671875 0.1859375 0.130859375
2 0.47734375 0.5146484375 0.1140625 0.076171875
2 0.14140625 0.517578125 0.1140625 0.14453125
2 0.415625 0.5068359375 0.059375 0.056640625
0 0.37109375 0.4716796875 0.0109375 0.017578125
2 0.37265625 0.5029296875 0.0578125 0.044921875
11 0.62734375 0.427734375 0.0109375 0.0234375
2 0.34375 0.498046875 0.040625 0.04296875
10 0.03984375 0.55859375 0.0171875 0.05859375
2 0.31796875 0.4853515625 0.0515625 0.048828125
0 0.23515625 0.4833984375 0.0109375 0.041015625
11 0.3421875 0.4541015625 0.0125 0.013671875
2 0.1953125 0.4853515625 0.01875 0.037109375
9 0.73359375 0.01953125 0.0359375 0.0390625
2 0.64921875 0.5263671875 0.1859375 0.130859375
2 0.47734375 0.5146484375 0.1140625 0.076171875
2 0.14140625 0.517578125 0.1140625 0.14453125
2 0.415625 0.5068359375 0.059375 0.056640625
0 0.37109375 0.4716796875 0.0109375 0.017578125
2 0.37265625 0.5029296875 0.0578125 0.044921875
11 0.62734375 0.427734375 0.0109375 0.0234375
2 0.34375 0.498046875 0.040625 0.04296875
10 0.03984375 0.55859375 0.0171875 0.05859375
2 0.31796875 0.4853515625 0.0515625 0.048828125
0 0.23515625 0.4833984375 0.0109375 0.041015625
11 0.3421875 0.4541015625 0.0125 0.013671875
2 0.1953125 0.4853515625 0.01875 0.037109375
