2 0.39609375 0.3837890625 0.0703125 0.068359375
2 0.67578125 0.4091796875 0.1078125 0.099609375
2 0.23046875 0.3720703125 0.0734375 0.072265625
2 0.34609375 0.37109375 0.0390625 0.046875
3 0.971875 0.5966796875 0.053125 0.248046875
2 0.44453125 0.3681640625 0.0453125 0.041015625
0 0.1375 0.37109375 0.00625 0.0390625
2 0.47734375 0.3525390625 0.0140625 0.017578125
3 0.87890625 0.4892578125 0.2390625 0.205078125
0 0.13125 0.3701171875 0.0125 0.037109375
0 0.6 0.36328125 0.015625 0.04296875
2 0.49375 0.3525390625 0.0125 0.013671875
2 0.31875 0.3701171875 0.0125 0.025390625
2 0.534375 0.3623046875 0.021875 0.021484375
0 0.93203125 0.3564453125 0.0328125 0.064453125
0 0.95625 0.3701171875 0.034375 0.056640625
2 0.5078125 0.353515625 0.0125 0.015625
0 0.621875 0.3681640625 0.01875 0.041015625
0 0.71875 0.3544921875 0.015625 0.029296875
0 0.74921875 0.369140625 0.0203125 0.05859375
3 0.7484375 0.4384765625 0.121875 0.103515625
3 0.6796875 0.4326171875 0.05625 0.080078125
2 0.309375 0.3701171875 0.0125 0.025390625
3 0.93984375 0.541015625 0.1171875 0.234375
2 0.28515625 0.369140625 0.0359375 0.03515625
0 0.98671875 0.3837890625 0.0234375 0.037109375
2 0.52109375 0.353515625 0.0078125 0.01171875
0 0.90703125 0.3623046875 0.0234375 0.048828125
2 0.39609375 0.3837890625 0.0703125 0.068359375
2 0.67578125 0.4091796875 0.1078125 0.099609375
2 0.23046875 0.3720703125 0.0734375 0.072265625
2 0.34609375 0.37109375 0.0390625 0.046875
3 0.971875 0.5966796875 0.053125 0.248046875
2 0.44453125 0.3681640625 0.0453125 0.041015625
0 0.1375 0.37109375 0.00625 0.0390625
2 0.47734375 0.3525390625 0.0140625 0.017578125
3 0.87890625 0.4892578125 0.2390625 0.205078125
0 0.13125 0.3701171875 0.0125 0.037109375
0 0.6 0.36328125 0.015625 0.04296875
2 0.49375 0.3525390625 0.0125 0.013671875
2 0.31875 0.3701171875 0.0125 0.025390625
2 0.534375 0.3623046875 0.021875 0.021484375
0 0.93203125 0.3564453125 0.0328125 0.064453125
0 0.95625 0.3701171875 0.034375 0.056640625
2 0.5078125 0.353515625 0.0125 0.015625
0 0.621875 0.3681640625 0.01875 0.041015625
0 0.71875 0.3544921875 0.015625 0.029296875
0 0.74921875 0.369140625 0.0203125 0.05859375
3 0.7484375 0.4384765625 0.121875 0.103515625
3 0.6796875 0.4326171875 0.05625 0.080078125
2 0.309375 0.3701171875 0.0125 0.025390625
3 0.93984375 0.541015625 0.1171875 0.234375
2 0.28515625 0.369140625 0.0359375 0.03515625
0 0.98671875 0.3837890625 0.0234375 0.037109375
2 0.52109375 0.353515625 0.0078125 0.01171875
0 0.90703125 0.3623046875 0.0234375 0.048828125
