2 0.79765625 0.4306640625 0.2453125 0.212890625
2 0.6125 0.35546875 0.046875 0.05078125
2 0.54375 0.357421875 0.03125 0.02734375
7 0.528125 0.33984375 0.015625 0.02734375
7 0.503125 0.3388671875 0.009375 0.009765625
2 0.50390625 0.3466796875 0.0109375 0.009765625
2 0.490625 0.3505859375 0.015625 0.017578125
2 0.1578125 0.3662109375 0.04375 0.041015625
2 0.2984375 0.35546875 0.01875 0.01953125
2 0.34375 0.3515625 0.0125 0.01171875
7 0.16953125 0.3515625 0.0796875 0.05859375
2 0.3796875 0.3505859375 0.009375 0.009765625
2 0.28515625 0.3564453125 0.0203125 0.017578125
2 0.36171875 0.34765625 0.0171875 0.015625
2 0.33515625 0.3525390625 0.0109375 0.013671875
2 0.24140625 0.3603515625 0.0234375 0.021484375
2 0.39453125 0.34765625 0.0046875 0.00390625
2 0.403125 0.3466796875 0.00625 0.005859375
7 0.33828125 0.341796875 0.0140625 0.0078125
2 0.79765625 0.4306640625 0.2453125 0.212890625
2 0.6125 0.35546875 0.046875 0.05078125
2 0.54375 0.357421875 0.03125 0.02734375
7 0.528125 0.33984375 0.015625 0.02734375
7 0.503125 0.3388671875 0.009375 0.009765625
2 0.50390625 0.3466796875 0.0109375 0.009765625
2 0.490625 0.3505859375 0.015625 0.017578125
2 0.1578125 0.3662109375 0.04375 0.041015625
2 0.2984375 0.35546875 0.01875 0.01953125
2 0.34375 0.3515625 0.0125 0.01171875
7 0.16953125 0.3515625 0.0796875 0.05859375
2 0.3796875 0.3505859375 0.009375 0.009765625
2 0.28515625 0.3564453125 0.0203125 0.017578125
2 0.36171875 0.34765625 0.0171875 0.015625
2 0.33515625 0.3525390625 0.0109375 0.013671875
2 0.24140625 0.3603515625 0.0234375 0.021484375
2 0.39453125 0.34765625 0.0046875 0.00390625
2 0.403125 0.3466796875 0.00625 0.005859375
7 0.33828125 0.341796875 0.0140625 0.0078125
