2 0.975 0.6640625 0.046875 0.20703125
2 0.89765625 0.544921875 0.2015625 0.23828125
2 0.79296875 0.48828125 0.1515625 0.16796875
2 0.6765625 0.4736328125 0.040625 0.083984375
2 0.6453125 0.451171875 0.03125 0.03125
2 0.57734375 0.451171875 0.0109375 0.01171875
2 0.559375 0.453125 0.015625 0.01171875
2 0.525 0.44921875 0.01875 0.01953125
0 0.50234375 0.451171875 0.0078125 0.0234375
2 0.33515625 0.462890625 0.0203125 0.02734375
2 0.30625 0.46875 0.025 0.03125
9 0.5265625 0.34765625 0.00625 0.0234375
9 0.590625 0.345703125 0.00625 0.02734375
11 0.54609375 0.3408203125 0.0109375 0.017578125
11 0.64375 0.3564453125 0.034375 0.013671875
11 0.36171875 0.37109375 0.0140625 0.01953125
9 0.3546875 0.4052734375 0.00625 0.005859375
9 0.375 0.4052734375 0.00625 0.005859375
11 0.36015625 0.443359375 0.0078125 0.0078125
0 0.434375 0.4638671875 0.01875 0.041015625
0 0.28828125 0.4716796875 0.0140625 0.060546875
0 0.2671875 0.474609375 0.021875 0.0625
9 0.33515625 0.328125 0.0078125 0.02734375
9 0.359375 0.3369140625 0.00625 0.021484375
2 0.7015625 0.4716796875 0.05 0.087890625
2 0.23671875 0.4775390625 0.0296875 0.033203125
2 0.40703125 0.4619140625 0.0234375 0.017578125
2 0.3828125 0.46484375 0.021875 0.01953125
2 0.20234375 0.4814453125 0.0421875 0.037109375
2 0.975 0.6640625 0.046875 0.20703125
2 0.89765625 0.544921875 0.2015625 0.23828125
2 0.79296875 0.48828125 0.1515625 0.16796875
2 0.6765625 0.4736328125 0.040625 0.083984375
2 0.6453125 0.451171875 0.03125 0.03125
2 0.57734375 0.451171875 0.0109375 0.01171875
2 0.559375 0.453125 0.015625 0.01171875
2 0.525 0.44921875 0.01875 0.01953125
0 0.50234375 0.451171875 0.0078125 0.0234375
2 0.33515625 0.462890625 0.0203125 0.02734375
2 0.30625 0.46875 0.025 0.03125
9 0.5265625 0.34765625 0.00625 0.0234375
9 0.590625 0.345703125 0.00625 0.02734375
11 0.54609375 0.3408203125 0.0109375 0.017578125
11 0.64375 0.3564453125 0.034375 0.013671875
11 0.36171875 0.37109375 0.0140625 0.01953125
9 0.3546875 0.4052734375 0.00625 0.005859375
9 0.375 0.4052734375 0.00625 0.005859375
11 0.36015625 0.443359375 0.0078125 0.0078125
0 0.434375 0.4638671875 0.01875 0.041015625
0 0.28828125 0.4716796875 0.0140625 0.060546875
0 0.2671875 0.474609375 0.021875 0.0625
9 0.33515625 0.328125 0.0078125 0.02734375
9 0.359375 0.3369140625 0.00625 0.021484375
2 0.7015625 0.4716796875 0.05 0.087890625
2 0.23671875 0.4775390625 0.0296875 0.033203125
2 0.40703125 0.4619140625 0.0234375 0.017578125
2 0.3828125 0.46484375 0.021875 0.01953125
2 0.20234375 0.4814453125 0.0421875 0.037109375
