2 0.88984375 0.537109375 0.2171875 0.2265625
2 0.6703125 0.447265625 0.04375 0.04296875
2 0.57890625 0.443359375 0.0109375 0.01171875
2 0.52109375 0.443359375 0.0203125 0.01953125
0 0.48828125 0.4443359375 0.0078125 0.029296875
9 0.51171875 0.302734375 0.0109375 0.0390625
9 0.6046875 0.2958984375 0.009375 0.037109375
11 0.5390625 0.2890625 0.015625 0.0234375
11 0.68046875 0.3115234375 0.0484375 0.017578125
11 0.26953125 0.328125 0.0203125 0.0234375
9 0.25703125 0.37890625 0.0078125 0.0078125
9 0.28984375 0.3798828125 0.0078125 0.009765625
0 0.50703125 0.4658203125 0.0203125 0.060546875
0 0.2421875 0.48828125 0.03125 0.1171875
0 0.21328125 0.490234375 0.0328125 0.12109375
9 0.19609375 0.25 0.0140625 0.046875
9 0.25625 0.2744140625 0.0125 0.041015625
2 0.9546875 0.57421875 0.0875 0.265625
2 0.29453125 0.4638671875 0.0359375 0.041015625
11 0.271875 0.3935546875 0.028125 0.009765625
0 0.1125 0.494140625 0.03125 0.09765625
0 0.08125 0.455078125 0.0125 0.015625
2 0.16640625 0.4755859375 0.0390625 0.037109375
2 0.3609375 0.4521484375 0.021875 0.025390625
2 0.07265625 0.484375 0.0640625 0.046875
11 0.88359375 0.3740234375 0.0296875 0.033203125
11 0.8828125 0.3388671875 0.05 0.025390625
9 0.8375 0.3193359375 0.01875 0.017578125
9 0.8890625 0.310546875 0.021875 0.015625
11 0.7171875 0.353515625 0.015625 0.02734375
2 0.40234375 0.451171875 0.0171875 0.02734375
2 0.1359375 0.474609375 0.034375 0.04296875
2 0.88984375 0.537109375 0.2171875 0.2265625
2 0.6703125 0.447265625 0.04375 0.04296875
2 0.57890625 0.443359375 0.0109375 0.01171875
2 0.52109375 0.443359375 0.0203125 0.01953125
0 0.48828125 0.4443359375 0.0078125 0.029296875
9 0.51171875 0.302734375 0.0109375 0.0390625
9 0.6046875 0.2958984375 0.009375 0.037109375
11 0.5390625 0.2890625 0.015625 0.0234375
11 0.68046875 0.3115234375 0.0484375 0.017578125
11 0.26953125 0.328125 0.0203125 0.0234375
9 0.25703125 0.37890625 0.0078125 0.0078125
9 0.28984375 0.3798828125 0.0078125 0.009765625
0 0.50703125 0.4658203125 0.0203125 0.060546875
0 0.2421875 0.48828125 0.03125 0.1171875
0 0.21328125 0.490234375 0.0328125 0.12109375
9 0.19609375 0.25 0.0140625 0.046875
9 0.25625 0.2744140625 0.0125 0.041015625
2 0.9546875 0.57421875 0.0875 0.265625
2 0.29453125 0.4638671875 0.0359375 0.041015625
11 0.271875 0.3935546875 0.028125 0.009765625
0 0.1125 0.494140625 0.03125 0.09765625
0 0.08125 0.455078125 0.0125 0.015625
2 0.16640625 0.4755859375 0.0390625 0.037109375
2 0.3609375 0.4521484375 0.021875 0.025390625
2 0.07265625 0.484375 0.0640625 0.046875
11 0.88359375 0.3740234375 0.0296875 0.033203125
11 0.8828125 0.3388671875 0.05 0.025390625
9 0.8375 0.3193359375 0.01875 0.017578125
9 0.8890625 0.310546875 0.021875 0.015625
11 0.7171875 0.353515625 0.015625 0.02734375
2 0.40234375 0.451171875 0.0171875 0.02734375
2 0.1359375 0.474609375 0.034375 0.04296875
