2 0.909375 0.5869140625 0.178125 0.275390625
2 0.8140625 0.53125 0.16875 0.16796875
2 0.753125 0.4990234375 0.1125 0.123046875
2 0.7 0.4677734375 0.096875 0.095703125
2 0.6421875 0.4716796875 0.028125 0.060546875
2 0.628125 0.4541015625 0.025 0.029296875
2 0.5828125 0.462890625 0.015625 0.015625
2 0.55546875 0.455078125 0.0171875 0.015625
2 0.52421875 0.4560546875 0.0203125 0.025390625
0 0.50234375 0.455078125 0.0078125 0.0234375
2 0.35234375 0.46875 0.0296875 0.0234375
2 0.32421875 0.466796875 0.0265625 0.0234375
2 0.240625 0.478515625 0.028125 0.02734375
2 0.03984375 0.4853515625 0.0671875 0.044921875
9 0.528125 0.365234375 0.00625 0.01953125
9 0.5828125 0.3623046875 0.00625 0.021484375
11 0.54375 0.357421875 0.009375 0.015625
11 0.62734375 0.37109375 0.0296875 0.01171875
11 0.9046875 0.349609375 0.028125 0.05078125
11 0.3859375 0.384765625 0.0125 0.01953125
9 0.3796875 0.4130859375 0.00625 0.005859375
9 0.3953125 0.4130859375 0.00625 0.005859375
11 0.36640625 0.4462890625 0.0078125 0.009765625
0 0.415625 0.46484375 0.0125 0.03515625
0 0.20859375 0.4775390625 0.0078125 0.041015625
0 0.30625 0.4716796875 0.015625 0.041015625
0 0.1921875 0.4736328125 0.0125 0.037109375
0 0.29453125 0.4736328125 0.0078125 0.044921875
0 0.21484375 0.47265625 0.0078125 0.0390625
9 0.36796875 0.3486328125 0.0078125 0.025390625
9 0.38515625 0.3564453125 0.0078125 0.025390625
2 0.909375 0.5869140625 0.178125 0.275390625
2 0.8140625 0.53125 0.16875 0.16796875
2 0.753125 0.4990234375 0.1125 0.123046875
2 0.7 0.4677734375 0.096875 0.095703125
2 0.6421875 0.4716796875 0.028125 0.060546875
2 0.628125 0.4541015625 0.025 0.029296875
2 0.5828125 0.462890625 0.015625 0.015625
2 0.55546875 0.455078125 0.0171875 0.015625
2 0.52421875 0.4560546875 0.0203125 0.025390625
0 0.50234375 0.455078125 0.0078125 0.0234375
2 0.35234375 0.46875 0.0296875 0.0234375
2 0.32421875 0.466796875 0.0265625 0.0234375
2 0.240625 0.478515625 0.028125 0.02734375
2 0.03984375 0.4853515625 0.0671875 0.044921875
9 0.528125 0.365234375 0.00625 0.01953125
9 0.5828125 0.3623046875 0.00625 0.021484375
11 0.54375 0.357421875 0.009375 0.015625
11 0.62734375 0.37109375 0.0296875 0.01171875
11 0.9046875 0.349609375 0.028125 0.05078125
11 0.3859375 0.384765625 0.0125 0.01953125
9 0.3796875 0.4130859375 0.00625 0.005859375
9 0.3953125 0.4130859375 0.00625 0.005859375
11 0.36640625 0.4462890625 0.0078125 0.009765625
0 0.415625 0.46484375 0.0125 0.03515625
0 0.20859375 0.4775390625 0.0078125 0.041015625
0 0.30625 0.4716796875 0.015625 0.041015625
0 0.1921875 0.4736328125 0.0125 0.037109375
0 0.29453125 0.4736328125 0.0078125 0.044921875
0 0.21484375 0.47265625 0.0078125 0.0390625
9 0.36796875 0.3486328125 0.0078125 0.025390625
9 0.38515625 0.3564453125 0.0078125 0.025390625
