2 0.87109375 0.4755859375 0.2546875 0.306640625
2 0.6109375 0.3583984375 0.046875 0.052734375
2 0.54375 0.3603515625 0.03125 0.029296875
7 0.53046875 0.3447265625 0.0171875 0.029296875
7 0.5046875 0.3427734375 0.009375 0.009765625
2 0.50546875 0.3525390625 0.0109375 0.009765625
2 0.49140625 0.3564453125 0.0171875 0.021484375
2 0.32109375 0.357421875 0.0171875 0.015625
2 0.27265625 0.357421875 0.0296875 0.02734375
2 0.1859375 0.37109375 0.0375 0.02734375
2 0.359375 0.35546875 0.009375 0.01171875
2 0.36875 0.35546875 0.009375 0.01171875
7 0.24140625 0.3505859375 0.0640625 0.052734375
2 0.34765625 0.3515625 0.0171875 0.01953125
2 0.3890625 0.3525390625 0.009375 0.009765625
2 0.02265625 0.3876953125 0.0453125 0.041015625
2 0.40546875 0.3486328125 0.0078125 0.009765625
2 0.87109375 0.4755859375 0.2546875 0.306640625
2 0.6109375 0.3583984375 0.046875 0.052734375
2 0.54375 0.3603515625 0.03125 0.029296875
7 0.53046875 0.3447265625 0.0171875 0.029296875
7 0.5046875 0.3427734375 0.009375 0.009765625
2 0.50546875 0.3525390625 0.0109375 0.009765625
2 0.49140625 0.3564453125 0.0171875 0.021484375
2 0.32109375 0.357421875 0.0171875 0.015625
2 0.27265625 0.357421875 0.0296875 0.02734375
2 0.1859375 0.37109375 0.0375 0.02734375
2 0.359375 0.35546875 0.009375 0.01171875
2 0.36875 0.35546875 0.009375 0.01171875
7 0.24140625 0.3505859375 0.0640625 0.052734375
2 0.34765625 0.3515625 0.0171875 0.01953125
2 0.3890625 0.3525390625 0.009375 0.009765625
2 0.02265625 0.3876953125 0.0453125 0.041015625
2 0.40546875 0.3486328125 0.0078125 0.009765625
