2 0.75 0.5029296875 0.06875 0.064453125
9 0.48125 0.201171875 0.01875 0.078125
9 0.67890625 0.18359375 0.0234375 0.078125
11 0.84140625 0.22265625 0.1078125 0.04296875
11 0.92109375 0.306640625 0.0359375 0.05859375
0 0.98046875 0.5517578125 0.0359375 0.134765625
0 0.95703125 0.517578125 0.0328125 0.11328125
2 0.57890625 0.5048828125 0.0421875 0.048828125
11 0.64453125 0.4306640625 0.0171875 0.025390625
2 0.078125 0.552734375 0.08125 0.078125
0 0.48671875 0.4951171875 0.0109375 0.037109375
2 0.14140625 0.5224609375 0.0453125 0.041015625
2 0.33046875 0.5029296875 0.0390625 0.025390625
2 0.17734375 0.521484375 0.0328125 0.03515625
2 0.20390625 0.513671875 0.0421875 0.04296875
2 0.234375 0.5087890625 0.028125 0.041015625
2 0.89609375 0.4873046875 0.0453125 0.037109375
9 0.32578125 0.40625 0.0046875 0.01953125
11 0.3625 0.4033203125 0.025 0.013671875
11 0.37421875 0.45703125 0.0203125 0.0078125
9 0.32109375 0.4521484375 0.0046875 0.017578125
2 0.09609375 0.525390625 0.0578125 0.04296875
2 0.02578125 0.54296875 0.0484375 0.0546875
2 0.98359375 0.47265625 0.0296875 0.02734375
2 0.75 0.5029296875 0.06875 0.064453125
9 0.48125 0.201171875 0.01875 0.078125
9 0.67890625 0.18359375 0.0234375 0.078125
11 0.84140625 0.22265625 0.1078125 0.04296875
11 0.92109375 0.306640625 0.0359375 0.05859375
0 0.98046875 0.5517578125 0.0359375 0.134765625
0 0.95703125 0.517578125 0.0328125 0.11328125
2 0.57890625 0.5048828125 0.0421875 0.048828125
11 0.64453125 0.4306640625 0.0171875 0.025390625
2 0.078125 0.552734375 0.08125 0.078125
0 0.48671875 0.4951171875 0.0109375 0.037109375
2 0.14140625 0.5224609375 0.0453125 0.041015625
2 0.33046875 0.5029296875 0.0390625 0.025390625
2 0.17734375 0.521484375 0.0328125 0.03515625
2 0.20390625 0.513671875 0.0421875 0.04296875
2 0.234375 0.5087890625 0.028125 0.041015625
2 0.89609375 0.4873046875 0.0453125 0.037109375
9 0.32578125 0.40625 0.0046875 0.01953125
11 0.3625 0.4033203125 0.025 0.013671875
11 0.37421875 0.45703125 0.0203125 0.0078125
9 0.32109375 0.4521484375 0.0046875 0.017578125
2 0.09609375 0.525390625 0.0578125 0.04296875
2 0.02578125 0.54296875 0.0484375 0.0546875
2 0.98359375 0.47265625 0.0296875 0.02734375
