2 0.3953125 0.39453125 0.075 0.0703125
2 0.875 0.49609375 0.246875 0.2265625
2 0.02578125 0.408203125 0.0515625 0.12890625
2 0.46015625 0.3779296875 0.0453125 0.041015625
0 0.66640625 0.3701171875 0.0171875 0.048828125
2 0.48828125 0.3603515625 0.0109375 0.013671875
2 0.53125 0.37109375 0.021875 0.0234375
2 0.5 0.359375 0.0125 0.015625
0 0.68515625 0.3720703125 0.0171875 0.044921875
0 0.8625 0.3603515625 0.021875 0.041015625
3 0.96953125 0.638671875 0.0578125 0.14453125
2 0.515625 0.359375 0.009375 0.01171875
9 0.45546875 0.30078125 0.0078125 0.01953125
9 0.41484375 0.302734375 0.0078125 0.01953125
11 0.23046875 0.4228515625 0.0109375 0.044921875
11 0.87109375 0.228515625 0.0828125 0.015625
11 0.87109375 0.248046875 0.0828125 0.015625
11 0.87109375 0.2666015625 0.0828125 0.013671875
11 0.853125 0.28125 0.046875 0.01171875
11 0.375 0.3076171875 0.015625 0.017578125
2 0.34453125 0.375 0.0140625 0.0234375
11 0.8828125 0.3017578125 0.01875 0.021484375
11 0.8828125 0.279296875 0.01875 0.01953125
2 0.42578125 0.3623046875 0.0109375 0.013671875
2 0.33515625 0.3779296875 0.0140625 0.025390625
2 0.3234375 0.37890625 0.015625 0.02734375
2 0.30625 0.380859375 0.021875 0.02734375
2 0.22265625 0.4013671875 0.0921875 0.083984375
2 0.2828125 0.384765625 0.021875 0.02734375
2 0.265625 0.3837890625 0.015625 0.029296875
0 0.0515625 0.3916015625 0.0125 0.052734375
2 0.3953125 0.39453125 0.075 0.0703125
2 0.875 0.49609375 0.246875 0.2265625
2 0.02578125 0.408203125 0.0515625 0.12890625
2 0.46015625 0.3779296875 0.0453125 0.041015625
0 0.66640625 0.3701171875 0.0171875 0.048828125
2 0.48828125 0.3603515625 0.0109375 0.013671875
2 0.53125 0.37109375 0.021875 0.0234375
2 0.5 0.359375 0.0125 0.015625
0 0.68515625 0.3720703125 0.0171875 0.044921875
0 0.8625 0.3603515625 0.021875 0.041015625
3 0.96953125 0.638671875 0.0578125 0.14453125
2 0.515625 0.359375 0.009375 0.01171875
9 0.45546875 0.30078125 0.0078125 0.01953125
9 0.41484375 0.302734375 0.0078125 0.01953125
11 0.23046875 0.4228515625 0.0109375 0.044921875
11 0.87109375 0.228515625 0.0828125 0.015625
11 0.87109375 0.248046875 0.0828125 0.015625
11 0.87109375 0.2666015625 0.0828125 0.013671875
11 0.853125 0.28125 0.046875 0.01171875
11 0.375 0.3076171875 0.015625 0.017578125
2 0.34453125 0.375 0.0140625 0.0234375
11 0.8828125 0.3017578125 0.01875 0.021484375
11 0.8828125 0.279296875 0.01875 0.01953125
2 0.42578125 0.3623046875 0.0109375 0.013671875
2 0.33515625 0.3779296875 0.0140625 0.025390625
2 0.3234375 0.37890625 0.015625 0.02734375
2 0.30625 0.380859375 0.021875 0.02734375
2 0.22265625 0.4013671875 0.0921875 0.083984375
2 0.2828125 0.384765625 0.021875 0.02734375
2 0.265625 0.3837890625 0.015625 0.029296875
0 0.0515625 0.3916015625 0.0125 0.052734375
