2 0.68515625 0.39453125 0.1421875 0.1328125
2 0.61796875 0.357421875 0.0453125 0.05859375
2 0.5390625 0.357421875 0.03125 0.03125
7 0.52421875 0.337890625 0.0171875 0.02734375
7 0.5 0.33984375 0.009375 0.01171875
2 0.503125 0.345703125 0.009375 0.0078125
2 0.490625 0.3505859375 0.01875 0.021484375
2 0.228125 0.361328125 0.03125 0.0234375
7 0.33515625 0.3408203125 0.0234375 0.033203125
2 0.34296875 0.3505859375 0.0140625 0.013671875
2 0.3609375 0.3525390625 0.015625 0.013671875
2 0.3875 0.3466796875 0.015625 0.013671875
2 0.40703125 0.345703125 0.0109375 0.01171875
2 0.4203125 0.345703125 0.015625 0.01171875
7 0.36015625 0.337890625 0.0140625 0.01953125
2 0.36875 0.34765625 0.009375 0.01171875
2 0.68515625 0.39453125 0.1421875 0.1328125
2 0.61796875 0.357421875 0.0453125 0.05859375
2 0.5390625 0.357421875 0.03125 0.03125
7 0.52421875 0.337890625 0.0171875 0.02734375
7 0.5 0.33984375 0.009375 0.01171875
2 0.503125 0.345703125 0.009375 0.0078125
2 0.490625 0.3505859375 0.01875 0.021484375
2 0.228125 0.361328125 0.03125 0.0234375
7 0.33515625 0.3408203125 0.0234375 0.033203125
2 0.34296875 0.3505859375 0.0140625 0.013671875
2 0.3609375 0.3525390625 0.015625 0.013671875
2 0.3875 0.3466796875 0.015625 0.013671875
2 0.40703125 0.345703125 0.0109375 0.01171875
2 0.4203125 0.345703125 0.015625 0.01171875
7 0.36015625 0.337890625 0.0140625 0.01953125
2 0.36875 0.34765625 0.009375 0.01171875
