2 0.3734375 0.375 0.071875 0.06640625
2 0.57265625 0.353515625 0.0359375 0.01953125
2 0.53046875 0.4521484375 0.1984375 0.193359375
2 0.4171875 0.357421875 0.0375 0.0390625
2 0.23125 0.380859375 0.09375 0.08984375
2 0.16015625 0.376953125 0.0671875 0.05859375
2 0.46796875 0.345703125 0.0171875 0.0234375
3 0.45703125 0.353515625 0.0078125 0.015625
0 0.45703125 0.34765625 0.0078125 0.01953125
0 0.43359375 0.3447265625 0.0078125 0.017578125
3 0.434375 0.3515625 0.00625 0.01171875
9 0.421875 0.08984375 0.01875 0.06640625
9 0.3953125 0.087890625 0.01875 0.0703125
9 0.3703125 0.0908203125 0.01875 0.068359375
0 0.93046875 0.3916015625 0.0265625 0.115234375
0 0.9546875 0.390625 0.028125 0.1171875
9 0.14453125 0.1611328125 0.0140625 0.044921875
9 0.1640625 0.158203125 0.015625 0.046875
9 0.12890625 0.16015625 0.0140625 0.046875
0 0.075 0.3828125 0.01875 0.03515625
2 0.5515625 0.341796875 0.0375 0.01953125
2 0.48515625 0.3525390625 0.0265625 0.029296875
2 0.52421875 0.34765625 0.0140625 0.015625
0 0.1265625 0.359375 0.009375 0.02734375
11 0.07890625 0.318359375 0.0328125 0.0078125
11 0.07890625 0.30859375 0.0328125 0.0078125
2 0.503125 0.34765625 0.009375 0.01171875
11 0.10625 0.3271484375 0.00625 0.009765625
11 0.10625 0.3427734375 0.00625 0.009765625
2 0.390625 0.3408203125 0.01875 0.013671875
2 0.528125 0.3486328125 0.0125 0.013671875
2 0.5484375 0.3505859375 0.025 0.017578125
11 0.0796875 0.2998046875 0.03125 0.009765625
11 0.08671875 0.326171875 0.0171875 0.0078125
11 0.24453125 0.3154296875 0.0140625 0.017578125
2 0.3546875 0.3505859375 0.028125 0.021484375
2 0.3734375 0.375 0.071875 0.06640625
2 0.57265625 0.353515625 0.0359375 0.01953125
2 0.53046875 0.4521484375 0.1984375 0.193359375
2 0.4171875 0.357421875 0.0375 0.0390625
2 0.23125 0.380859375 0.09375 0.08984375
2 0.16015625 0.376953125 0.0671875 0.05859375
2 0.46796875 0.345703125 0.0171875 0.0234375
3 0.45703125 0.353515625 0.0078125 0.015625
0 0.45703125 0.34765625 0.0078125 0.01953125
0 0.43359375 0.3447265625 0.0078125 0.017578125
3 0.434375 0.3515625 0.00625 0.01171875
9 0.421875 0.08984375 0.01875 0.06640625
9 0.3953125 0.087890625 0.01875 0.0703125
9 0.3703125 0.0908203125 0.01875 0.068359375
0 0.93046875 0.3916015625 0.0265625 0.115234375
0 0.9546875 0.390625 0.028125 0.1171875
9 0.14453125 0.1611328125 0.0140625 0.044921875
9 0.1640625 0.158203125 0.015625 0.046875
9 0.12890625 0.16015625 0.0140625 0.046875
0 0.075 0.3828125 0.01875 0.03515625
2 0.5515625 0.341796875 0.0375 0.01953125
2 0.48515625 0.3525390625 0.0265625 0.029296875
2 0.52421875 0.34765625 0.0140625 0.015625
0 0.1265625 0.359375 0.009375 0.02734375
11 0.07890625 0.318359375 0.0328125 0.0078125
11 0.07890625 0.30859375 0.0328125 0.0078125
2 0.503125 0.34765625 0.009375 0.01171875
11 0.10625 0.3271484375 0.00625 0.009765625
11 0.10625 0.3427734375 0.00625 0.009765625
2 0.390625 0.3408203125 0.01875 0.013671875
2 0.528125 0.3486328125 0.0125 0.013671875
2 0.5484375 0.3505859375 0.025 0.017578125
11 0.0796875 0.2998046875 0.03125 0.009765625
11 0.08671875 0.326171875 0.0171875 0.0078125
11 0.24453125 0.3154296875 0.0140625 0.017578125
2 0.3546875 0.3505859375 0.028125 0.021484375
