2 0.8640625 0.46484375 0.26875 0.29296875
2 0.61171875 0.35546875 0.0453125 0.05078125
2 0.54375 0.3583984375 0.03125 0.029296875
7 0.53046875 0.3408203125 0.0171875 0.029296875
7 0.503125 0.3408203125 0.009375 0.009765625
2 0.50546875 0.3505859375 0.0109375 0.009765625
2 0.49140625 0.3515625 0.0171875 0.01953125
2 0.053125 0.3828125 0.059375 0.046875
2 0.33359375 0.3544921875 0.0171875 0.013671875
2 0.29609375 0.35546875 0.0234375 0.0234375
2 0.2265625 0.365234375 0.03125 0.0234375
2 0.3671875 0.3515625 0.009375 0.01171875
2 0.3765625 0.3515625 0.009375 0.01171875
7 0.26640625 0.345703125 0.0515625 0.05078125
2 0.3546875 0.349609375 0.015625 0.015625
2 0.3953125 0.3486328125 0.009375 0.009765625
2 0.09609375 0.3779296875 0.0359375 0.033203125
2 0.40703125 0.3486328125 0.0078125 0.009765625
2 0.8640625 0.46484375 0.26875 0.29296875
2 0.61171875 0.35546875 0.0453125 0.05078125
2 0.54375 0.3583984375 0.03125 0.029296875
7 0.53046875 0.3408203125 0.0171875 0.029296875
7 0.503125 0.3408203125 0.009375 0.009765625
2 0.50546875 0.3505859375 0.0109375 0.009765625
2 0.49140625 0.3515625 0.0171875 0.01953125
2 0.053125 0.3828125 0.059375 0.046875
2 0.33359375 0.3544921875 0.0171875 0.013671875
2 0.29609375 0.35546875 0.0234375 0.0234375
2 0.2265625 0.365234375 0.03125 0.0234375
2 0.3671875 0.3515625 0.009375 0.01171875
2 0.3765625 0.3515625 0.009375 0.01171875
7 0.26640625 0.345703125 0.0515625 0.05078125
2 0.3546875 0.349609375 0.015625 0.015625
2 0.3953125 0.3486328125 0.009375 0.009765625
2 0.09609375 0.3779296875 0.0359375 0.033203125
2 0.40703125 0.3486328125 0.0078125 0.009765625
