9 0.46953125 0.2646484375 0.0140625 0.044921875
9 0.65546875 0.2607421875 0.0140625 0.048828125
11 0.75625 0.279296875 0.065625 0.02734375
0 0.61015625 0.4736328125 0.0171875 0.068359375
2 0.4328125 0.466796875 0.090625 0.0625
2 0.33203125 0.4677734375 0.0734375 0.044921875
2 0.1703125 0.466796875 0.084375 0.07421875
9 0.82109375 0.365234375 0.0109375 0.015625
2 0.2859375 0.4658203125 0.046875 0.037109375
2 0.9078125 0.701171875 0.18125 0.3671875
0 0.240625 0.4443359375 0.009375 0.013671875
10 0.5828125 0.484375 0.0125 0.03515625
2 0.24453125 0.46484375 0.0453125 0.03515625
9 0.11953125 0.3916015625 0.0109375 0.017578125
9 0.040625 0.2724609375 0.015625 0.041015625
11 0.10078125 0.3134765625 0.0328125 0.029296875
11 0.1171875 0.3603515625 0.015625 0.037109375
2 0.11875 0.466796875 0.034375 0.0390625
11 0.42109375 0.41796875 0.0078125 0.015625
2 0.2203125 0.46484375 0.021875 0.03125
2 0.0953125 0.46875 0.028125 0.04296875
2 0.07734375 0.46875 0.0171875 0.0390625
10 0.1328125 0.4931640625 0.009375 0.029296875
9 0.46953125 0.2646484375 0.0140625 0.044921875
9 0.65546875 0.2607421875 0.0140625 0.048828125
11 0.75625 0.279296875 0.065625 0.02734375
0 0.61015625 0.4736328125 0.0171875 0.068359375
2 0.4328125 0.466796875 0.090625 0.0625
2 0.33203125 0.4677734375 0.0734375 0.044921875
2 0.1703125 0.466796875 0.084375 0.07421875
9 0.82109375 0.365234375 0.0109375 0.015625
2 0.2859375 0.4658203125 0.046875 0.037109375
2 0.9078125 0.701171875 0.18125 0.3671875
0 0.240625 0.4443359375 0.009375 0.013671875
10 0.5828125 0.484375 0.0125 0.03515625
2 0.24453125 0.46484375 0.0453125 0.03515625
9 0.11953125 0.3916015625 0.0109375 0.017578125
9 0.040625 0.2724609375 0.015625 0.041015625
11 0.10078125 0.3134765625 0.0328125 0.029296875
11 0.1171875 0.3603515625 0.015625 0.037109375
2 0.11875 0.466796875 0.034375 0.0390625
11 0.42109375 0.41796875 0.0078125 0.015625
2 0.2203125 0.46484375 0.021875 0.03125
2 0.0953125 0.46875 0.028125 0.04296875
2 0.07734375 0.46875 0.0171875 0.0390625
10 0.1328125 0.4931640625 0.009375 0.029296875
