2 0.93046875 0.595703125 0.1359375 0.34375
2 0.678125 0.4501953125 0.046875 0.044921875
2 0.57890625 0.447265625 0.0140625 0.015625
2 0.5203125 0.4482421875 0.021875 0.021484375
0 0.48515625 0.447265625 0.0078125 0.03125
9 0.50859375 0.291015625 0.0109375 0.0390625
9 0.609375 0.2841796875 0.0125 0.041015625
11 0.53828125 0.27734375 0.0171875 0.02734375
11 0.69375 0.302734375 0.053125 0.01953125
11 0.23984375 0.3212890625 0.0234375 0.029296875
9 0.2296875 0.3759765625 0.009375 0.009765625
9 0.26328125 0.3759765625 0.0078125 0.009765625
0 0.546875 0.4716796875 0.021875 0.064453125
0 0.2515625 0.51171875 0.040625 0.140625
0 0.1953125 0.517578125 0.05 0.14453125
9 0.15234375 0.2275390625 0.0140625 0.048828125
9 0.225 0.259765625 0.0125 0.04296875
2 0.275 0.4599609375 0.021875 0.033203125
11 0.24453125 0.390625 0.0359375 0.01171875
0 0.0609375 0.501953125 0.03125 0.12109375
2 0.146875 0.482421875 0.040625 0.0390625
2 0.3390625 0.4580078125 0.034375 0.029296875
2 0.02578125 0.494140625 0.0484375 0.0546875
11 0.9578125 0.3623046875 0.0375 0.052734375
11 0.9578125 0.3173828125 0.059375 0.025390625
9 0.9 0.294921875 0.025 0.0234375
9 0.9578125 0.2880859375 0.021875 0.021484375
11 0.73203125 0.345703125 0.0171875 0.03515625
2 0.39296875 0.453125 0.0171875 0.02734375
2 0.0984375 0.484375 0.053125 0.04296875
0 0.859375 0.4619140625 0.021875 0.080078125
2 0.465625 0.4375 0.01875 0.01953125
2 0.41015625 0.44921875 0.0203125 0.0234375
0 0.87734375 0.4423828125 0.0203125 0.056640625
2 0.1765625 0.4794921875 0.01875 0.029296875
2 0.8234375 0.4306640625 0.04375 0.025390625
2 0.93046875 0.595703125 0.1359375 0.34375
2 0.678125 0.4501953125 0.046875 0.044921875
2 0.57890625 0.447265625 0.0140625 0.015625
2 0.5203125 0.4482421875 0.021875 0.021484375
0 0.48515625 0.447265625 0.0078125 0.03125
9 0.50859375 0.291015625 0.0109375 0.0390625
9 0.609375 0.2841796875 0.0125 0.041015625
11 0.53828125 0.27734375 0.0171875 0.02734375
11 0.69375 0.302734375 0.053125 0.01953125
11 0.23984375 0.3212890625 0.0234375 0.029296875
9 0.2296875 0.3759765625 0.009375 0.009765625
9 0.26328125 0.3759765625 0.0078125 0.009765625
0 0.546875 0.4716796875 0.021875 0.064453125
0 0.2515625 0.51171875 0.040625 0.140625
0 0.1953125 0.517578125 0.05 0.14453125
9 0.15234375 0.2275390625 0.0140625 0.048828125
9 0.225 0.259765625 0.0125 0.04296875
2 0.275 0.4599609375 0.021875 0.033203125
11 0.24453125 0.390625 0.0359375 0.01171875
0 0.0609375 0.501953125 0.03125 0.12109375
2 0.146875 0.482421875 0.040625 0.0390625
2 0.3390625 0.4580078125 0.034375 0.029296875
2 0.02578125 0.494140625 0.0484375 0.0546875
11 0.9578125 0.3623046875 0.0375 0.052734375
11 0.9578125 0.3173828125 0.059375 0.025390625
9 0.9 0.294921875 0.025 0.0234375
9 0.9578125 0.2880859375 0.021875 0.021484375
11 0.73203125 0.345703125 0.0171875 0.03515625
2 0.39296875 0.453125 0.0171875 0.02734375
2 0.0984375 0.484375 0.053125 0.04296875
0 0.859375 0.4619140625 0.021875 0.080078125
2 0.465625 0.4375 0.01875 0.01953125
2 0.41015625 0.44921875 0.0203125 0.0234375
0 0.87734375 0.4423828125 0.0203125 0.056640625
2 0.1765625 0.4794921875 0.01875 0.029296875
2 0.8234375 0.4306640625 0.04375 0.025390625
