2 0.91953125 0.4765625 0.1578125 0.3125
2 0.60703125 0.3564453125 0.0453125 0.048828125
2 0.54375 0.357421875 0.03125 0.02734375
7 0.53203125 0.341796875 0.0171875 0.02734375
7 0.5046875 0.3447265625 0.0125 0.017578125
2 0.49140625 0.353515625 0.0171875 0.01953125
2 0.17734375 0.3720703125 0.0390625 0.029296875
2 0.00859375 0.3818359375 0.0171875 0.060546875
2 0.30390625 0.357421875 0.0203125 0.015625
7 0.01953125 0.345703125 0.0390625 0.07421875
2 0.275 0.353515625 0.028125 0.03125
2 0.359375 0.3525390625 0.015625 0.013671875
2 0.3765625 0.3505859375 0.0125 0.013671875
2 0.39296875 0.349609375 0.0078125 0.0078125
2 0.325 0.35546875 0.0125 0.01171875
2 0.91953125 0.4765625 0.1578125 0.3125
2 0.60703125 0.3564453125 0.0453125 0.048828125
2 0.54375 0.357421875 0.03125 0.02734375
7 0.53203125 0.341796875 0.0171875 0.02734375
7 0.5046875 0.3447265625 0.0125 0.017578125
2 0.49140625 0.353515625 0.0171875 0.01953125
2 0.17734375 0.3720703125 0.0390625 0.029296875
2 0.00859375 0.3818359375 0.0171875 0.060546875
2 0.30390625 0.357421875 0.0203125 0.015625
7 0.01953125 0.345703125 0.0390625 0.07421875
2 0.275 0.353515625 0.028125 0.03125
2 0.359375 0.3525390625 0.015625 0.013671875
2 0.3765625 0.3505859375 0.0125 0.013671875
2 0.39296875 0.349609375 0.0078125 0.0078125
2 0.325 0.35546875 0.0125 0.01171875
