2 0.98359375 0.6005859375 0.0296875 0.294921875
2 0.6015625 0.3583984375 0.04375 0.048828125
2 0.540625 0.3623046875 0.03125 0.029296875
7 0.53046875 0.34375 0.0203125 0.03125
7 0.50546875 0.3466796875 0.0140625 0.017578125
2 0.48984375 0.35546875 0.0171875 0.01953125
2 0.1890625 0.373046875 0.034375 0.02734375
2 0.14453125 0.365234375 0.0546875 0.05078125
2 0.30625 0.3623046875 0.01875 0.017578125
2 0.3421875 0.3564453125 0.01875 0.017578125
2 0.36796875 0.353515625 0.0078125 0.0078125
2 0.26953125 0.36328125 0.0171875 0.015625
2 0.37734375 0.3515625 0.0078125 0.0078125
2 0.32109375 0.35546875 0.0109375 0.01171875
2 0.2078125 0.365234375 0.028125 0.0234375
2 0.35546875 0.35546875 0.0078125 0.0078125
2 0.3859375 0.3525390625 0.00625 0.005859375
2 0.98359375 0.6005859375 0.0296875 0.294921875
2 0.6015625 0.3583984375 0.04375 0.048828125
2 0.540625 0.3623046875 0.03125 0.029296875
7 0.53046875 0.34375 0.0203125 0.03125
7 0.50546875 0.3466796875 0.0140625 0.017578125
2 0.48984375 0.35546875 0.0171875 0.01953125
2 0.1890625 0.373046875 0.034375 0.02734375
2 0.14453125 0.365234375 0.0546875 0.05078125
2 0.30625 0.3623046875 0.01875 0.017578125
2 0.3421875 0.3564453125 0.01875 0.017578125
2 0.36796875 0.353515625 0.0078125 0.0078125
2 0.26953125 0.36328125 0.0171875 0.015625
2 0.37734375 0.3515625 0.0078125 0.0078125
2 0.32109375 0.35546875 0.0109375 0.01171875
2 0.2078125 0.365234375 0.028125 0.0234375
2 0.35546875 0.35546875 0.0078125 0.0078125
2 0.3859375 0.3525390625 0.00625 0.005859375
