2 0.36953125 0.3798828125 0.0734375 0.064453125
2 0.5703125 0.3544921875 0.04375 0.021484375
2 0.52421875 0.4501953125 0.1921875 0.185546875
2 0.41328125 0.3583984375 0.0453125 0.041015625
2 0.23515625 0.37890625 0.0953125 0.08984375
2 0.1640625 0.3759765625 0.0625 0.056640625
2 0.465625 0.34375 0.01875 0.0234375
3 0.45859375 0.353515625 0.0078125 0.015625
0 0.45859375 0.34765625 0.0078125 0.01953125
0 0.43359375 0.3466796875 0.0078125 0.017578125
3 0.4328125 0.353515625 0.00625 0.01171875
9 0.42578125 0.0947265625 0.0140625 0.064453125
9 0.396875 0.09375 0.01875 0.06640625
9 0.371875 0.0966796875 0.015625 0.064453125
0 0.9109375 0.3955078125 0.028125 0.115234375
0 0.9375 0.388671875 0.028125 0.109375
9 0.14921875 0.1630859375 0.0140625 0.044921875
9 0.171875 0.1611328125 0.0125 0.044921875
9 0.1359375 0.162109375 0.0125 0.04296875
0 0.08125 0.3828125 0.01875 0.03125
2 0.55 0.345703125 0.0375 0.0234375
2 0.4875 0.3505859375 0.028125 0.025390625
2 0.52265625 0.34765625 0.0140625 0.015625
0 0.13203125 0.3662109375 0.0078125 0.029296875
11 0.084375 0.3173828125 0.03125 0.005859375
11 0.08515625 0.310546875 0.0296875 0.0078125
2 0.5046875 0.3505859375 0.00625 0.013671875
11 0.11015625 0.3271484375 0.0046875 0.009765625
11 0.1109375 0.3427734375 0.00625 0.009765625
2 0.39296875 0.3466796875 0.0203125 0.021484375
2 0.528125 0.3486328125 0.0125 0.013671875
2 0.5515625 0.3486328125 0.03125 0.017578125
11 0.0859375 0.3017578125 0.03125 0.009765625
11 0.09453125 0.32421875 0.0171875 0.0078125
11 0.24609375 0.3154296875 0.0140625 0.017578125
2 0.36953125 0.3798828125 0.0734375 0.064453125
2 0.5703125 0.3544921875 0.04375 0.021484375
2 0.52421875 0.4501953125 0.1921875 0.185546875
2 0.41328125 0.3583984375 0.0453125 0.041015625
2 0.23515625 0.37890625 0.0953125 0.08984375
2 0.1640625 0.3759765625 0.0625 0.056640625
2 0.465625 0.34375 0.01875 0.0234375
3 0.45859375 0.353515625 0.0078125 0.015625
0 0.45859375 0.34765625 0.0078125 0.01953125
0 0.43359375 0.3466796875 0.0078125 0.017578125
3 0.4328125 0.353515625 0.00625 0.01171875
9 0.42578125 0.0947265625 0.0140625 0.064453125
9 0.396875 0.09375 0.01875 0.06640625
9 0.371875 0.0966796875 0.015625 0.064453125
0 0.9109375 0.3955078125 0.028125 0.115234375
0 0.9375 0.388671875 0.028125 0.109375
9 0.14921875 0.1630859375 0.0140625 0.044921875
9 0.171875 0.1611328125 0.0125 0.044921875
9 0.1359375 0.162109375 0.0125 0.04296875
0 0.08125 0.3828125 0.01875 0.03125
2 0.55 0.345703125 0.0375 0.0234375
2 0.4875 0.3505859375 0.028125 0.025390625
2 0.52265625 0.34765625 0.0140625 0.015625
0 0.13203125 0.3662109375 0.0078125 0.029296875
11 0.084375 0.3173828125 0.03125 0.005859375
11 0.08515625 0.310546875 0.0296875 0.0078125
2 0.5046875 0.3505859375 0.00625 0.013671875
11 0.11015625 0.3271484375 0.0046875 0.009765625
11 0.1109375 0.3427734375 0.00625 0.009765625
2 0.39296875 0.3466796875 0.0203125 0.021484375
2 0.528125 0.3486328125 0.0125 0.013671875
2 0.5515625 0.3486328125 0.03125 0.017578125
11 0.0859375 0.3017578125 0.03125 0.009765625
11 0.09453125 0.32421875 0.0171875 0.0078125
11 0.24609375 0.3154296875 0.0140625 0.017578125
