9 0.471875 0.2705078125 0.0125 0.044921875
9 0.65078125 0.2666015625 0.0140625 0.044921875
11 0.7484375 0.28515625 0.0625 0.02734375
0 0.60625 0.4697265625 0.01875 0.064453125
2 0.43515625 0.4658203125 0.0890625 0.060546875
2 0.3359375 0.4658203125 0.071875 0.044921875
2 0.18046875 0.46484375 0.0828125 0.0703125
9 0.990625 0.1787109375 0.015625 0.060546875
9 0.80859375 0.3671875 0.0109375 0.015625
2 0.2890625 0.4658203125 0.046875 0.037109375
2 0.9 0.69140625 0.196875 0.36328125
0 0.2453125 0.4443359375 0.009375 0.013671875
10 0.58125 0.482421875 0.0125 0.03515625
2 0.24921875 0.4638671875 0.0453125 0.033203125
9 0.13203125 0.3935546875 0.0109375 0.017578125
9 0.05859375 0.2724609375 0.0140625 0.033203125
9 0.0140625 0.26171875 0.015625 0.04296875
11 0.115625 0.314453125 0.025 0.0234375
11 0.128125 0.3623046875 0.015625 0.037109375
2 0.128125 0.466796875 0.034375 0.0390625
11 0.4234375 0.4189453125 0.00625 0.013671875
9 0.471875 0.2705078125 0.0125 0.044921875
9 0.65078125 0.2666015625 0.0140625 0.044921875
11 0.7484375 0.28515625 0.0625 0.02734375
0 0.60625 0.4697265625 0.01875 0.064453125
2 0.43515625 0.4658203125 0.0890625 0.060546875
2 0.3359375 0.4658203125 0.071875 0.044921875
2 0.18046875 0.46484375 0.0828125 0.0703125
9 0.990625 0.1787109375 0.015625 0.060546875
9 0.80859375 0.3671875 0.0109375 0.015625
2 0.2890625 0.4658203125 0.046875 0.037109375
2 0.9 0.69140625 0.196875 0.36328125
0 0.2453125 0.4443359375 0.009375 0.013671875
10 0.58125 0.482421875 0.0125 0.03515625
2 0.24921875 0.4638671875 0.0453125 0.033203125
9 0.13203125 0.3935546875 0.0109375 0.017578125
9 0.05859375 0.2724609375 0.0140625 0.033203125
9 0.0140625 0.26171875 0.015625 0.04296875
11 0.115625 0.314453125 0.025 0.0234375
11 0.128125 0.3623046875 0.015625 0.037109375
2 0.128125 0.466796875 0.034375 0.0390625
11 0.4234375 0.4189453125 0.00625 0.013671875
