2 0.759375 0.4189453125 0.209375 0.189453125
2 0.61328125 0.3583984375 0.0484375 0.052734375
2 0.54375 0.3603515625 0.03125 0.029296875
7 0.528125 0.341796875 0.015625 0.02734375
7 0.50234375 0.34375 0.0078125 0.01171875
2 0.5046875 0.3515625 0.009375 0.0078125
2 0.49140625 0.353515625 0.0171875 0.01953125
7 0.11484375 0.3564453125 0.1171875 0.083984375
2 0.09140625 0.380859375 0.0484375 0.03515625
2 0.275 0.359375 0.025 0.0234375
2 0.34453125 0.353515625 0.0140625 0.015625
2 0.37109375 0.3525390625 0.0078125 0.009765625
7 0.25625 0.349609375 0.05 0.04296875
2 0.2515625 0.361328125 0.025 0.0234375
2 0.396875 0.3486328125 0.009375 0.009765625
2 0.32890625 0.3544921875 0.0140625 0.013671875
2 0.38359375 0.349609375 0.0109375 0.01171875
2 0.3640625 0.3525390625 0.009375 0.009765625
2 0.3015625 0.3583984375 0.015625 0.017578125
2 0.41328125 0.3486328125 0.0046875 0.005859375
2 0.42578125 0.34765625 0.0046875 0.00390625
7 0.36640625 0.34375 0.0140625 0.0078125
2 0.759375 0.4189453125 0.209375 0.189453125
2 0.61328125 0.3583984375 0.0484375 0.052734375
2 0.54375 0.3603515625 0.03125 0.029296875
7 0.528125 0.341796875 0.015625 0.02734375
7 0.50234375 0.34375 0.0078125 0.01171875
2 0.5046875 0.3515625 0.009375 0.0078125
2 0.49140625 0.353515625 0.0171875 0.01953125
7 0.11484375 0.3564453125 0.1171875 0.083984375
2 0.09140625 0.380859375 0.0484375 0.03515625
2 0.275 0.359375 0.025 0.0234375
2 0.34453125 0.353515625 0.0140625 0.015625
2 0.37109375 0.3525390625 0.0078125 0.009765625
7 0.25625 0.349609375 0.05 0.04296875
2 0.2515625 0.361328125 0.025 0.0234375
2 0.396875 0.3486328125 0.009375 0.009765625
2 0.32890625 0.3544921875 0.0140625 0.013671875
2 0.38359375 0.349609375 0.0109375 0.01171875
2 0.3640625 0.3525390625 0.009375 0.009765625
2 0.3015625 0.3583984375 0.015625 0.017578125
2 0.41328125 0.3486328125 0.0046875 0.005859375
2 0.42578125 0.34765625 0.0046875 0.00390625
7 0.36640625 0.34375 0.0140625 0.0078125
