2 0.51875 0.6328125 0.025 0.03125
7 0.9484375 0.6142578125 0.1 0.283203125
7 0.7109375 0.6220703125 0.084375 0.095703125
7 0.61171875 0.6240234375 0.0359375 0.060546875
7 0.6421875 0.6259765625 0.028125 0.060546875
2 0.55546875 0.6318359375 0.0109375 0.013671875
2 0.51875 0.6328125 0.025 0.03125
7 0.9484375 0.6142578125 0.1 0.283203125
7 0.7109375 0.6220703125 0.084375 0.095703125
7 0.61171875 0.6240234375 0.0359375 0.060546875
7 0.6421875 0.6259765625 0.028125 0.060546875
2 0.55546875 0.6318359375 0.0109375 0.013671875
