2 0.959375 0.6083984375 0.078125 0.232421875
2 0.684375 0.4462890625 0.046875 0.044921875
2 0.5859375 0.4443359375 0.0125 0.013671875
2 0.52265625 0.4453125 0.0203125 0.01953125
0 0.48671875 0.4453125 0.0078125 0.02734375
9 0.50859375 0.28125 0.0140625 0.04296875
9 0.6140625 0.275390625 0.0125 0.04296875
11 0.540625 0.2685546875 0.01875 0.029296875
11 0.7015625 0.29296875 0.05625 0.0234375
11 0.228125 0.3134765625 0.025 0.033203125
9 0.215625 0.3720703125 0.009375 0.009765625
9 0.2515625 0.3701171875 0.009375 0.009765625
0 0.57421875 0.46875 0.0171875 0.0703125
0 0.234375 0.5166015625 0.053125 0.158203125
0 0.16484375 0.521484375 0.0359375 0.16796875
9 0.128125 0.2109375 0.015625 0.0546875
9 0.209375 0.2421875 0.0125 0.0390625
2 0.2671875 0.4580078125 0.03125 0.033203125
11 0.23203125 0.38671875 0.0359375 0.01171875
0 0.03984375 0.5048828125 0.0453125 0.134765625
2 0.13046875 0.4794921875 0.0390625 0.037109375
2 0.32421875 0.45703125 0.0359375 0.03125
2 0.0125 0.4892578125 0.025 0.044921875
11 0.99140625 0.3505859375 0.0140625 0.056640625
11 0.9828125 0.3046875 0.03125 0.02734375
9 0.93828125 0.2763671875 0.0234375 0.025390625
11 0.7421875 0.337890625 0.01875 0.03515625
2 0.08671875 0.4814453125 0.0546875 0.044921875
0 0.87109375 0.462890625 0.0203125 0.08203125
2 0.465625 0.4345703125 0.015625 0.017578125
2 0.40078125 0.451171875 0.0328125 0.0234375
0 0.87734375 0.4404296875 0.0171875 0.056640625
2 0.83984375 0.4248046875 0.0328125 0.021484375
2 0.28984375 0.458984375 0.0171875 0.01953125
0 0.0625 0.4609375 0.0125 0.0234375
2 0.81328125 0.4296875 0.0203125 0.015625
2 0.959375 0.6083984375 0.078125 0.232421875
2 0.684375 0.4462890625 0.046875 0.044921875
2 0.5859375 0.4443359375 0.0125 0.013671875
2 0.52265625 0.4453125 0.0203125 0.01953125
0 0.48671875 0.4453125 0.0078125 0.02734375
9 0.50859375 0.28125 0.0140625 0.04296875
9 0.6140625 0.275390625 0.0125 0.04296875
11 0.540625 0.2685546875 0.01875 0.029296875
11 0.7015625 0.29296875 0.05625 0.0234375
11 0.228125 0.3134765625 0.025 0.033203125
9 0.215625 0.3720703125 0.009375 0.009765625
9 0.2515625 0.3701171875 0.009375 0.009765625
0 0.57421875 0.46875 0.0171875 0.0703125
0 0.234375 0.5166015625 0.053125 0.158203125
0 0.16484375 0.521484375 0.0359375 0.16796875
9 0.128125 0.2109375 0.015625 0.0546875
9 0.209375 0.2421875 0.0125 0.0390625
2 0.2671875 0.4580078125 0.03125 0.033203125
11 0.23203125 0.38671875 0.0359375 0.01171875
0 0.03984375 0.5048828125 0.0453125 0.134765625
2 0.13046875 0.4794921875 0.0390625 0.037109375
2 0.32421875 0.45703125 0.0359375 0.03125
2 0.0125 0.4892578125 0.025 0.044921875
11 0.99140625 0.3505859375 0.0140625 0.056640625
11 0.9828125 0.3046875 0.03125 0.02734375
9 0.93828125 0.2763671875 0.0234375 0.025390625
11 0.7421875 0.337890625 0.01875 0.03515625
2 0.08671875 0.4814453125 0.0546875 0.044921875
0 0.87109375 0.462890625 0.0203125 0.08203125
2 0.465625 0.4345703125 0.015625 0.017578125
2 0.40078125 0.451171875 0.0328125 0.0234375
0 0.87734375 0.4404296875 0.0171875 0.056640625
2 0.83984375 0.4248046875 0.0328125 0.021484375
2 0.28984375 0.458984375 0.0171875 0.01953125
0 0.0625 0.4609375 0.0125 0.0234375
2 0.81328125 0.4296875 0.0203125 0.015625
