2 0.890625 0.5126953125 0.215625 0.255859375
2 0.70859375 0.478515625 0.0671875 0.109375
2 0.65234375 0.443359375 0.0359375 0.03515625
2 0.57734375 0.443359375 0.0109375 0.01171875
2 0.55546875 0.443359375 0.0109375 0.01171875
2 0.52265625 0.44140625 0.0203125 0.0234375
0 0.49609375 0.4423828125 0.0078125 0.025390625
2 0.31875 0.45703125 0.01875 0.0234375
2 0.2921875 0.458984375 0.01875 0.0234375
9 0.52265625 0.3291015625 0.0078125 0.029296875
9 0.59296875 0.32421875 0.0078125 0.02734375
11 0.54375 0.3203125 0.0125 0.01953125
11 0.6515625 0.3359375 0.0375 0.015625
11 0.3375 0.3544921875 0.015625 0.021484375
9 0.32734375 0.3916015625 0.0046875 0.005859375
9 0.35234375 0.3916015625 0.0046875 0.005859375
11 0.33515625 0.43359375 0.0078125 0.0234375
0 0.44609375 0.4580078125 0.0171875 0.044921875
0 0.2703125 0.46875 0.021875 0.0703125
0 0.24921875 0.46875 0.0203125 0.07421875
9 0.3015625 0.2998046875 0.009375 0.033203125
9 0.334375 0.3154296875 0.009375 0.029296875
2 0.75703125 0.4892578125 0.0921875 0.134765625
2 0.20390625 0.4697265625 0.0296875 0.033203125
2 0.37578125 0.45703125 0.0234375 0.0234375
2 0.1671875 0.4755859375 0.05 0.041015625
11 0.3390625 0.400390625 0.021875 0.0078125
2 0.30625 0.45703125 0.015625 0.0234375
0 0.14453125 0.4619140625 0.0109375 0.033203125
0 0.228125 0.4697265625 0.021875 0.064453125
0 0.1 0.4765625 0.01875 0.0546875
2 0.890625 0.5126953125 0.215625 0.255859375
2 0.70859375 0.478515625 0.0671875 0.109375
2 0.65234375 0.443359375 0.0359375 0.03515625
2 0.57734375 0.443359375 0.0109375 0.01171875
2 0.55546875 0.443359375 0.0109375 0.01171875
2 0.52265625 0.44140625 0.0203125 0.0234375
0 0.49609375 0.4423828125 0.0078125 0.025390625
2 0.31875 0.45703125 0.01875 0.0234375
2 0.2921875 0.458984375 0.01875 0.0234375
9 0.52265625 0.3291015625 0.0078125 0.029296875
9 0.59296875 0.32421875 0.0078125 0.02734375
11 0.54375 0.3203125 0.0125 0.01953125
11 0.6515625 0.3359375 0.0375 0.015625
11 0.3375 0.3544921875 0.015625 0.021484375
9 0.32734375 0.3916015625 0.0046875 0.005859375
9 0.35234375 0.3916015625 0.0046875 0.005859375
11 0.33515625 0.43359375 0.0078125 0.0234375
0 0.44609375 0.4580078125 0.0171875 0.044921875
0 0.2703125 0.46875 0.021875 0.0703125
0 0.24921875 0.46875 0.0203125 0.07421875
9 0.3015625 0.2998046875 0.009375 0.033203125
9 0.334375 0.3154296875 0.009375 0.029296875
2 0.75703125 0.4892578125 0.0921875 0.134765625
2 0.20390625 0.4697265625 0.0296875 0.033203125
2 0.37578125 0.45703125 0.0234375 0.0234375
2 0.1671875 0.4755859375 0.05 0.041015625
11 0.3390625 0.400390625 0.021875 0.0078125
2 0.30625 0.45703125 0.015625 0.0234375
0 0.14453125 0.4619140625 0.0109375 0.033203125
0 0.228125 0.4697265625 0.021875 0.064453125
0 0.1 0.4765625 0.01875 0.0546875
