2 0.51953125 0.630859375 0.0234375 0.02734375
7 0.9125 0.6298828125 0.171875 0.244140625
7 0.6953125 0.62109375 0.075 0.09375
7 0.60390625 0.6220703125 0.0328125 0.052734375
7 0.6328125 0.6220703125 0.028125 0.052734375
2 0.553125 0.6279296875 0.009375 0.013671875
2 0.51953125 0.630859375 0.0234375 0.02734375
7 0.9125 0.6298828125 0.171875 0.244140625
7 0.6953125 0.62109375 0.075 0.09375
7 0.60390625 0.6220703125 0.0328125 0.052734375
7 0.6328125 0.6220703125 0.028125 0.052734375
2 0.553125 0.6279296875 0.009375 0.013671875
