2 0.91875 0.5048828125 0.159375 0.306640625
2 0.29140625 0.4140625 0.1203125 0.10546875
2 0.56015625 0.37109375 0.0390625 0.04296875
2 0.4984375 0.4140625 0.115625 0.11328125
2 0.4015625 0.37109375 0.053125 0.05078125
2 0.29921875 0.3544921875 0.0546875 0.025390625
2 0.2109375 0.37890625 0.053125 0.05078125
2 0.45390625 0.3544921875 0.0203125 0.021484375
2 0.33203125 0.3671875 0.0203125 0.03515625
3 0.4546875 0.36328125 0.009375 0.01953125
0 0.4546875 0.3564453125 0.009375 0.021484375
0 0.42734375 0.3544921875 0.0078125 0.017578125
3 0.42734375 0.359375 0.0078125 0.015625
9 0.44140625 0.173828125 0.0140625 0.046875
9 0.4234375 0.1748046875 0.015625 0.048828125
9 0.40703125 0.1748046875 0.0140625 0.048828125
0 0.7578125 0.3740234375 0.021875 0.072265625
0 0.7796875 0.3720703125 0.021875 0.072265625
9 0.23203125 0.2080078125 0.0109375 0.037109375
9 0.2453125 0.2080078125 0.0125 0.037109375
9 0.21640625 0.2080078125 0.0140625 0.037109375
0 0.18046875 0.3681640625 0.0078125 0.033203125
0 0.146875 0.376953125 0.015625 0.03125
0 0.571875 0.3486328125 0.009375 0.021484375
2 0.54453125 0.3583984375 0.0296875 0.037109375
11 0.16640625 0.3349609375 0.0078125 0.009765625
11 0.16640625 0.3486328125 0.0078125 0.009765625
2 0.43359375 0.3544921875 0.0140625 0.017578125
0 0.2609375 0.353515625 0.009375 0.01953125
2 0.37421875 0.3583984375 0.0171875 0.017578125
11 0.89375 0.26953125 0.0625 0.0234375
11 0.9140625 0.2451171875 0.103125 0.021484375
11 0.91328125 0.2177734375 0.1046875 0.021484375
11 0.91328125 0.19140625 0.1046875 0.0234375
2 0.4953125 0.3525390625 0.025 0.013671875
2 0.521875 0.353515625 0.015625 0.015625
0 0.246875 0.361328125 0.009375 0.02734375
0 0.2578125 0.3544921875 0.009375 0.017578125
0 0.1640625 0.369140625 0.009375 0.03125
2 0.46953125 0.3525390625 0.0140625 0.017578125
0 0.23828125 0.357421875 0.0078125 0.01953125
0 0.359375 0.3564453125 0.009375 0.021484375
0 0.8046875 0.390625 0.021875 0.078125
2 0.91875 0.5048828125 0.159375 0.306640625
2 0.29140625 0.4140625 0.1203125 0.10546875
2 0.56015625 0.37109375 0.0390625 0.04296875
2 0.4984375 0.4140625 0.115625 0.11328125
2 0.4015625 0.37109375 0.053125 0.05078125
2 0.29921875 0.3544921875 0.0546875 0.025390625
2 0.2109375 0.37890625 0.053125 0.05078125
2 0.45390625 0.3544921875 0.0203125 0.021484375
2 0.33203125 0.3671875 0.0203125 0.03515625
3 0.4546875 0.36328125 0.009375 0.01953125
0 0.4546875 0.3564453125 0.009375 0.021484375
0 0.42734375 0.3544921875 0.0078125 0.017578125
3 0.42734375 0.359375 0.0078125 0.015625
9 0.44140625 0.173828125 0.0140625 0.046875
9 0.4234375 0.1748046875 0.015625 0.048828125
9 0.40703125 0.1748046875 0.0140625 0.048828125
0 0.7578125 0.3740234375 0.021875 0.072265625
0 0.7796875 0.3720703125 0.021875 0.072265625
9 0.23203125 0.2080078125 0.0109375 0.037109375
9 0.2453125 0.2080078125 0.0125 0.037109375
9 0.21640625 0.2080078125 0.0140625 0.037109375
0 0.18046875 0.3681640625 0.0078125 0.033203125
0 0.146875 0.376953125 0.015625 0.03125
0 0.571875 0.3486328125 0.009375 0.021484375
2 0.54453125 0.3583984375 0.0296875 0.037109375
11 0.16640625 0.3349609375 0.0078125 0.009765625
11 0.16640625 0.3486328125 0.0078125 0.009765625
2 0.43359375 0.3544921875 0.0140625 0.017578125
0 0.2609375 0.353515625 0.009375 0.01953125
2 0.37421875 0.3583984375 0.0171875 0.017578125
11 0.89375 0.26953125 0.0625 0.0234375
11 0.9140625 0.2451171875 0.103125 0.021484375
11 0.91328125 0.2177734375 0.1046875 0.021484375
11 0.91328125 0.19140625 0.1046875 0.0234375
2 0.4953125 0.3525390625 0.025 0.013671875
2 0.521875 0.353515625 0.015625 0.015625
0 0.246875 0.361328125 0.009375 0.02734375
0 0.2578125 0.3544921875 0.009375 0.017578125
0 0.1640625 0.369140625 0.009375 0.03125
2 0.46953125 0.3525390625 0.0140625 0.017578125
0 0.23828125 0.357421875 0.0078125 0.01953125
0 0.359375 0.3564453125 0.009375 0.021484375
0 0.8046875 0.390625 0.021875 0.078125
