2 0.590625 0.3544921875 0.040625 0.044921875
2 0.53984375 0.359375 0.0296875 0.02734375
7 0.53359375 0.33984375 0.0203125 0.03125
7 0.51640625 0.3427734375 0.0109375 0.017578125
2 0.48515625 0.3505859375 0.0171875 0.017578125
2 0.07734375 0.37109375 0.0515625 0.03125
2 0.175 0.3623046875 0.03125 0.017578125
2 0.25546875 0.3564453125 0.0234375 0.013671875
2 0.290625 0.353515625 0.009375 0.0078125
2 0.315625 0.3515625 0.0125 0.0078125
2 0.50390625 0.34765625 0.0078125 0.0078125
2 0.590625 0.3544921875 0.040625 0.044921875
2 0.53984375 0.359375 0.0296875 0.02734375
7 0.53359375 0.33984375 0.0203125 0.03125
7 0.51640625 0.3427734375 0.0109375 0.017578125
2 0.48515625 0.3505859375 0.0171875 0.017578125
2 0.07734375 0.37109375 0.0515625 0.03125
2 0.175 0.3623046875 0.03125 0.017578125
2 0.25546875 0.3564453125 0.0234375 0.013671875
2 0.290625 0.353515625 0.009375 0.0078125
2 0.315625 0.3515625 0.0125 0.0078125
2 0.50390625 0.34765625 0.0078125 0.0078125
