2 0.590625 0.3544921875 0.040625 0.044921875
2 0.53828125 0.357421875 0.0296875 0.02734375
7 0.53125 0.33984375 0.01875 0.03125
7 0.51328125 0.3427734375 0.0109375 0.017578125
2 0.48203125 0.3525390625 0.0171875 0.021484375
2 0.05859375 0.3857421875 0.0609375 0.041015625
2 0.22890625 0.35546875 0.0234375 0.015625
2 0.2703125 0.353515625 0.015625 0.01171875
2 0.17421875 0.369140625 0.0359375 0.02734375
2 0.32109375 0.3505859375 0.0109375 0.009765625
2 0.334375 0.349609375 0.009375 0.0078125
2 0.35390625 0.3486328125 0.0078125 0.005859375
2 0.590625 0.3544921875 0.040625 0.044921875
2 0.53828125 0.357421875 0.0296875 0.02734375
7 0.53125 0.33984375 0.01875 0.03125
7 0.51328125 0.3427734375 0.0109375 0.017578125
2 0.48203125 0.3525390625 0.0171875 0.021484375
2 0.05859375 0.3857421875 0.0609375 0.041015625
2 0.22890625 0.35546875 0.0234375 0.015625
2 0.2703125 0.353515625 0.015625 0.01171875
2 0.17421875 0.369140625 0.0359375 0.02734375
2 0.32109375 0.3505859375 0.0109375 0.009765625
2 0.334375 0.349609375 0.009375 0.0078125
2 0.35390625 0.3486328125 0.0078125 0.005859375
