2 0.775 0.4248046875 0.221875 0.197265625
2 0.6125 0.3603515625 0.046875 0.052734375
2 0.54296875 0.36328125 0.0296875 0.02734375
7 0.528125 0.34375 0.01875 0.02734375
7 0.50234375 0.34375 0.0078125 0.01171875
2 0.5046875 0.3515625 0.009375 0.0078125
2 0.49140625 0.35546875 0.0171875 0.01953125
7 0.0578125 0.3603515625 0.115625 0.095703125
2 0.23984375 0.365234375 0.0265625 0.0234375
2 0.3265625 0.35546875 0.015625 0.015625
2 0.3625 0.3544921875 0.009375 0.009765625
7 0.2234375 0.3515625 0.059375 0.05078125
2 0.2125 0.3681640625 0.021875 0.017578125
2 0.3890625 0.3515625 0.009375 0.0078125
2 0.3125 0.357421875 0.015625 0.015625
2 0.37734375 0.3525390625 0.0140625 0.013671875
2 0.35234375 0.3544921875 0.0109375 0.009765625
2 0.27890625 0.361328125 0.0203125 0.01953125
2 0.40078125 0.3515625 0.0046875 0.00390625
2 0.40859375 0.349609375 0.0046875 0.00390625
7 0.35546875 0.345703125 0.0140625 0.0078125
2 0.775 0.4248046875 0.221875 0.197265625
2 0.6125 0.3603515625 0.046875 0.052734375
2 0.54296875 0.36328125 0.0296875 0.02734375
7 0.528125 0.34375 0.01875 0.02734375
7 0.50234375 0.34375 0.0078125 0.01171875
2 0.5046875 0.3515625 0.009375 0.0078125
2 0.49140625 0.35546875 0.0171875 0.01953125
7 0.0578125 0.3603515625 0.115625 0.095703125
2 0.23984375 0.365234375 0.0265625 0.0234375
2 0.3265625 0.35546875 0.015625 0.015625
2 0.3625 0.3544921875 0.009375 0.009765625
7 0.2234375 0.3515625 0.059375 0.05078125
2 0.2125 0.3681640625 0.021875 0.017578125
2 0.3890625 0.3515625 0.009375 0.0078125
2 0.3125 0.357421875 0.015625 0.015625
2 0.37734375 0.3525390625 0.0140625 0.013671875
2 0.35234375 0.3544921875 0.0109375 0.009765625
2 0.27890625 0.361328125 0.0203125 0.01953125
2 0.40078125 0.3515625 0.0046875 0.00390625
2 0.40859375 0.349609375 0.0046875 0.00390625
7 0.35546875 0.345703125 0.0140625 0.0078125
