2 0.734375 0.412109375 0.184375 0.16796875
2 0.6140625 0.359375 0.05 0.0546875
2 0.54140625 0.3603515625 0.0328125 0.029296875
7 0.52578125 0.341796875 0.0171875 0.02734375
7 0.5015625 0.33984375 0.009375 0.01171875
2 0.50390625 0.3486328125 0.0109375 0.009765625
2 0.4921875 0.3525390625 0.01875 0.021484375
7 0.2234375 0.349609375 0.06875 0.05859375
2 0.153125 0.373046875 0.04375 0.03125
2 0.23828125 0.36328125 0.0296875 0.0234375
2 0.32421875 0.3515625 0.0203125 0.01953125
2 0.36953125 0.3505859375 0.0109375 0.009765625
2 0.38828125 0.349609375 0.0078125 0.0078125
7 0.29765625 0.345703125 0.0328125 0.03515625
2 0.3015625 0.353515625 0.01875 0.015625
2 0.4078125 0.3486328125 0.009375 0.009765625
2 0.35625 0.3515625 0.0125 0.01171875
2 0.39765625 0.34765625 0.0078125 0.0078125
2 0.38046875 0.349609375 0.0078125 0.0078125
2 0.3390625 0.353515625 0.009375 0.01171875
2 0.734375 0.412109375 0.184375 0.16796875
2 0.6140625 0.359375 0.05 0.0546875
2 0.54140625 0.3603515625 0.0328125 0.029296875
7 0.52578125 0.341796875 0.0171875 0.02734375
7 0.5015625 0.33984375 0.009375 0.01171875
2 0.50390625 0.3486328125 0.0109375 0.009765625
2 0.4921875 0.3525390625 0.01875 0.021484375
7 0.2234375 0.349609375 0.06875 0.05859375
2 0.153125 0.373046875 0.04375 0.03125
2 0.23828125 0.36328125 0.0296875 0.0234375
2 0.32421875 0.3515625 0.0203125 0.01953125
2 0.36953125 0.3505859375 0.0109375 0.009765625
2 0.38828125 0.349609375 0.0078125 0.0078125
7 0.29765625 0.345703125 0.0328125 0.03515625
2 0.3015625 0.353515625 0.01875 0.015625
2 0.4078125 0.3486328125 0.009375 0.009765625
2 0.35625 0.3515625 0.0125 0.01171875
2 0.39765625 0.34765625 0.0078125 0.0078125
2 0.38046875 0.349609375 0.0078125 0.0078125
2 0.3390625 0.353515625 0.009375 0.01171875
