2 0.5921875 0.35546875 0.040625 0.04296875
2 0.53671875 0.3583984375 0.0296875 0.029296875
7 0.528125 0.3388671875 0.01875 0.029296875
7 0.509375 0.34375 0.009375 0.015625
2 0.4828125 0.353515625 0.015625 0.01953125
2 0.1671875 0.365234375 0.040625 0.0390625
2 0.26796875 0.3603515625 0.0203125 0.017578125
2 0.3109375 0.3515625 0.0125 0.01171875
2 0.14140625 0.3701171875 0.0421875 0.033203125
2 0.25078125 0.3623046875 0.0203125 0.017578125
2 0.33125 0.349609375 0.009375 0.0078125
2 0.29765625 0.3544921875 0.0140625 0.009765625
2 0.36484375 0.349609375 0.0078125 0.0078125
2 0.1921875 0.3662109375 0.01875 0.021484375
2 0.5921875 0.35546875 0.040625 0.04296875
2 0.53671875 0.3583984375 0.0296875 0.029296875
7 0.528125 0.3388671875 0.01875 0.029296875
7 0.509375 0.34375 0.009375 0.015625
2 0.4828125 0.353515625 0.015625 0.01953125
2 0.1671875 0.365234375 0.040625 0.0390625
2 0.26796875 0.3603515625 0.0203125 0.017578125
2 0.3109375 0.3515625 0.0125 0.01171875
2 0.14140625 0.3701171875 0.0421875 0.033203125
2 0.25078125 0.3623046875 0.0203125 0.017578125
2 0.33125 0.349609375 0.009375 0.0078125
2 0.29765625 0.3544921875 0.0140625 0.009765625
2 0.36484375 0.349609375 0.0078125 0.0078125
2 0.1921875 0.3662109375 0.01875 0.021484375
