2 0.88359375 0.4951171875 0.2296875 0.345703125
2 0.61015625 0.359375 0.0453125 0.05078125
2 0.54453125 0.361328125 0.0296875 0.02734375
7 0.53125 0.3447265625 0.01875 0.029296875
7 0.50625 0.3427734375 0.009375 0.009765625
2 0.50546875 0.3525390625 0.0109375 0.009765625
2 0.49140625 0.3544921875 0.0171875 0.017578125
2 0.2921875 0.3623046875 0.021875 0.017578125
2 0.22421875 0.3623046875 0.0359375 0.033203125
2 0.0765625 0.3857421875 0.05625 0.037109375
2 0.3453125 0.3544921875 0.009375 0.009765625
2 0.3546875 0.35546875 0.009375 0.01171875
7 0.1890625 0.353515625 0.0875 0.06640625
2 0.33203125 0.3515625 0.0203125 0.0234375
2 0.38359375 0.353515625 0.0109375 0.01171875
2 0.39765625 0.349609375 0.0078125 0.0078125
2 0.409375 0.3505859375 0.00625 0.005859375
2 0.88359375 0.4951171875 0.2296875 0.345703125
2 0.61015625 0.359375 0.0453125 0.05078125
2 0.54453125 0.361328125 0.0296875 0.02734375
7 0.53125 0.3447265625 0.01875 0.029296875
7 0.50625 0.3427734375 0.009375 0.009765625
2 0.50546875 0.3525390625 0.0109375 0.009765625
2 0.49140625 0.3544921875 0.0171875 0.017578125
2 0.2921875 0.3623046875 0.021875 0.017578125
2 0.22421875 0.3623046875 0.0359375 0.033203125
2 0.0765625 0.3857421875 0.05625 0.037109375
2 0.3453125 0.3544921875 0.009375 0.009765625
2 0.3546875 0.35546875 0.009375 0.01171875
7 0.1890625 0.353515625 0.0875 0.06640625
2 0.33203125 0.3515625 0.0203125 0.0234375
2 0.38359375 0.353515625 0.0109375 0.01171875
2 0.39765625 0.349609375 0.0078125 0.0078125
2 0.409375 0.3505859375 0.00625 0.005859375
