2 0.9515625 0.5947265625 0.09375 0.232421875
2 0.85390625 0.541015625 0.2109375 0.18359375
2 0.7453125 0.5126953125 0.096875 0.123046875
2 0.71953125 0.4912109375 0.0890625 0.099609375
2 0.68515625 0.4736328125 0.0828125 0.087890625
2 0.634375 0.4716796875 0.021875 0.056640625
2 0.62578125 0.45703125 0.0171875 0.02734375
2 0.60078125 0.45703125 0.0140625 0.015625
2 0.55859375 0.4638671875 0.0265625 0.029296875
2 0.52890625 0.4609375 0.0234375 0.02734375
0 0.50390625 0.45703125 0.0078125 0.0234375
2 0.3703125 0.4677734375 0.021875 0.021484375
2 0.35546875 0.4638671875 0.0203125 0.021484375
2 0.334375 0.4736328125 0.03125 0.029296875
2 0.290625 0.4892578125 0.01875 0.021484375
2 0.26171875 0.4775390625 0.0265625 0.029296875
0 0.234375 0.4775390625 0.009375 0.041015625
2 0.0375 0.494140625 0.05625 0.0703125
2 0.06953125 0.4853515625 0.0328125 0.041015625
9 0.53046875 0.369140625 0.0046875 0.015625
9 0.58359375 0.3701171875 0.0046875 0.017578125
11 0.546875 0.3662109375 0.009375 0.013671875
11 0.6265625 0.37890625 0.028125 0.01171875
11 0.8375 0.373046875 0.021875 0.0390625
11 0.4015625 0.3955078125 0.0125 0.021484375
9 0.3953125 0.4189453125 0.00625 0.005859375
9 0.409375 0.4189453125 0.00625 0.005859375
11 0.3734375 0.44921875 0.00625 0.0078125
0 0.2125 0.4736328125 0.009375 0.033203125
0 0.41171875 0.4677734375 0.0140625 0.033203125
0 0.31640625 0.470703125 0.0078125 0.0390625
2 0.9515625 0.5947265625 0.09375 0.232421875
2 0.85390625 0.541015625 0.2109375 0.18359375
2 0.7453125 0.5126953125 0.096875 0.123046875
2 0.71953125 0.4912109375 0.0890625 0.099609375
2 0.68515625 0.4736328125 0.0828125 0.087890625
2 0.634375 0.4716796875 0.021875 0.056640625
2 0.62578125 0.45703125 0.0171875 0.02734375
2 0.60078125 0.45703125 0.0140625 0.015625
2 0.55859375 0.4638671875 0.0265625 0.029296875
2 0.52890625 0.4609375 0.0234375 0.02734375
0 0.50390625 0.45703125 0.0078125 0.0234375
2 0.3703125 0.4677734375 0.021875 0.021484375
2 0.35546875 0.4638671875 0.0203125 0.021484375
2 0.334375 0.4736328125 0.03125 0.029296875
2 0.290625 0.4892578125 0.01875 0.021484375
2 0.26171875 0.4775390625 0.0265625 0.029296875
0 0.234375 0.4775390625 0.009375 0.041015625
2 0.0375 0.494140625 0.05625 0.0703125
2 0.06953125 0.4853515625 0.0328125 0.041015625
9 0.53046875 0.369140625 0.0046875 0.015625
9 0.58359375 0.3701171875 0.0046875 0.017578125
11 0.546875 0.3662109375 0.009375 0.013671875
11 0.6265625 0.37890625 0.028125 0.01171875
11 0.8375 0.373046875 0.021875 0.0390625
11 0.4015625 0.3955078125 0.0125 0.021484375
9 0.3953125 0.4189453125 0.00625 0.005859375
9 0.409375 0.4189453125 0.00625 0.005859375
11 0.3734375 0.44921875 0.00625 0.0078125
0 0.2125 0.4736328125 0.009375 0.033203125
0 0.41171875 0.4677734375 0.0140625 0.033203125
0 0.31640625 0.470703125 0.0078125 0.0390625
