3 0.96328125 0.5859375 0.0703125 0.1953125
2 0.88828125 0.494140625 0.2203125 0.27734375
2 0.765625 0.4326171875 0.18125 0.181640625
3 0.603125 0.3984375 0.046875 0.046875
3 0.61875 0.404296875 0.053125 0.05078125
0 0.596875 0.35546875 0.0125 0.03125
0 0.575 0.3642578125 0.009375 0.037109375
0 0.54375 0.359375 0.009375 0.03515625
2 0.01015625 0.4287109375 0.0203125 0.087890625
2 0.1921875 0.3955078125 0.115625 0.099609375
2 0.34140625 0.3681640625 0.0453125 0.048828125
2 0.4078125 0.3701171875 0.040625 0.044921875
2 0.43125 0.3623046875 0.025 0.029296875
2 0.4484375 0.359375 0.015625 0.01953125
2 0.47265625 0.3681640625 0.0359375 0.037109375
2 0.521875 0.3642578125 0.025 0.025390625
2 0.51328125 0.3603515625 0.0203125 0.025390625
11 0.378125 0.248046875 0.015625 0.0234375
11 0.78984375 0.28125 0.0296875 0.046875
9 0.446875 0.248046875 0.009375 0.0234375
9 0.45703125 0.25 0.0078125 0.0234375
9 0.4390625 0.25 0.00625 0.0234375
9 0.29375 0.2392578125 0.009375 0.025390625
9 0.284375 0.2412109375 0.009375 0.025390625
9 0.57109375 0.30859375 0.0046875 0.0078125
9 0.2734375 0.2392578125 0.009375 0.025390625
2 0.38125 0.3603515625 0.021875 0.025390625
0 0.1328125 0.3779296875 0.0125 0.037109375
0 0.11640625 0.376953125 0.0140625 0.0390625
3 0.66796875 0.412109375 0.0484375 0.09375
2 0.28046875 0.3720703125 0.0328125 0.029296875
0 0.6625 0.36328125 0.025 0.02734375
0 0.6203125 0.357421875 0.009375 0.02734375
2 0.021875 0.4140625 0.04375 0.0625
3 0.96328125 0.5859375 0.0703125 0.1953125
2 0.88828125 0.494140625 0.2203125 0.27734375
2 0.765625 0.4326171875 0.18125 0.181640625
3 0.603125 0.3984375 0.046875 0.046875
3 0.61875 0.404296875 0.053125 0.05078125
0 0.596875 0.35546875 0.0125 0.03125
0 0.575 0.3642578125 0.009375 0.037109375
0 0.54375 0.359375 0.009375 0.03515625
2 0.01015625 0.4287109375 0.0203125 0.087890625
2 0.1921875 0.3955078125 0.115625 0.099609375
2 0.34140625 0.3681640625 0.0453125 0.048828125
2 0.4078125 0.3701171875 0.040625 0.044921875
2 0.43125 0.3623046875 0.025 0.029296875
2 0.4484375 0.359375 0.015625 0.01953125
2 0.47265625 0.3681640625 0.0359375 0.037109375
2 0.521875 0.3642578125 0.025 0.025390625
2 0.51328125 0.3603515625 0.0203125 0.025390625
11 0.378125 0.248046875 0.015625 0.0234375
11 0.78984375 0.28125 0.0296875 0.046875
9 0.446875 0.248046875 0.009375 0.0234375
9 0.45703125 0.25 0.0078125 0.0234375
9 0.4390625 0.25 0.00625 0.0234375
9 0.29375 0.2392578125 0.009375 0.025390625
9 0.284375 0.2412109375 0.009375 0.025390625
9 0.57109375 0.30859375 0.0046875 0.0078125
9 0.2734375 0.2392578125 0.009375 0.025390625
2 0.38125 0.3603515625 0.021875 0.025390625
0 0.1328125 0.3779296875 0.0125 0.037109375
0 0.11640625 0.376953125 0.0140625 0.0390625
3 0.66796875 0.412109375 0.0484375 0.09375
2 0.28046875 0.3720703125 0.0328125 0.029296875
0 0.6625 0.36328125 0.025 0.02734375
0 0.6203125 0.357421875 0.009375 0.02734375
2 0.021875 0.4140625 0.04375 0.0625
