0 0.72734375 0.3779296875 0.0203125 0.080078125
0 0.6828125 0.3837890625 0.021875 0.080078125
0 0.6015625 0.375 0.01875 0.0625
2 0.40078125 0.37890625 0.0515625 0.05078125
2 0.42734375 0.3759765625 0.0234375 0.037109375
2 0.45859375 0.36328125 0.0140625 0.0234375
2 0.484375 0.3759765625 0.0375 0.037109375
2 0.56484375 0.376953125 0.0421875 0.0390625
2 0.53984375 0.375 0.0234375 0.03125
11 0.24765625 0.119140625 0.0390625 0.0546875
9 0.41875 0.1328125 0.015625 0.0546875
9 0.440625 0.1337890625 0.0125 0.052734375
9 0.40078125 0.1357421875 0.0109375 0.052734375
2 0.4984375 0.3701171875 0.021875 0.033203125
9 0.46953125 0.3095703125 0.0046875 0.013671875
3 0.2515625 0.390625 0.021875 0.0390625
11 0.9828125 0.3134765625 0.03125 0.080078125
9 0.984375 0.1748046875 0.028125 0.025390625
2 0.16015625 0.3974609375 0.0578125 0.044921875
2 0.5125 0.365234375 0.015625 0.01953125
9 0.9609375 0.2265625 0.028125 0.0390625
0 0.053125 0.38671875 0.015625 0.03515625
0 0.1015625 0.375 0.0125 0.015625
2 0.3578125 0.373046875 0.0375 0.04296875
11 0.67265625 0.310546875 0.0265625 0.03515625
10 0.94609375 0.4033203125 0.0140625 0.029296875
0 0.134375 0.37890625 0.009375 0.02734375
0 0.07265625 0.3876953125 0.0109375 0.013671875
0 0.0828125 0.3828125 0.009375 0.01171875
0 0.02890625 0.400390625 0.0109375 0.0234375
1 0.12109375 0.4072265625 0.0171875 0.021484375
9 0.0078125 0.0849609375 0.015625 0.064453125
9 0.67421875 0.27734375 0.0078125 0.015625
0 0.253125 0.37890625 0.015625 0.0390625
0 0.76796875 0.3818359375 0.0203125 0.068359375
2 0.31640625 0.3798828125 0.0609375 0.056640625
3 0.4515625 0.3720703125 0.0125 0.017578125
0 0.45078125 0.3642578125 0.0109375 0.025390625
0 0.72734375 0.3779296875 0.0203125 0.080078125
0 0.6828125 0.3837890625 0.021875 0.080078125
0 0.6015625 0.375 0.01875 0.0625
2 0.40078125 0.37890625 0.0515625 0.05078125
2 0.42734375 0.3759765625 0.0234375 0.037109375
2 0.45859375 0.36328125 0.0140625 0.0234375
2 0.484375 0.3759765625 0.0375 0.037109375
2 0.56484375 0.376953125 0.0421875 0.0390625
2 0.53984375 0.375 0.0234375 0.03125
11 0.24765625 0.119140625 0.0390625 0.0546875
9 0.41875 0.1328125 0.015625 0.0546875
9 0.440625 0.1337890625 0.0125 0.052734375
9 0.40078125 0.1357421875 0.0109375 0.052734375
2 0.4984375 0.3701171875 0.021875 0.033203125
9 0.46953125 0.3095703125 0.0046875 0.013671875
3 0.2515625 0.390625 0.021875 0.0390625
11 0.9828125 0.3134765625 0.03125 0.080078125
9 0.984375 0.1748046875 0.028125 0.025390625
2 0.16015625 0.3974609375 0.0578125 0.044921875
2 0.5125 0.365234375 0.015625 0.01953125
9 0.9609375 0.2265625 0.028125 0.0390625
0 0.053125 0.38671875 0.015625 0.03515625
0 0.1015625 0.375 0.0125 0.015625
2 0.3578125 0.373046875 0.0375 0.04296875
11 0.67265625 0.310546875 0.0265625 0.03515625
10 0.94609375 0.4033203125 0.0140625 0.029296875
0 0.134375 0.37890625 0.009375 0.02734375
0 0.07265625 0.3876953125 0.0109375 0.013671875
0 0.0828125 0.3828125 0.009375 0.01171875
0 0.02890625 0.400390625 0.0109375 0.0234375
1 0.12109375 0.4072265625 0.0171875 0.021484375
9 0.0078125 0.0849609375 0.015625 0.064453125
9 0.67421875 0.27734375 0.0078125 0.015625
0 0.253125 0.37890625 0.015625 0.0390625
0 0.76796875 0.3818359375 0.0203125 0.068359375
2 0.31640625 0.3798828125 0.0609375 0.056640625
3 0.4515625 0.3720703125 0.0125 0.017578125
0 0.45078125 0.3642578125 0.0109375 0.025390625
