0 0.91796875 0.4228515625 0.0296875 0.142578125
0 0.84765625 0.4296875 0.0296875 0.140625
0 0.675 0.4072265625 0.028125 0.111328125
2 0.3765625 0.40234375 0.0625 0.0625
2 0.41015625 0.392578125 0.0296875 0.04296875
2 0.459375 0.373046875 0.0125 0.01953125
2 0.4828125 0.3935546875 0.04375 0.044921875
2 0.6 0.4033203125 0.05 0.056640625
2 0.55390625 0.3955078125 0.0234375 0.041015625
0 0.96171875 0.4267578125 0.0296875 0.119140625
2 0.5 0.38671875 0.025 0.03515625
2 0.08359375 0.4404296875 0.1671875 0.138671875
9 0.4671875 0.3125 0.00625 0.015625
2 0.51796875 0.376953125 0.0140625 0.01953125
2 0.25078125 0.40234375 0.0796875 0.078125
11 0.8046875 0.3046875 0.0375 0.046875
3 0.4515625 0.388671875 0.009375 0.0234375
9 0.815625 0.2412109375 0.025 0.029296875
9 0.4171875 0.3125 0.00625 0.015625
3 0.43203125 0.3896484375 0.0109375 0.021484375
2 0.56796875 0.3994140625 0.0265625 0.048828125
2 0.5421875 0.388671875 0.01875 0.03515625
0 0.00703125 0.40234375 0.0140625 0.0390625
0 0.90859375 0.423828125 0.0234375 0.13671875
0 0.83359375 0.427734375 0.0265625 0.13671875
2 0.534375 0.384765625 0.0125 0.02734375
2 0.20546875 0.4013671875 0.0484375 0.068359375
2 0.44296875 0.3759765625 0.0140625 0.025390625
2 0.31953125 0.384765625 0.0515625 0.03125
0 0.45234375 0.3798828125 0.0109375 0.025390625
0 0.43125 0.3818359375 0.009375 0.025390625
0 0.91796875 0.4228515625 0.0296875 0.142578125
0 0.84765625 0.4296875 0.0296875 0.140625
0 0.675 0.4072265625 0.028125 0.111328125
2 0.3765625 0.40234375 0.0625 0.0625
2 0.41015625 0.392578125 0.0296875 0.04296875
2 0.459375 0.373046875 0.0125 0.01953125
2 0.4828125 0.3935546875 0.04375 0.044921875
2 0.6 0.4033203125 0.05 0.056640625
2 0.55390625 0.3955078125 0.0234375 0.041015625
0 0.96171875 0.4267578125 0.0296875 0.119140625
2 0.5 0.38671875 0.025 0.03515625
2 0.08359375 0.4404296875 0.1671875 0.138671875
9 0.4671875 0.3125 0.00625 0.015625
2 0.51796875 0.376953125 0.0140625 0.01953125
2 0.25078125 0.40234375 0.0796875 0.078125
11 0.8046875 0.3046875 0.0375 0.046875
3 0.4515625 0.388671875 0.009375 0.0234375
9 0.815625 0.2412109375 0.025 0.029296875
9 0.4171875 0.3125 0.00625 0.015625
3 0.43203125 0.3896484375 0.0109375 0.021484375
2 0.56796875 0.3994140625 0.0265625 0.048828125
2 0.5421875 0.388671875 0.01875 0.03515625
0 0.00703125 0.40234375 0.0140625 0.0390625
0 0.90859375 0.423828125 0.0234375 0.13671875
0 0.83359375 0.427734375 0.0265625 0.13671875
2 0.534375 0.384765625 0.0125 0.02734375
2 0.20546875 0.4013671875 0.0484375 0.068359375
2 0.44296875 0.3759765625 0.0140625 0.025390625
2 0.31953125 0.384765625 0.0515625 0.03125
0 0.45234375 0.3798828125 0.0109375 0.025390625
0 0.43125 0.3818359375 0.009375 0.025390625
