2 0.8171875 0.4365234375 0.2625 0.224609375
2 0.6125 0.3564453125 0.046875 0.048828125
2 0.54375 0.359375 0.03125 0.02734375
7 0.52890625 0.3408203125 0.0171875 0.025390625
7 0.503125 0.3408203125 0.009375 0.009765625
2 0.5046875 0.3486328125 0.0125 0.009765625
2 0.490625 0.3525390625 0.015625 0.017578125
2 0.07421875 0.37890625 0.0671875 0.046875
2 0.275 0.3564453125 0.021875 0.021484375
7 0.1203125 0.35546875 0.09375 0.06640625
2 0.3734375 0.353515625 0.0125 0.01171875
2 0.2578125 0.359375 0.01875 0.01953125
2 0.35390625 0.349609375 0.0171875 0.015625
2 0.32578125 0.3544921875 0.0171875 0.013671875
2 0.20546875 0.365234375 0.0296875 0.0234375
2 0.39140625 0.34765625 0.0046875 0.00390625
2 0.39765625 0.34765625 0.0046875 0.00390625
7 0.3265625 0.3427734375 0.015625 0.009765625
2 0.8171875 0.4365234375 0.2625 0.224609375
2 0.6125 0.3564453125 0.046875 0.048828125
2 0.54375 0.359375 0.03125 0.02734375
7 0.52890625 0.3408203125 0.0171875 0.025390625
7 0.503125 0.3408203125 0.009375 0.009765625
2 0.5046875 0.3486328125 0.0125 0.009765625
2 0.490625 0.3525390625 0.015625 0.017578125
2 0.07421875 0.37890625 0.0671875 0.046875
2 0.275 0.3564453125 0.021875 0.021484375
7 0.1203125 0.35546875 0.09375 0.06640625
2 0.3734375 0.353515625 0.0125 0.01171875
2 0.2578125 0.359375 0.01875 0.01953125
2 0.35390625 0.349609375 0.0171875 0.015625
2 0.32578125 0.3544921875 0.0171875 0.013671875
2 0.20546875 0.365234375 0.0296875 0.0234375
2 0.39140625 0.34765625 0.0046875 0.00390625
2 0.39765625 0.34765625 0.0046875 0.00390625
7 0.3265625 0.3427734375 0.015625 0.009765625
