9 0.50859375 0.30078125 0.0078125 0.03125
9 0.6296875 0.2978515625 0.009375 0.033203125
11 0.69609375 0.3076171875 0.0421875 0.017578125
0 0.6015625 0.4375 0.0125 0.046875
0 0.50859375 0.43359375 0.0109375 0.0390625
2 0.47734375 0.4345703125 0.0640625 0.044921875
2 0.3984375 0.435546875 0.05625 0.03125
2 0.3140625 0.48828125 0.140625 0.12890625
2 0.21015625 0.5390625 0.2265625 0.15234375
2 0.29453125 0.419921875 0.0515625 0.01953125
2 0.14140625 0.443359375 0.1265625 0.05859375
11 0.26640625 0.3740234375 0.0390625 0.052734375
9 0.8484375 0.2509765625 0.015625 0.041015625
9 0.82734375 0.259765625 0.0140625 0.0390625
9 0.73828125 0.365234375 0.0046875 0.01171875
11 0.8890625 0.25390625 0.025 0.03125
11 0.0171875 0.3251953125 0.034375 0.072265625
11 0.15078125 0.388671875 0.0109375 0.01171875
9 0.16640625 0.3623046875 0.0109375 0.029296875
2 0.10078125 0.47265625 0.0953125 0.0703125
9 0.1421875 0.3623046875 0.0125 0.025390625
2 0.08671875 0.49609375 0.0640625 0.06640625
2 0.03359375 0.4814453125 0.0671875 0.115234375
2 0.2453125 0.44140625 0.03125 0.0390625
2 0.36171875 0.435546875 0.0328125 0.02734375
2 0.98671875 0.7265625 0.0234375 0.1640625
0 0.32578125 0.41796875 0.0078125 0.01171875
9 0.50859375 0.30078125 0.0078125 0.03125
9 0.6296875 0.2978515625 0.009375 0.033203125
11 0.69609375 0.3076171875 0.0421875 0.017578125
0 0.6015625 0.4375 0.0125 0.046875
0 0.50859375 0.43359375 0.0109375 0.0390625
2 0.47734375 0.4345703125 0.0640625 0.044921875
2 0.3984375 0.435546875 0.05625 0.03125
2 0.3140625 0.48828125 0.140625 0.12890625
2 0.21015625 0.5390625 0.2265625 0.15234375
2 0.29453125 0.419921875 0.0515625 0.01953125
2 0.14140625 0.443359375 0.1265625 0.05859375
11 0.26640625 0.3740234375 0.0390625 0.052734375
9 0.8484375 0.2509765625 0.015625 0.041015625
9 0.82734375 0.259765625 0.0140625 0.0390625
9 0.73828125 0.365234375 0.0046875 0.01171875
11 0.8890625 0.25390625 0.025 0.03125
11 0.0171875 0.3251953125 0.034375 0.072265625
11 0.15078125 0.388671875 0.0109375 0.01171875
9 0.16640625 0.3623046875 0.0109375 0.029296875
2 0.10078125 0.47265625 0.0953125 0.0703125
9 0.1421875 0.3623046875 0.0125 0.025390625
2 0.08671875 0.49609375 0.0640625 0.06640625
2 0.03359375 0.4814453125 0.0671875 0.115234375
2 0.2453125 0.44140625 0.03125 0.0390625
2 0.36171875 0.435546875 0.0328125 0.02734375
2 0.98671875 0.7265625 0.0234375 0.1640625
0 0.32578125 0.41796875 0.0078125 0.01171875
