2 0.86015625 0.4560546875 0.2765625 0.275390625
2 0.61171875 0.3515625 0.0453125 0.05078125
2 0.54375 0.3544921875 0.03125 0.029296875
7 0.53046875 0.337890625 0.0171875 0.02734375
7 0.5046875 0.3369140625 0.009375 0.009765625
2 0.50546875 0.3447265625 0.0109375 0.009765625
2 0.49140625 0.349609375 0.0171875 0.015625
2 0.115625 0.3701171875 0.046875 0.041015625
2 0.3421875 0.3505859375 0.015625 0.013671875
2 0.31015625 0.3486328125 0.0234375 0.021484375
2 0.2515625 0.3583984375 0.025 0.021484375
2 0.02265625 0.3828125 0.0453125 0.04296875
2 0.371875 0.3486328125 0.009375 0.009765625
2 0.38125 0.3486328125 0.009375 0.009765625
7 0.2796875 0.3427734375 0.040625 0.041015625
2 0.35859375 0.345703125 0.0109375 0.01171875
2 0.396875 0.3466796875 0.009375 0.009765625
2 0.146875 0.3662109375 0.021875 0.029296875
2 0.86015625 0.4560546875 0.2765625 0.275390625
2 0.61171875 0.3515625 0.0453125 0.05078125
2 0.54375 0.3544921875 0.03125 0.029296875
7 0.53046875 0.337890625 0.0171875 0.02734375
7 0.5046875 0.3369140625 0.009375 0.009765625
2 0.50546875 0.3447265625 0.0109375 0.009765625
2 0.49140625 0.349609375 0.0171875 0.015625
2 0.115625 0.3701171875 0.046875 0.041015625
2 0.3421875 0.3505859375 0.015625 0.013671875
2 0.31015625 0.3486328125 0.0234375 0.021484375
2 0.2515625 0.3583984375 0.025 0.021484375
2 0.02265625 0.3828125 0.0453125 0.04296875
2 0.371875 0.3486328125 0.009375 0.009765625
2 0.38125 0.3486328125 0.009375 0.009765625
7 0.2796875 0.3427734375 0.040625 0.041015625
2 0.35859375 0.345703125 0.0109375 0.01171875
2 0.396875 0.3466796875 0.009375 0.009765625
2 0.146875 0.3662109375 0.021875 0.029296875
