2 0.5171875 0.6220703125 0.025 0.029296875
2 0.5453125 0.625 0.0125 0.015625
7 0.7515625 0.6240234375 0.125 0.126953125
7 0.671875 0.62109375 0.04375 0.078125
7 0.64140625 0.6171875 0.0265625 0.0546875
7 0.59375 0.619140625 0.025 0.0390625
7 0.61484375 0.619140625 0.0203125 0.0390625
2 0.55859375 0.623046875 0.0078125 0.0078125
2 0.5171875 0.6220703125 0.025 0.029296875
2 0.5453125 0.625 0.0125 0.015625
7 0.7515625 0.6240234375 0.125 0.126953125
7 0.671875 0.62109375 0.04375 0.078125
7 0.64140625 0.6171875 0.0265625 0.0546875
7 0.59375 0.619140625 0.025 0.0390625
7 0.61484375 0.619140625 0.0203125 0.0390625
2 0.55859375 0.623046875 0.0078125 0.0078125
