2 0.42421875 0.630859375 0.0671875 0.0703125
2 0.525 0.6298828125 0.01875 0.021484375
7 0.91875 0.619140625 0.159375 0.29296875
7 0.73984375 0.62109375 0.0671875 0.12890625
7 0.66484375 0.6201171875 0.0546875 0.076171875
7 0.590625 0.62109375 0.028125 0.05078125
7 0.61796875 0.6220703125 0.0265625 0.048828125
2 0.5484375 0.6279296875 0.0125 0.013671875
7 0.809375 0.6376953125 0.09375 0.146484375
2 0.42421875 0.630859375 0.0671875 0.0703125
2 0.525 0.6298828125 0.01875 0.021484375
7 0.91875 0.619140625 0.159375 0.29296875
7 0.73984375 0.62109375 0.0671875 0.12890625
7 0.66484375 0.6201171875 0.0546875 0.076171875
7 0.590625 0.62109375 0.028125 0.05078125
7 0.61796875 0.6220703125 0.0265625 0.048828125
2 0.5484375 0.6279296875 0.0125 0.013671875
7 0.809375 0.6376953125 0.09375 0.146484375
