9 0.49140625 0.30078125 0.0109375 0.03515625
9 0.63671875 0.298828125 0.0109375 0.0390625
11 0.71640625 0.3134765625 0.0515625 0.021484375
0 0.60078125 0.46484375 0.0140625 0.0546875
2 0.45625 0.4599609375 0.075 0.052734375
2 0.36875 0.4599609375 0.0625 0.037109375
2 0.1390625 0.560546875 0.278125 0.22265625
2 0.046875 0.6767578125 0.09375 0.173828125
2 0.24140625 0.458984375 0.0703125 0.05859375
2 0.0234375 0.458984375 0.046875 0.04296875
11 0.10859375 0.3720703125 0.0484375 0.080078125
9 0.92421875 0.228515625 0.0203125 0.0546875
9 0.88984375 0.2451171875 0.0203125 0.048828125
9 0.76484375 0.3798828125 0.0078125 0.013671875
11 0.98203125 0.2294921875 0.0328125 0.048828125
11 0.01484375 0.3984375 0.0203125 0.015625
9 0.00703125 0.357421875 0.0140625 0.04296875
2 0.325 0.4599609375 0.04375 0.033203125
2 0.91640625 0.6865234375 0.1640625 0.353515625
0 0.28671875 0.439453125 0.0078125 0.01171875
10 0.57890625 0.4736328125 0.0109375 0.029296875
2 0.290625 0.4580078125 0.028125 0.025390625
9 0.03203125 0.3544921875 0.0234375 0.041015625
9 0.20703125 0.3974609375 0.0078125 0.013671875
9 0.1609375 0.3056640625 0.015625 0.033203125
9 0.13203125 0.29296875 0.0140625 0.0390625
11 0.1953125 0.3330078125 0.01875 0.017578125
11 0.203125 0.3671875 0.0125 0.03125
9 0.49140625 0.30078125 0.0109375 0.03515625
9 0.63671875 0.298828125 0.0109375 0.0390625
11 0.71640625 0.3134765625 0.0515625 0.021484375
0 0.60078125 0.46484375 0.0140625 0.0546875
2 0.45625 0.4599609375 0.075 0.052734375
2 0.36875 0.4599609375 0.0625 0.037109375
2 0.1390625 0.560546875 0.278125 0.22265625
2 0.046875 0.6767578125 0.09375 0.173828125
2 0.24140625 0.458984375 0.0703125 0.05859375
2 0.0234375 0.458984375 0.046875 0.04296875
11 0.10859375 0.3720703125 0.0484375 0.080078125
9 0.92421875 0.228515625 0.0203125 0.0546875
9 0.88984375 0.2451171875 0.0203125 0.048828125
9 0.76484375 0.3798828125 0.0078125 0.013671875
11 0.98203125 0.2294921875 0.0328125 0.048828125
11 0.01484375 0.3984375 0.0203125 0.015625
9 0.00703125 0.357421875 0.0140625 0.04296875
2 0.325 0.4599609375 0.04375 0.033203125
2 0.91640625 0.6865234375 0.1640625 0.353515625
0 0.28671875 0.439453125 0.0078125 0.01171875
10 0.57890625 0.4736328125 0.0109375 0.029296875
2 0.290625 0.4580078125 0.028125 0.025390625
9 0.03203125 0.3544921875 0.0234375 0.041015625
9 0.20703125 0.3974609375 0.0078125 0.013671875
9 0.1609375 0.3056640625 0.015625 0.033203125
9 0.13203125 0.29296875 0.0140625 0.0390625
11 0.1953125 0.3330078125 0.01875 0.017578125
11 0.203125 0.3671875 0.0125 0.03125
