3 0.93828125 0.556640625 0.1203125 0.1875
3 0.8890625 0.5361328125 0.1375 0.150390625
2 0.846875 0.45703125 0.234375 0.21484375
2 0.71953125 0.42578125 0.1328125 0.15234375
3 0.596875 0.39453125 0.046875 0.046875
3 0.6078125 0.3994140625 0.05 0.048828125
0 0.59375 0.3564453125 0.009375 0.029296875
0 0.571875 0.3642578125 0.009375 0.037109375
0 0.54140625 0.361328125 0.0078125 0.03515625
2 0.053125 0.4169921875 0.10625 0.091796875
2 0.24140625 0.388671875 0.0921875 0.08203125
2 0.35390625 0.3701171875 0.0390625 0.041015625
2 0.409375 0.3720703125 0.040625 0.044921875
2 0.43203125 0.36328125 0.0265625 0.02734375
2 0.446875 0.359375 0.01875 0.0234375
2 0.47265625 0.3681640625 0.0359375 0.037109375
2 0.48671875 0.3603515625 0.0265625 0.033203125
2 0.5234375 0.3662109375 0.025 0.025390625
2 0.5140625 0.3623046875 0.01875 0.021484375
11 0.3828125 0.2529296875 0.015625 0.021484375
11 0.76171875 0.287109375 0.0265625 0.04296875
9 0.44921875 0.2548828125 0.0078125 0.021484375
9 0.45859375 0.2548828125 0.0078125 0.021484375
9 0.4421875 0.2548828125 0.00625 0.021484375
9 0.3 0.2431640625 0.009375 0.025390625
9 0.290625 0.2431640625 0.009375 0.025390625
9 0.56953125 0.3115234375 0.0046875 0.005859375
9 0.28203125 0.244140625 0.0078125 0.0234375
2 0.384375 0.3603515625 0.01875 0.025390625
0 0.14296875 0.3779296875 0.0109375 0.033203125
0 0.1296875 0.3779296875 0.0125 0.037109375
3 0.65234375 0.4072265625 0.0421875 0.087890625
2 0.29140625 0.3720703125 0.0234375 0.029296875
0 0.65078125 0.3642578125 0.0203125 0.029296875
0 0.61796875 0.359375 0.0109375 0.02734375
3 0.96953125 0.5888671875 0.0578125 0.193359375
3 0.93828125 0.556640625 0.1203125 0.1875
3 0.8890625 0.5361328125 0.1375 0.150390625
2 0.846875 0.45703125 0.234375 0.21484375
2 0.71953125 0.42578125 0.1328125 0.15234375
3 0.596875 0.39453125 0.046875 0.046875
3 0.6078125 0.3994140625 0.05 0.048828125
0 0.59375 0.3564453125 0.009375 0.029296875
0 0.571875 0.3642578125 0.009375 0.037109375
0 0.54140625 0.361328125 0.0078125 0.03515625
2 0.053125 0.4169921875 0.10625 0.091796875
2 0.24140625 0.388671875 0.0921875 0.08203125
2 0.35390625 0.3701171875 0.0390625 0.041015625
2 0.409375 0.3720703125 0.040625 0.044921875
2 0.43203125 0.36328125 0.0265625 0.02734375
2 0.446875 0.359375 0.01875 0.0234375
2 0.47265625 0.3681640625 0.0359375 0.037109375
2 0.48671875 0.3603515625 0.0265625 0.033203125
2 0.5234375 0.3662109375 0.025 0.025390625
2 0.5140625 0.3623046875 0.01875 0.021484375
11 0.3828125 0.2529296875 0.015625 0.021484375
11 0.76171875 0.287109375 0.0265625 0.04296875
9 0.44921875 0.2548828125 0.0078125 0.021484375
9 0.45859375 0.2548828125 0.0078125 0.021484375
9 0.4421875 0.2548828125 0.00625 0.021484375
9 0.3 0.2431640625 0.009375 0.025390625
9 0.290625 0.2431640625 0.009375 0.025390625
9 0.56953125 0.3115234375 0.0046875 0.005859375
9 0.28203125 0.244140625 0.0078125 0.0234375
2 0.384375 0.3603515625 0.01875 0.025390625
0 0.14296875 0.3779296875 0.0109375 0.033203125
0 0.1296875 0.3779296875 0.0125 0.037109375
3 0.65234375 0.4072265625 0.0421875 0.087890625
2 0.29140625 0.3720703125 0.0234375 0.029296875
0 0.65078125 0.3642578125 0.0203125 0.029296875
0 0.61796875 0.359375 0.0109375 0.02734375
3 0.96953125 0.5888671875 0.0578125 0.193359375
