9 0.65234375 0.0498046875 0.0296875 0.099609375
0 0.96328125 0.53515625 0.0453125 0.1484375
2 0.59296875 0.5087890625 0.1609375 0.111328125
2 0.43984375 0.5 0.1046875 0.06640625
2 0.13671875 0.50390625 0.1140625 0.1328125
2 0.38203125 0.494140625 0.0578125 0.0546875
0 0.33828125 0.4619140625 0.0109375 0.013671875
10 0.89609375 0.5546875 0.0234375 0.07421875
2 0.33828125 0.490234375 0.0515625 0.04296875
9 0.00234375 0.3583984375 0.0046875 0.017578125
11 0.009375 0.3017578125 0.01875 0.068359375
11 0.57578125 0.421875 0.0109375 0.0234375
2 0.3125 0.4873046875 0.040625 0.041015625
10 0.0546875 0.541015625 0.015625 0.0546875
2 0.2828125 0.4755859375 0.05 0.044921875
11 0.01328125 0.421875 0.0265625 0.01953125
0 0.20703125 0.4755859375 0.0109375 0.037109375
11 0.30625 0.4443359375 0.0125 0.013671875
9 0.65234375 0.0498046875 0.0296875 0.099609375
0 0.96328125 0.53515625 0.0453125 0.1484375
2 0.59296875 0.5087890625 0.1609375 0.111328125
2 0.43984375 0.5 0.1046875 0.06640625
2 0.13671875 0.50390625 0.1140625 0.1328125
2 0.38203125 0.494140625 0.0578125 0.0546875
0 0.33828125 0.4619140625 0.0109375 0.013671875
10 0.89609375 0.5546875 0.0234375 0.07421875
2 0.33828125 0.490234375 0.0515625 0.04296875
9 0.00234375 0.3583984375 0.0046875 0.017578125
11 0.009375 0.3017578125 0.01875 0.068359375
11 0.57578125 0.421875 0.0109375 0.0234375
2 0.3125 0.4873046875 0.040625 0.041015625
10 0.0546875 0.541015625 0.015625 0.0546875
2 0.2828125 0.4755859375 0.05 0.044921875
11 0.01328125 0.421875 0.0265625 0.01953125
0 0.20703125 0.4755859375 0.0109375 0.037109375
11 0.30625 0.4443359375 0.0125 0.013671875
