2 0.69765625 0.3994140625 0.1515625 0.142578125
2 0.61640625 0.35546875 0.0515625 0.05859375
2 0.5390625 0.3583984375 0.03125 0.029296875
7 0.52421875 0.33984375 0.0171875 0.02734375
7 0.5 0.337890625 0.009375 0.01171875
2 0.50390625 0.3466796875 0.0109375 0.009765625
2 0.490625 0.349609375 0.01875 0.01953125
2 0.1 0.376953125 0.05 0.0390625
7 0.31015625 0.34375 0.0296875 0.0390625
2 0.31328125 0.3544921875 0.0171875 0.013671875
2 0.33984375 0.3515625 0.0171875 0.015625
2 0.37265625 0.34765625 0.0140625 0.015625
2 0.39765625 0.345703125 0.0109375 0.01171875
2 0.40703125 0.34765625 0.0078125 0.0078125
7 0.34765625 0.337890625 0.0234375 0.015625
2 0.35390625 0.349609375 0.0109375 0.01171875
2 0.42265625 0.345703125 0.0078125 0.0078125
2 0.384375 0.3466796875 0.009375 0.009765625
2 0.69765625 0.3994140625 0.1515625 0.142578125
2 0.61640625 0.35546875 0.0515625 0.05859375
2 0.5390625 0.3583984375 0.03125 0.029296875
7 0.52421875 0.33984375 0.0171875 0.02734375
7 0.5 0.337890625 0.009375 0.01171875
2 0.50390625 0.3466796875 0.0109375 0.009765625
2 0.490625 0.349609375 0.01875 0.01953125
2 0.1 0.376953125 0.05 0.0390625
7 0.31015625 0.34375 0.0296875 0.0390625
2 0.31328125 0.3544921875 0.0171875 0.013671875
2 0.33984375 0.3515625 0.0171875 0.015625
2 0.37265625 0.34765625 0.0140625 0.015625
2 0.39765625 0.345703125 0.0109375 0.01171875
2 0.40703125 0.34765625 0.0078125 0.0078125
7 0.34765625 0.337890625 0.0234375 0.015625
2 0.35390625 0.349609375 0.0109375 0.01171875
2 0.42265625 0.345703125 0.0078125 0.0078125
2 0.384375 0.3466796875 0.009375 0.009765625
