2 0.51484375 0.630859375 0.0203125 0.0234375
2 0.52265625 0.6240234375 0.0171875 0.021484375
2 0.5375 0.619140625 0.009375 0.01171875
2 0.54609375 0.6142578125 0.0078125 0.009765625
78 0.89921875 0.630859375 0.1203125 0.21875
78 0.96328125 0.6328125 0.0703125 0.56640625
2 0.51484375 0.630859375 0.0203125 0.0234375
2 0.52265625 0.6240234375 0.0171875 0.021484375
2 0.5375 0.619140625 0.009375 0.01171875
2 0.54609375 0.6142578125 0.0078125 0.009765625
78 0.89921875 0.630859375 0.1203125 0.21875
78 0.96328125 0.6328125 0.0703125 0.56640625
