0 0.7453125 0.3701171875 0.021875 0.087890625
0 0.69765625 0.376953125 0.0234375 0.0859375
0 0.60859375 0.369140625 0.0203125 0.0703125
2 0.4 0.375 0.053125 0.05078125
2 0.42578125 0.3681640625 0.0234375 0.037109375
2 0.45859375 0.35546875 0.0140625 0.0234375
2 0.48515625 0.369140625 0.0390625 0.0390625
2 0.5703125 0.37109375 0.040625 0.0390625
2 0.54296875 0.3662109375 0.0234375 0.033203125
11 0.221875 0.08984375 0.04375 0.0625
9 0.41328125 0.103515625 0.0171875 0.05859375
9 0.4359375 0.1044921875 0.0125 0.056640625
9 0.39140625 0.1083984375 0.0109375 0.056640625
2 0.4984375 0.3642578125 0.021875 0.033203125
9 0.4703125 0.30078125 0.00625 0.015625
3 0.23671875 0.3837890625 0.0234375 0.037109375
2 0.51328125 0.359375 0.0140625 0.0234375
0 0.03046875 0.3818359375 0.0140625 0.033203125
0 0.0828125 0.3701171875 0.009375 0.013671875
2 0.3484375 0.3671875 0.040625 0.046875
11 0.67890625 0.3017578125 0.0359375 0.048828125
10 0.978125 0.3994140625 0.015625 0.033203125
0 0.05546875 0.3837890625 0.0109375 0.013671875
0 0.0640625 0.380859375 0.009375 0.01171875
1 0.1015625 0.4052734375 0.015625 0.021484375
9 0.6859375 0.26171875 0.0125 0.015625
9 0.4203125 0.2958984375 0.00625 0.013671875
3 0.4390625 0.3662109375 0.009375 0.021484375
2 0.553125 0.369140625 0.025 0.03515625
2 0.53359375 0.36328125 0.0171875 0.02734375
0 0.4390625 0.3583984375 0.0125 0.029296875
0 0.78828125 0.3759765625 0.0203125 0.072265625
2 0.14609375 0.3935546875 0.0609375 0.048828125
2 0.29921875 0.376953125 0.0671875 0.0625
0 0.240625 0.373046875 0.015625 0.04296875
3 0.4515625 0.365234375 0.009375 0.01953125
0 0.4515625 0.357421875 0.009375 0.0234375
0 0.7453125 0.3701171875 0.021875 0.087890625
0 0.69765625 0.376953125 0.0234375 0.0859375
0 0.60859375 0.369140625 0.0203125 0.0703125
2 0.4 0.375 0.053125 0.05078125
2 0.42578125 0.3681640625 0.0234375 0.037109375
2 0.45859375 0.35546875 0.0140625 0.0234375
2 0.48515625 0.369140625 0.0390625 0.0390625
2 0.5703125 0.37109375 0.040625 0.0390625
2 0.54296875 0.3662109375 0.0234375 0.033203125
11 0.221875 0.08984375 0.04375 0.0625
9 0.41328125 0.103515625 0.0171875 0.05859375
9 0.4359375 0.1044921875 0.0125 0.056640625
9 0.39140625 0.1083984375 0.0109375 0.056640625
2 0.4984375 0.3642578125 0.021875 0.033203125
9 0.4703125 0.30078125 0.00625 0.015625
3 0.23671875 0.3837890625 0.0234375 0.037109375
2 0.51328125 0.359375 0.0140625 0.0234375
0 0.03046875 0.3818359375 0.0140625 0.033203125
0 0.0828125 0.3701171875 0.009375 0.013671875
2 0.3484375 0.3671875 0.040625 0.046875
11 0.67890625 0.3017578125 0.0359375 0.048828125
10 0.978125 0.3994140625 0.015625 0.033203125
0 0.05546875 0.3837890625 0.0109375 0.013671875
0 0.0640625 0.380859375 0.009375 0.01171875
1 0.1015625 0.4052734375 0.015625 0.021484375
9 0.6859375 0.26171875 0.0125 0.015625
9 0.4203125 0.2958984375 0.00625 0.013671875
3 0.4390625 0.3662109375 0.009375 0.021484375
2 0.553125 0.369140625 0.025 0.03515625
2 0.53359375 0.36328125 0.0171875 0.02734375
0 0.4390625 0.3583984375 0.0125 0.029296875
0 0.78828125 0.3759765625 0.0203125 0.072265625
2 0.14609375 0.3935546875 0.0609375 0.048828125
2 0.29921875 0.376953125 0.0671875 0.0625
0 0.240625 0.373046875 0.015625 0.04296875
3 0.4515625 0.365234375 0.009375 0.01953125
0 0.4515625 0.357421875 0.009375 0.0234375
