0 0.68203125 0.3701171875 0.0171875 0.064453125
0 0.64609375 0.3759765625 0.0171875 0.064453125
0 0.58203125 0.37109375 0.0171875 0.0546875
2 0.403125 0.3798828125 0.046875 0.044921875
2 0.42578125 0.3740234375 0.0265625 0.033203125
2 0.45703125 0.365234375 0.0140625 0.0234375
2 0.48203125 0.3759765625 0.0359375 0.037109375
2 0.553125 0.3759765625 0.034375 0.037109375
2 0.53671875 0.373046875 0.0265625 0.03125
11 0.29765625 0.173828125 0.0296875 0.0390625
9 0.4296875 0.181640625 0.0125 0.04296875
9 0.44296875 0.1806640625 0.0140625 0.041015625
9 0.41640625 0.1806640625 0.0140625 0.041015625
9 0.115625 0.1591796875 0.0125 0.044921875
9 0.10078125 0.158203125 0.0140625 0.046875
9 0.08515625 0.1572265625 0.0140625 0.044921875
2 0.33203125 0.3720703125 0.0265625 0.037109375
2 0.49375 0.369140625 0.025 0.03125
9 0.46796875 0.310546875 0.0046875 0.01171875
3 0.29609375 0.3876953125 0.0203125 0.029296875
0 0.1296875 0.3984375 0.021875 0.05078125
11 0.83046875 0.3095703125 0.0453125 0.052734375
11 0.825 0.2294921875 0.05 0.021484375
9 0.8421875 0.259765625 0.021875 0.0234375
9 0.63671875 0.28515625 0.0078125 0.01171875
2 0.5109375 0.36328125 0.015625 0.01953125
9 0.80625 0.259765625 0.021875 0.0234375
0 0.9078125 0.416015625 0.053125 0.07421875
0 0.11015625 0.3837890625 0.0109375 0.025390625
0 0.146875 0.3759765625 0.0125 0.013671875
2 0.37734375 0.3671875 0.0234375 0.03125
11 0.63671875 0.3115234375 0.0203125 0.025390625
10 0.86484375 0.3876953125 0.0140625 0.033203125
2 0.19765625 0.392578125 0.0515625 0.046875
3 0.1328125 0.412109375 0.04375 0.04296875
0 0.7171875 0.37109375 0.015625 0.05859375
2 0.35078125 0.375 0.0453125 0.046875
3 0.45078125 0.3720703125 0.0109375 0.017578125
0 0.45078125 0.365234375 0.0109375 0.02734375
0 0.68203125 0.3701171875 0.0171875 0.064453125
0 0.64609375 0.3759765625 0.0171875 0.064453125
0 0.58203125 0.37109375 0.0171875 0.0546875
2 0.403125 0.3798828125 0.046875 0.044921875
2 0.42578125 0.3740234375 0.0265625 0.033203125
2 0.45703125 0.365234375 0.0140625 0.0234375
2 0.48203125 0.3759765625 0.0359375 0.037109375
2 0.553125 0.3759765625 0.034375 0.037109375
2 0.53671875 0.373046875 0.0265625 0.03125
11 0.29765625 0.173828125 0.0296875 0.0390625
9 0.4296875 0.181640625 0.0125 0.04296875
9 0.44296875 0.1806640625 0.0140625 0.041015625
9 0.41640625 0.1806640625 0.0140625 0.041015625
9 0.115625 0.1591796875 0.0125 0.044921875
9 0.10078125 0.158203125 0.0140625 0.046875
9 0.08515625 0.1572265625 0.0140625 0.044921875
2 0.33203125 0.3720703125 0.0265625 0.037109375
2 0.49375 0.369140625 0.025 0.03125
9 0.46796875 0.310546875 0.0046875 0.01171875
3 0.29609375 0.3876953125 0.0203125 0.029296875
0 0.1296875 0.3984375 0.021875 0.05078125
11 0.83046875 0.3095703125 0.0453125 0.052734375
11 0.825 0.2294921875 0.05 0.021484375
9 0.8421875 0.259765625 0.021875 0.0234375
9 0.63671875 0.28515625 0.0078125 0.01171875
2 0.5109375 0.36328125 0.015625 0.01953125
9 0.80625 0.259765625 0.021875 0.0234375
0 0.9078125 0.416015625 0.053125 0.07421875
0 0.11015625 0.3837890625 0.0109375 0.025390625
0 0.146875 0.3759765625 0.0125 0.013671875
2 0.37734375 0.3671875 0.0234375 0.03125
11 0.63671875 0.3115234375 0.0203125 0.025390625
10 0.86484375 0.3876953125 0.0140625 0.033203125
2 0.19765625 0.392578125 0.0515625 0.046875
3 0.1328125 0.412109375 0.04375 0.04296875
0 0.7171875 0.37109375 0.015625 0.05859375
2 0.35078125 0.375 0.0453125 0.046875
3 0.45078125 0.3720703125 0.0109375 0.017578125
0 0.45078125 0.365234375 0.0109375 0.02734375
