0 0.696875 0.376953125 0.01875 0.0703125
0 0.65859375 0.3828125 0.0171875 0.0703125
0 0.58828125 0.375 0.0171875 0.05859375
2 0.40234375 0.3876953125 0.0453125 0.048828125
2 0.42734375 0.3798828125 0.0234375 0.037109375
2 0.45703125 0.3681640625 0.0140625 0.025390625
2 0.48203125 0.3818359375 0.0359375 0.037109375
2 0.5578125 0.3837890625 0.034375 0.037109375
2 0.53984375 0.37890625 0.0265625 0.03125
11 0.28359375 0.1650390625 0.0328125 0.044921875
9 0.42578125 0.173828125 0.0140625 0.046875
9 0.4421875 0.1728515625 0.015625 0.044921875
9 0.41171875 0.173828125 0.0140625 0.046875
9 0.0921875 0.1513671875 0.015625 0.048828125
9 0.07421875 0.1513671875 0.0171875 0.048828125
9 0.05703125 0.1494140625 0.0171875 0.048828125
2 0.3234375 0.3798828125 0.021875 0.037109375
2 0.496875 0.375 0.021875 0.03125
9 0.46796875 0.318359375 0.0046875 0.01171875
3 0.28359375 0.3974609375 0.0171875 0.029296875
0 0.08046875 0.4091796875 0.0234375 0.052734375
11 0.8703125 0.3154296875 0.046875 0.056640625
11 0.8734375 0.2197265625 0.053125 0.021484375
9 0.8875 0.2607421875 0.025 0.025390625
9 0.6484375 0.291015625 0.0125 0.015625
2 0.509375 0.369140625 0.015625 0.01953125
9 0.85 0.2607421875 0.025 0.025390625
0 0.9703125 0.4375 0.05625 0.0859375
0 0.0953125 0.390625 0.0125 0.02734375
0 0.134375 0.3818359375 0.0125 0.013671875
2 0.371875 0.375 0.028125 0.03515625
11 0.64921875 0.3232421875 0.0203125 0.025390625
10 0.88984375 0.396484375 0.0140625 0.03515625
0 0.73125 0.376953125 0.01875 0.05859375
3 0.07890625 0.4208984375 0.0578125 0.056640625
2 0.33984375 0.3828125 0.0484375 0.05078125
2 0.18515625 0.4013671875 0.0515625 0.041015625
3 0.45078125 0.376953125 0.0109375 0.01953125
0 0.45078125 0.3701171875 0.0109375 0.025390625
0 0.696875 0.376953125 0.01875 0.0703125
0 0.65859375 0.3828125 0.0171875 0.0703125
0 0.58828125 0.375 0.0171875 0.05859375
2 0.40234375 0.3876953125 0.0453125 0.048828125
2 0.42734375 0.3798828125 0.0234375 0.037109375
2 0.45703125 0.3681640625 0.0140625 0.025390625
2 0.48203125 0.3818359375 0.0359375 0.037109375
2 0.5578125 0.3837890625 0.034375 0.037109375
2 0.53984375 0.37890625 0.0265625 0.03125
11 0.28359375 0.1650390625 0.0328125 0.044921875
9 0.42578125 0.173828125 0.0140625 0.046875
9 0.4421875 0.1728515625 0.015625 0.044921875
9 0.41171875 0.173828125 0.0140625 0.046875
9 0.0921875 0.1513671875 0.015625 0.048828125
9 0.07421875 0.1513671875 0.0171875 0.048828125
9 0.05703125 0.1494140625 0.0171875 0.048828125
2 0.3234375 0.3798828125 0.021875 0.037109375
2 0.496875 0.375 0.021875 0.03125
9 0.46796875 0.318359375 0.0046875 0.01171875
3 0.28359375 0.3974609375 0.0171875 0.029296875
0 0.08046875 0.4091796875 0.0234375 0.052734375
11 0.8703125 0.3154296875 0.046875 0.056640625
11 0.8734375 0.2197265625 0.053125 0.021484375
9 0.8875 0.2607421875 0.025 0.025390625
9 0.6484375 0.291015625 0.0125 0.015625
2 0.509375 0.369140625 0.015625 0.01953125
9 0.85 0.2607421875 0.025 0.025390625
0 0.9703125 0.4375 0.05625 0.0859375
0 0.0953125 0.390625 0.0125 0.02734375
0 0.134375 0.3818359375 0.0125 0.013671875
2 0.371875 0.375 0.028125 0.03515625
11 0.64921875 0.3232421875 0.0203125 0.025390625
10 0.88984375 0.396484375 0.0140625 0.03515625
0 0.73125 0.376953125 0.01875 0.05859375
3 0.07890625 0.4208984375 0.0578125 0.056640625
2 0.33984375 0.3828125 0.0484375 0.05078125
2 0.18515625 0.4013671875 0.0515625 0.041015625
3 0.45078125 0.376953125 0.0109375 0.01953125
0 0.45078125 0.3701171875 0.0109375 0.025390625
