2 0.59296875 0.35546875 0.0421875 0.046875
2 0.53671875 0.3583984375 0.0296875 0.029296875
7 0.528125 0.3427734375 0.01875 0.029296875
7 0.509375 0.345703125 0.009375 0.015625
2 0.48359375 0.353515625 0.0171875 0.01953125
2 0.028125 0.390625 0.05625 0.04296875
2 0.20234375 0.3642578125 0.0421875 0.033203125
2 0.284375 0.3603515625 0.01875 0.017578125
2 0.31953125 0.3525390625 0.0109375 0.009765625
2 0.17265625 0.3681640625 0.0265625 0.029296875
2 0.26640625 0.3623046875 0.0171875 0.017578125
2 0.33828125 0.3515625 0.0078125 0.0078125
2 0.31015625 0.3544921875 0.0109375 0.009765625
2 0.36953125 0.3515625 0.0078125 0.0078125
2 0.59296875 0.35546875 0.0421875 0.046875
2 0.53671875 0.3583984375 0.0296875 0.029296875
7 0.528125 0.3427734375 0.01875 0.029296875
7 0.509375 0.345703125 0.009375 0.015625
2 0.48359375 0.353515625 0.0171875 0.01953125
2 0.028125 0.390625 0.05625 0.04296875
2 0.20234375 0.3642578125 0.0421875 0.033203125
2 0.284375 0.3603515625 0.01875 0.017578125
2 0.31953125 0.3525390625 0.0109375 0.009765625
2 0.17265625 0.3681640625 0.0265625 0.029296875
2 0.26640625 0.3623046875 0.0171875 0.017578125
2 0.33828125 0.3515625 0.0078125 0.0078125
2 0.31015625 0.3544921875 0.0109375 0.009765625
2 0.36953125 0.3515625 0.0078125 0.0078125
