0 0.68984375 0.3759765625 0.0171875 0.068359375
0 0.6515625 0.3828125 0.015625 0.06640625
0 0.58515625 0.375 0.0171875 0.0546875
2 0.40234375 0.384765625 0.0453125 0.046875
2 0.42578125 0.3779296875 0.0265625 0.037109375
2 0.45703125 0.3681640625 0.0140625 0.025390625
2 0.48203125 0.3798828125 0.0359375 0.037109375
2 0.55625 0.3818359375 0.034375 0.037109375
2 0.53828125 0.376953125 0.0265625 0.03125
11 0.2890625 0.1708984375 0.03125 0.041015625
9 0.42734375 0.1796875 0.0140625 0.046875
9 0.4421875 0.1787109375 0.015625 0.044921875
9 0.41328125 0.1796875 0.0140625 0.046875
9 0.1 0.1552734375 0.015625 0.048828125
9 0.08359375 0.1533203125 0.0171875 0.048828125
9 0.06640625 0.1533203125 0.0171875 0.048828125
2 0.32890625 0.3798828125 0.0265625 0.037109375
2 0.4953125 0.373046875 0.021875 0.03125
9 0.46796875 0.314453125 0.0046875 0.01171875
3 0.28984375 0.3935546875 0.0171875 0.029296875
0 0.10546875 0.4072265625 0.0234375 0.052734375
11 0.84765625 0.3154296875 0.0484375 0.056640625
11 0.85 0.2275390625 0.053125 0.021484375
9 0.8625 0.26171875 0.025 0.02734375
9 0.6421875 0.2919921875 0.009375 0.013671875
2 0.5125 0.3671875 0.015625 0.01953125
9 0.82734375 0.2607421875 0.0234375 0.025390625
0 0.9421875 0.4287109375 0.05625 0.080078125
0 0.1015625 0.3896484375 0.0125 0.029296875
0 0.1390625 0.3818359375 0.0125 0.013671875
2 0.37421875 0.375 0.0265625 0.03515625
11 0.64140625 0.3193359375 0.0203125 0.025390625
10 0.87578125 0.3955078125 0.0140625 0.033203125
0 0.72578125 0.376953125 0.0171875 0.05859375
3 0.10390625 0.4169921875 0.0515625 0.052734375
2 0.34453125 0.3828125 0.0484375 0.05078125
2 0.19140625 0.400390625 0.0515625 0.04296875
3 0.45078125 0.376953125 0.0109375 0.01953125
0 0.45078125 0.3701171875 0.0109375 0.025390625
0 0.68984375 0.3759765625 0.0171875 0.068359375
0 0.6515625 0.3828125 0.015625 0.06640625
0 0.58515625 0.375 0.0171875 0.0546875
2 0.40234375 0.384765625 0.0453125 0.046875
2 0.42578125 0.3779296875 0.0265625 0.037109375
2 0.45703125 0.3681640625 0.0140625 0.025390625
2 0.48203125 0.3798828125 0.0359375 0.037109375
2 0.55625 0.3818359375 0.034375 0.037109375
2 0.53828125 0.376953125 0.0265625 0.03125
11 0.2890625 0.1708984375 0.03125 0.041015625
9 0.42734375 0.1796875 0.0140625 0.046875
9 0.4421875 0.1787109375 0.015625 0.044921875
9 0.41328125 0.1796875 0.0140625 0.046875
9 0.1 0.1552734375 0.015625 0.048828125
9 0.08359375 0.1533203125 0.0171875 0.048828125
9 0.06640625 0.1533203125 0.0171875 0.048828125
2 0.32890625 0.3798828125 0.0265625 0.037109375
2 0.4953125 0.373046875 0.021875 0.03125
9 0.46796875 0.314453125 0.0046875 0.01171875
3 0.28984375 0.3935546875 0.0171875 0.029296875
0 0.10546875 0.4072265625 0.0234375 0.052734375
11 0.84765625 0.3154296875 0.0484375 0.056640625
11 0.85 0.2275390625 0.053125 0.021484375
9 0.8625 0.26171875 0.025 0.02734375
9 0.6421875 0.2919921875 0.009375 0.013671875
2 0.5125 0.3671875 0.015625 0.01953125
9 0.82734375 0.2607421875 0.0234375 0.025390625
0 0.9421875 0.4287109375 0.05625 0.080078125
0 0.1015625 0.3896484375 0.0125 0.029296875
0 0.1390625 0.3818359375 0.0125 0.013671875
2 0.37421875 0.375 0.0265625 0.03515625
11 0.64140625 0.3193359375 0.0203125 0.025390625
10 0.87578125 0.3955078125 0.0140625 0.033203125
0 0.72578125 0.376953125 0.0171875 0.05859375
3 0.10390625 0.4169921875 0.0515625 0.052734375
2 0.34453125 0.3828125 0.0484375 0.05078125
2 0.19140625 0.400390625 0.0515625 0.04296875
3 0.45078125 0.376953125 0.0109375 0.01953125
0 0.45078125 0.3701171875 0.0109375 0.025390625
