2 0.0578125 0.6767578125 0.115625 0.287109375
2 0.51796875 0.6337890625 0.0234375 0.025390625
7 0.88359375 0.6279296875 0.1765625 0.212890625
7 0.690625 0.623046875 0.071875 0.0859375
7 0.59921875 0.6240234375 0.0328125 0.052734375
7 0.6296875 0.626953125 0.028125 0.05078125
2 0.55 0.6318359375 0.0125 0.013671875
7 0.959375 0.62890625 0.078125 0.22265625
2 0.0578125 0.6767578125 0.115625 0.287109375
2 0.51796875 0.6337890625 0.0234375 0.025390625
7 0.88359375 0.6279296875 0.1765625 0.212890625
7 0.690625 0.623046875 0.071875 0.0859375
7 0.59921875 0.6240234375 0.0328125 0.052734375
7 0.6296875 0.626953125 0.028125 0.05078125
2 0.55 0.6318359375 0.0125 0.013671875
7 0.959375 0.62890625 0.078125 0.22265625
