2 0.590625 0.35546875 0.040625 0.04296875
2 0.53671875 0.359375 0.0296875 0.02734375
7 0.5296875 0.3408203125 0.01875 0.029296875
7 0.5125 0.34375 0.009375 0.015625
2 0.48125 0.3525390625 0.015625 0.021484375
2 0.16484375 0.3720703125 0.0453125 0.029296875
2 0.26640625 0.3544921875 0.0203125 0.013671875
2 0.29765625 0.353515625 0.0140625 0.01171875
2 0.234375 0.3642578125 0.028125 0.021484375
2 0.3390625 0.3515625 0.009375 0.0078125
2 0.05703125 0.3818359375 0.0421875 0.029296875
2 0.590625 0.35546875 0.040625 0.04296875
2 0.53671875 0.359375 0.0296875 0.02734375
7 0.5296875 0.3408203125 0.01875 0.029296875
7 0.5125 0.34375 0.009375 0.015625
2 0.48125 0.3525390625 0.015625 0.021484375
2 0.16484375 0.3720703125 0.0453125 0.029296875
2 0.26640625 0.3544921875 0.0203125 0.013671875
2 0.29765625 0.353515625 0.0140625 0.01171875
2 0.234375 0.3642578125 0.028125 0.021484375
2 0.3390625 0.3515625 0.009375 0.0078125
2 0.05703125 0.3818359375 0.0421875 0.029296875
