2 0.58671875 0.349609375 0.0390625 0.04296875
2 0.53203125 0.3515625 0.0296875 0.02734375
7 0.53671875 0.33203125 0.0171875 0.0234375
7 0.51640625 0.3388671875 0.0109375 0.017578125
2 0.48828125 0.345703125 0.0171875 0.01953125
2 0.503125 0.34375 0.009375 0.0078125
2 0.046875 0.365234375 0.053125 0.03125
7 0.21328125 0.3388671875 0.0609375 0.044921875
2 0.265625 0.3466796875 0.01875 0.013671875
2 0.284375 0.345703125 0.015625 0.015625
2 0.33125 0.3427734375 0.0125 0.009765625
2 0.35546875 0.341796875 0.0109375 0.0078125
2 0.37109375 0.3427734375 0.0078125 0.005859375
2 0.38671875 0.3408203125 0.0078125 0.005859375
2 0.4015625 0.3427734375 0.00625 0.005859375
2 0.58671875 0.349609375 0.0390625 0.04296875
2 0.53203125 0.3515625 0.0296875 0.02734375
7 0.53671875 0.33203125 0.0171875 0.0234375
7 0.51640625 0.3388671875 0.0109375 0.017578125
2 0.48828125 0.345703125 0.0171875 0.01953125
2 0.503125 0.34375 0.009375 0.0078125
2 0.046875 0.365234375 0.053125 0.03125
7 0.21328125 0.3388671875 0.0609375 0.044921875
2 0.265625 0.3466796875 0.01875 0.013671875
2 0.284375 0.345703125 0.015625 0.015625
2 0.33125 0.3427734375 0.0125 0.009765625
2 0.35546875 0.341796875 0.0109375 0.0078125
2 0.37109375 0.3427734375 0.0078125 0.005859375
2 0.38671875 0.3408203125 0.0078125 0.005859375
2 0.4015625 0.3427734375 0.00625 0.005859375
