2 0.35703125 0.3828125 0.0828125 0.07421875
2 0.57109375 0.365234375 0.0390625 0.04296875
2 0.515625 0.4453125 0.178125 0.17578125
2 0.41171875 0.3623046875 0.0453125 0.041015625
2 0.246875 0.3779296875 0.090625 0.087890625
2 0.17265625 0.376953125 0.0640625 0.0546875
2 0.46484375 0.34765625 0.0203125 0.0234375
3 0.45859375 0.35546875 0.0078125 0.015625
0 0.45859375 0.349609375 0.0078125 0.01953125
0 0.43203125 0.3486328125 0.0078125 0.017578125
3 0.4328125 0.3564453125 0.00625 0.013671875
9 0.42890625 0.111328125 0.0140625 0.0625
9 0.403125 0.109375 0.01875 0.06640625
9 0.378125 0.111328125 0.015625 0.0625
0 0.8796875 0.38671875 0.03125 0.09765625
0 0.9734375 0.412109375 0.028125 0.12890625
0 0.90390625 0.384765625 0.0265625 0.1015625
9 0.16640625 0.1708984375 0.0140625 0.044921875
9 0.1828125 0.169921875 0.0125 0.04296875
9 0.1515625 0.169921875 0.0125 0.04296875
0 0.09375 0.3828125 0.01875 0.03125
2 0.5515625 0.3466796875 0.034375 0.025390625
2 0.4890625 0.349609375 0.025 0.01953125
2 0.52265625 0.349609375 0.0140625 0.015625
2 0.36875 0.3486328125 0.025 0.009765625
0 0.13828125 0.3662109375 0.0078125 0.029296875
11 0.0953125 0.3203125 0.03125 0.0078125
11 0.0953125 0.3125 0.03125 0.0078125
2 0.50546875 0.3486328125 0.0078125 0.013671875
11 0.1203125 0.3310546875 0.00625 0.009765625
11 0.1203125 0.3447265625 0.00625 0.009765625
2 0.396875 0.34765625 0.021875 0.01953125
0 0.98359375 0.3583984375 0.0140625 0.052734375
2 0.35703125 0.3828125 0.0828125 0.07421875
2 0.57109375 0.365234375 0.0390625 0.04296875
2 0.515625 0.4453125 0.178125 0.17578125
2 0.41171875 0.3623046875 0.0453125 0.041015625
2 0.246875 0.3779296875 0.090625 0.087890625
2 0.17265625 0.376953125 0.0640625 0.0546875
2 0.46484375 0.34765625 0.0203125 0.0234375
3 0.45859375 0.35546875 0.0078125 0.015625
0 0.45859375 0.349609375 0.0078125 0.01953125
0 0.43203125 0.3486328125 0.0078125 0.017578125
3 0.4328125 0.3564453125 0.00625 0.013671875
9 0.42890625 0.111328125 0.0140625 0.0625
9 0.403125 0.109375 0.01875 0.06640625
9 0.378125 0.111328125 0.015625 0.0625
0 0.8796875 0.38671875 0.03125 0.09765625
0 0.9734375 0.412109375 0.028125 0.12890625
0 0.90390625 0.384765625 0.0265625 0.1015625
9 0.16640625 0.1708984375 0.0140625 0.044921875
9 0.1828125 0.169921875 0.0125 0.04296875
9 0.1515625 0.169921875 0.0125 0.04296875
0 0.09375 0.3828125 0.01875 0.03125
2 0.5515625 0.3466796875 0.034375 0.025390625
2 0.4890625 0.349609375 0.025 0.01953125
2 0.52265625 0.349609375 0.0140625 0.015625
2 0.36875 0.3486328125 0.025 0.009765625
0 0.13828125 0.3662109375 0.0078125 0.029296875
11 0.0953125 0.3203125 0.03125 0.0078125
11 0.0953125 0.3125 0.03125 0.0078125
2 0.50546875 0.3486328125 0.0078125 0.013671875
11 0.1203125 0.3310546875 0.00625 0.009765625
11 0.1203125 0.3447265625 0.00625 0.009765625
2 0.396875 0.34765625 0.021875 0.01953125
0 0.98359375 0.3583984375 0.0140625 0.052734375
