2 0.51796875 0.6337890625 0.0234375 0.025390625
7 0.90546875 0.630859375 0.1796875 0.23828125
7 0.6953125 0.625 0.075 0.08984375
7 0.60234375 0.6240234375 0.0328125 0.052734375
7 0.6328125 0.6259765625 0.028125 0.052734375
2 0.5515625 0.6337890625 0.0125 0.013671875
7 0.98984375 0.634765625 0.0171875 0.2265625
2 0.51796875 0.6337890625 0.0234375 0.025390625
7 0.90546875 0.630859375 0.1796875 0.23828125
7 0.6953125 0.625 0.075 0.08984375
7 0.60234375 0.6240234375 0.0328125 0.052734375
7 0.6328125 0.6259765625 0.028125 0.052734375
2 0.5515625 0.6337890625 0.0125 0.013671875
7 0.98984375 0.634765625 0.0171875 0.2265625
