9 0.67734375 0.04296875 0.0328125 0.0859375
0 0.990625 0.568359375 0.015625 0.125
2 0.61171875 0.5224609375 0.1703125 0.119140625
2 0.453125 0.513671875 0.109375 0.0703125
2 0.13671875 0.5107421875 0.1140625 0.134765625
2 0.39296875 0.5048828125 0.0578125 0.056640625
0 0.34921875 0.4716796875 0.0109375 0.013671875
10 0.93203125 0.5712890625 0.0296875 0.083984375
2 0.3515625 0.5029296875 0.053125 0.044921875
11 0.00859375 0.3037109375 0.0171875 0.068359375
11 0.59296875 0.4296875 0.0109375 0.0234375
2 0.321875 0.498046875 0.040625 0.04296875
10 0.0515625 0.55078125 0.015625 0.0546875
2 0.296875 0.4833984375 0.05 0.048828125
11 0.01171875 0.427734375 0.0234375 0.01953125
0 0.21640625 0.4833984375 0.0109375 0.037109375
11 0.3171875 0.4521484375 0.0125 0.013671875
9 0.67734375 0.04296875 0.0328125 0.0859375
0 0.990625 0.568359375 0.015625 0.125
2 0.61171875 0.5224609375 0.1703125 0.119140625
2 0.453125 0.513671875 0.109375 0.0703125
2 0.13671875 0.5107421875 0.1140625 0.134765625
2 0.39296875 0.5048828125 0.0578125 0.056640625
0 0.34921875 0.4716796875 0.0109375 0.013671875
10 0.93203125 0.5712890625 0.0296875 0.083984375
2 0.3515625 0.5029296875 0.053125 0.044921875
11 0.00859375 0.3037109375 0.0171875 0.068359375
11 0.59296875 0.4296875 0.0109375 0.0234375
2 0.321875 0.498046875 0.040625 0.04296875
10 0.0515625 0.55078125 0.015625 0.0546875
2 0.296875 0.4833984375 0.05 0.048828125
11 0.01171875 0.427734375 0.0234375 0.01953125
0 0.21640625 0.4833984375 0.0109375 0.037109375
11 0.3171875 0.4521484375 0.0125 0.013671875
