2 0.37109375 0.37890625 0.0734375 0.0625
2 0.571875 0.3525390625 0.040625 0.021484375
2 0.525 0.451171875 0.196875 0.19140625
2 0.41328125 0.3583984375 0.0453125 0.041015625
2 0.2328125 0.380859375 0.09375 0.09375
2 0.16171875 0.376953125 0.0640625 0.05859375
2 0.4671875 0.345703125 0.01875 0.0234375
3 0.45859375 0.353515625 0.0078125 0.015625
0 0.45859375 0.34765625 0.0078125 0.01953125
0 0.43359375 0.3466796875 0.0078125 0.017578125
3 0.4328125 0.353515625 0.00625 0.01171875
9 0.42578125 0.0927734375 0.0140625 0.064453125
9 0.3953125 0.08984375 0.01875 0.06640625
9 0.36953125 0.09375 0.0140625 0.06640625
0 0.9171875 0.390625 0.025 0.10546875
0 0.94375 0.388671875 0.028125 0.109375
9 0.14609375 0.1572265625 0.0140625 0.044921875
9 0.1625 0.1572265625 0.0125 0.044921875
9 0.1328125 0.16015625 0.0125 0.04296875
0 0.07890625 0.384765625 0.0203125 0.03125
2 0.55 0.345703125 0.0375 0.0234375
2 0.4875 0.3515625 0.028125 0.02734375
2 0.52265625 0.34765625 0.0140625 0.015625
0 0.13203125 0.3642578125 0.0078125 0.029296875
11 0.0828125 0.318359375 0.03125 0.0078125
11 0.08203125 0.310546875 0.0328125 0.0078125
2 0.5046875 0.349609375 0.00625 0.01171875
11 0.10859375 0.3271484375 0.0046875 0.009765625
11 0.109375 0.3427734375 0.00625 0.009765625
2 0.3921875 0.3427734375 0.01875 0.013671875
2 0.528125 0.3486328125 0.0125 0.013671875
2 0.5515625 0.3486328125 0.03125 0.017578125
11 0.084375 0.3017578125 0.03125 0.009765625
11 0.08984375 0.32421875 0.0171875 0.0078125
11 0.24609375 0.3154296875 0.0140625 0.017578125
2 0.35625 0.3505859375 0.028125 0.017578125
2 0.37109375 0.37890625 0.0734375 0.0625
2 0.571875 0.3525390625 0.040625 0.021484375
2 0.525 0.451171875 0.196875 0.19140625
2 0.41328125 0.3583984375 0.0453125 0.041015625
2 0.2328125 0.380859375 0.09375 0.09375
2 0.16171875 0.376953125 0.0640625 0.05859375
2 0.4671875 0.345703125 0.01875 0.0234375
3 0.45859375 0.353515625 0.0078125 0.015625
0 0.45859375 0.34765625 0.0078125 0.01953125
0 0.43359375 0.3466796875 0.0078125 0.017578125
3 0.4328125 0.353515625 0.00625 0.01171875
9 0.42578125 0.0927734375 0.0140625 0.064453125
9 0.3953125 0.08984375 0.01875 0.06640625
9 0.36953125 0.09375 0.0140625 0.06640625
0 0.9171875 0.390625 0.025 0.10546875
0 0.94375 0.388671875 0.028125 0.109375
9 0.14609375 0.1572265625 0.0140625 0.044921875
9 0.1625 0.1572265625 0.0125 0.044921875
9 0.1328125 0.16015625 0.0125 0.04296875
0 0.07890625 0.384765625 0.0203125 0.03125
2 0.55 0.345703125 0.0375 0.0234375
2 0.4875 0.3515625 0.028125 0.02734375
2 0.52265625 0.34765625 0.0140625 0.015625
0 0.13203125 0.3642578125 0.0078125 0.029296875
11 0.0828125 0.318359375 0.03125 0.0078125
11 0.08203125 0.310546875 0.0328125 0.0078125
2 0.5046875 0.349609375 0.00625 0.01171875
11 0.10859375 0.3271484375 0.0046875 0.009765625
11 0.109375 0.3427734375 0.00625 0.009765625
2 0.3921875 0.3427734375 0.01875 0.013671875
2 0.528125 0.3486328125 0.0125 0.013671875
2 0.5515625 0.3486328125 0.03125 0.017578125
11 0.084375 0.3017578125 0.03125 0.009765625
11 0.08984375 0.32421875 0.0171875 0.0078125
11 0.24609375 0.3154296875 0.0140625 0.017578125
2 0.35625 0.3505859375 0.028125 0.017578125
