2 0.76640625 0.4208984375 0.2171875 0.193359375
2 0.61328125 0.3564453125 0.0484375 0.052734375
2 0.5421875 0.3603515625 0.03125 0.029296875
7 0.528125 0.341796875 0.015625 0.02734375
7 0.50234375 0.34375 0.0078125 0.01171875
2 0.5046875 0.349609375 0.009375 0.0078125
2 0.49140625 0.353515625 0.0171875 0.01953125
7 0.08359375 0.3544921875 0.1265625 0.087890625
2 0.03359375 0.3896484375 0.0546875 0.044921875
2 0.25703125 0.3623046875 0.0265625 0.021484375
2 0.33671875 0.353515625 0.0140625 0.015625
2 0.365625 0.3525390625 0.009375 0.009765625
7 0.24140625 0.3505859375 0.0546875 0.044921875
2 0.234375 0.3642578125 0.021875 0.017578125
2 0.39375 0.349609375 0.009375 0.0078125
2 0.3203125 0.3544921875 0.015625 0.013671875
2 0.38046875 0.349609375 0.0109375 0.01171875
2 0.35625 0.3525390625 0.009375 0.009765625
2 0.290625 0.3583984375 0.01875 0.017578125
2 0.40390625 0.349609375 0.0046875 0.00390625
2 0.41171875 0.349609375 0.0046875 0.00390625
7 0.36171875 0.34375 0.0140625 0.0078125
2 0.76640625 0.4208984375 0.2171875 0.193359375
2 0.61328125 0.3564453125 0.0484375 0.052734375
2 0.5421875 0.3603515625 0.03125 0.029296875
7 0.528125 0.341796875 0.015625 0.02734375
7 0.50234375 0.34375 0.0078125 0.01171875
2 0.5046875 0.349609375 0.009375 0.0078125
2 0.49140625 0.353515625 0.0171875 0.01953125
7 0.08359375 0.3544921875 0.1265625 0.087890625
2 0.03359375 0.3896484375 0.0546875 0.044921875
2 0.25703125 0.3623046875 0.0265625 0.021484375
2 0.33671875 0.353515625 0.0140625 0.015625
2 0.365625 0.3525390625 0.009375 0.009765625
7 0.24140625 0.3505859375 0.0546875 0.044921875
2 0.234375 0.3642578125 0.021875 0.017578125
2 0.39375 0.349609375 0.009375 0.0078125
2 0.3203125 0.3544921875 0.015625 0.013671875
2 0.38046875 0.349609375 0.0109375 0.01171875
2 0.35625 0.3525390625 0.009375 0.009765625
2 0.290625 0.3583984375 0.01875 0.017578125
2 0.40390625 0.349609375 0.0046875 0.00390625
2 0.41171875 0.349609375 0.0046875 0.00390625
7 0.36171875 0.34375 0.0140625 0.0078125
