9 0.4921875 0.3046875 0.009375 0.03515625
9 0.634375 0.302734375 0.009375 0.03515625
11 0.7125 0.3154296875 0.05 0.021484375
0 0.6 0.46484375 0.0125 0.0546875
2 0.4578125 0.458984375 0.075 0.05078125
2 0.3703125 0.4619140625 0.0625 0.037109375
2 0.15703125 0.5517578125 0.2640625 0.208984375
2 0.06484375 0.63671875 0.1296875 0.2265625
2 0.24609375 0.458984375 0.0703125 0.05859375
2 0.03671875 0.4873046875 0.0734375 0.103515625
11 0.14921875 0.3759765625 0.0234375 0.072265625
9 0.915625 0.2373046875 0.01875 0.052734375
9 0.88046875 0.25390625 0.0171875 0.046875
9 0.76171875 0.3837890625 0.0078125 0.013671875
11 0.97578125 0.2373046875 0.0421875 0.048828125
11 0.02578125 0.3994140625 0.0203125 0.013671875
9 0.015625 0.36328125 0.01875 0.04296875
2 0.328125 0.4619140625 0.04375 0.033203125
2 0.92109375 0.6875 0.1546875 0.33984375
0 0.28984375 0.44140625 0.0078125 0.01171875
11 0.9921875 0.396484375 0.0125 0.015625
10 0.57890625 0.4755859375 0.0109375 0.029296875
2 0.2953125 0.458984375 0.025 0.02734375
9 0.0453125 0.3623046875 0.021875 0.041015625
9 0.21171875 0.3994140625 0.0078125 0.013671875
9 0.1671875 0.3056640625 0.009375 0.033203125
9 0.13984375 0.296875 0.0109375 0.0390625
11 0.19921875 0.3330078125 0.0171875 0.013671875
9 0.4921875 0.3046875 0.009375 0.03515625
9 0.634375 0.302734375 0.009375 0.03515625
11 0.7125 0.3154296875 0.05 0.021484375
0 0.6 0.46484375 0.0125 0.0546875
2 0.4578125 0.458984375 0.075 0.05078125
2 0.3703125 0.4619140625 0.0625 0.037109375
2 0.15703125 0.5517578125 0.2640625 0.208984375
2 0.06484375 0.63671875 0.1296875 0.2265625
2 0.24609375 0.458984375 0.0703125 0.05859375
2 0.03671875 0.4873046875 0.0734375 0.103515625
11 0.14921875 0.3759765625 0.0234375 0.072265625
9 0.915625 0.2373046875 0.01875 0.052734375
9 0.88046875 0.25390625 0.0171875 0.046875
9 0.76171875 0.3837890625 0.0078125 0.013671875
11 0.97578125 0.2373046875 0.0421875 0.048828125
11 0.02578125 0.3994140625 0.0203125 0.013671875
9 0.015625 0.36328125 0.01875 0.04296875
2 0.328125 0.4619140625 0.04375 0.033203125
2 0.92109375 0.6875 0.1546875 0.33984375
0 0.28984375 0.44140625 0.0078125 0.01171875
11 0.9921875 0.396484375 0.0125 0.015625
10 0.57890625 0.4755859375 0.0109375 0.029296875
2 0.2953125 0.458984375 0.025 0.02734375
9 0.0453125 0.3623046875 0.021875 0.041015625
9 0.21171875 0.3994140625 0.0078125 0.013671875
9 0.1671875 0.3056640625 0.009375 0.033203125
9 0.13984375 0.296875 0.0109375 0.0390625
11 0.19921875 0.3330078125 0.0171875 0.013671875
