2 0.51171875 0.6201171875 0.0265625 0.029296875
2 0.54453125 0.623046875 0.0140625 0.015625
7 0.76875 0.625 0.14375 0.13671875
7 0.675 0.6201171875 0.040625 0.083984375
7 0.64296875 0.6142578125 0.0296875 0.056640625
7 0.59375 0.6171875 0.025 0.0390625
7 0.61640625 0.6171875 0.0203125 0.0390625
2 0.559375 0.6220703125 0.009375 0.009765625
7 0.6890625 0.6240234375 0.021875 0.083984375
2 0.51171875 0.6201171875 0.0265625 0.029296875
2 0.54453125 0.623046875 0.0140625 0.015625
7 0.76875 0.625 0.14375 0.13671875
7 0.675 0.6201171875 0.040625 0.083984375
7 0.64296875 0.6142578125 0.0296875 0.056640625
7 0.59375 0.6171875 0.025 0.0390625
7 0.61640625 0.6171875 0.0203125 0.0390625
2 0.559375 0.6220703125 0.009375 0.009765625
7 0.6890625 0.6240234375 0.021875 0.083984375
