3 0.79453125 0.48828125 0.0890625 0.125
3 0.93125 0.53125 0.134375 0.234375
0 0.65078125 0.3662109375 0.0140625 0.056640625
0 0.61875 0.3701171875 0.015625 0.056640625
0 0.565625 0.3642578125 0.015625 0.044921875
2 0.403125 0.3740234375 0.04375 0.044921875
2 0.4265625 0.365234375 0.028125 0.03125
2 0.44296875 0.361328125 0.0203125 0.02734375
2 0.47578125 0.3681640625 0.0359375 0.037109375
2 0.540625 0.3671875 0.028125 0.03125
2 0.52578125 0.3662109375 0.0234375 0.029296875
11 0.32890625 0.19921875 0.0265625 0.03515625
9 0.4359375 0.2041015625 0.0125 0.037109375
9 0.44921875 0.205078125 0.0078125 0.03515625
9 0.4234375 0.205078125 0.009375 0.03515625
9 0.1875 0.185546875 0.0125 0.03515625
9 0.171875 0.185546875 0.015625 0.03515625
9 0.61171875 0.2958984375 0.0078125 0.009765625
9 0.15703125 0.185546875 0.0140625 0.03515625
2 0.34921875 0.365234375 0.0296875 0.03515625
2 0.4875 0.3642578125 0.025 0.033203125
9 0.46484375 0.310546875 0.0046875 0.01171875
11 0.96953125 0.177734375 0.0578125 0.0234375
11 0.96953125 0.2060546875 0.0578125 0.025390625
11 0.9703125 0.2294921875 0.05625 0.025390625
3 0.3203125 0.3798828125 0.0125 0.021484375
3 0.90625 0.5146484375 0.184375 0.166015625
3 0.8296875 0.48828125 0.13125 0.1640625
0 0.21484375 0.3818359375 0.0171875 0.041015625
11 0.97109375 0.283203125 0.0390625 0.0234375
11 0.9734375 0.3056640625 0.0375 0.021484375
11 0.96953125 0.2470703125 0.0328125 0.044921875
11 0.73828125 0.3203125 0.0390625 0.0390625
11 0.7359375 0.26171875 0.0375 0.015625
9 0.74921875 0.283203125 0.0171875 0.0234375
9 0.7234375 0.2822265625 0.01875 0.021484375
0 0.93203125 0.3720703125 0.0265625 0.056640625
0 0.0109375 0.3974609375 0.0125 0.044921875
10 0.1546875 0.3974609375 0.009375 0.021484375
0 0.80078125 0.3896484375 0.0390625 0.056640625
2 0.225 0.3828125 0.04375 0.03515625
3 0.2140625 0.3896484375 0.021875 0.037109375
2 0.36796875 0.3671875 0.0359375 0.03515625
0 0.68359375 0.3681640625 0.0140625 0.048828125
3 0.79453125 0.48828125 0.0890625 0.125
3 0.93125 0.53125 0.134375 0.234375
0 0.65078125 0.3662109375 0.0140625 0.056640625
0 0.61875 0.3701171875 0.015625 0.056640625
0 0.565625 0.3642578125 0.015625 0.044921875
2 0.403125 0.3740234375 0.04375 0.044921875
2 0.4265625 0.365234375 0.028125 0.03125
2 0.44296875 0.361328125 0.0203125 0.02734375
2 0.47578125 0.3681640625 0.0359375 0.037109375
2 0.540625 0.3671875 0.028125 0.03125
2 0.52578125 0.3662109375 0.0234375 0.029296875
11 0.32890625 0.19921875 0.0265625 0.03515625
9 0.4359375 0.2041015625 0.0125 0.037109375
9 0.44921875 0.205078125 0.0078125 0.03515625
9 0.4234375 0.205078125 0.009375 0.03515625
9 0.1875 0.185546875 0.0125 0.03515625
9 0.171875 0.185546875 0.015625 0.03515625
9 0.61171875 0.2958984375 0.0078125 0.009765625
9 0.15703125 0.185546875 0.0140625 0.03515625
2 0.34921875 0.365234375 0.0296875 0.03515625
2 0.4875 0.3642578125 0.025 0.033203125
9 0.46484375 0.310546875 0.0046875 0.01171875
11 0.96953125 0.177734375 0.0578125 0.0234375
11 0.96953125 0.2060546875 0.0578125 0.025390625
11 0.9703125 0.2294921875 0.05625 0.025390625
3 0.3203125 0.3798828125 0.0125 0.021484375
3 0.90625 0.5146484375 0.184375 0.166015625
3 0.8296875 0.48828125 0.13125 0.1640625
0 0.21484375 0.3818359375 0.0171875 0.041015625
11 0.97109375 0.283203125 0.0390625 0.0234375
11 0.9734375 0.3056640625 0.0375 0.021484375
11 0.96953125 0.2470703125 0.0328125 0.044921875
11 0.73828125 0.3203125 0.0390625 0.0390625
11 0.7359375 0.26171875 0.0375 0.015625
9 0.74921875 0.283203125 0.0171875 0.0234375
9 0.7234375 0.2822265625 0.01875 0.021484375
0 0.93203125 0.3720703125 0.0265625 0.056640625
0 0.0109375 0.3974609375 0.0125 0.044921875
10 0.1546875 0.3974609375 0.009375 0.021484375
0 0.80078125 0.3896484375 0.0390625 0.056640625
2 0.225 0.3828125 0.04375 0.03515625
3 0.2140625 0.3896484375 0.021875 0.037109375
2 0.36796875 0.3671875 0.0359375 0.03515625
0 0.68359375 0.3681640625 0.0140625 0.048828125
