2 0.76171875 0.4189453125 0.2109375 0.193359375
2 0.61328125 0.3583984375 0.0484375 0.052734375
2 0.54375 0.3603515625 0.03125 0.029296875
7 0.528125 0.341796875 0.015625 0.02734375
7 0.50234375 0.34375 0.0078125 0.01171875
2 0.5046875 0.3515625 0.009375 0.0078125
2 0.49140625 0.353515625 0.0171875 0.01953125
7 0.103125 0.359375 0.121875 0.08984375
2 0.07421875 0.3837890625 0.0515625 0.037109375
2 0.26953125 0.3603515625 0.0265625 0.021484375
2 0.34140625 0.353515625 0.0140625 0.015625
2 0.36953125 0.3525390625 0.0078125 0.009765625
7 0.2484375 0.349609375 0.05 0.04296875
2 0.24453125 0.3642578125 0.0234375 0.017578125
2 0.396875 0.3486328125 0.009375 0.009765625
2 0.32578125 0.35546875 0.0140625 0.01171875
2 0.38359375 0.349609375 0.0109375 0.01171875
2 0.3609375 0.3525390625 0.009375 0.009765625
2 0.29765625 0.357421875 0.0171875 0.015625
2 0.41328125 0.349609375 0.0046875 0.00390625
2 0.41796875 0.34765625 0.0046875 0.00390625
7 0.36328125 0.34375 0.0140625 0.0078125
2 0.76171875 0.4189453125 0.2109375 0.193359375
2 0.61328125 0.3583984375 0.0484375 0.052734375
2 0.54375 0.3603515625 0.03125 0.029296875
7 0.528125 0.341796875 0.015625 0.02734375
7 0.50234375 0.34375 0.0078125 0.01171875
2 0.5046875 0.3515625 0.009375 0.0078125
2 0.49140625 0.353515625 0.0171875 0.01953125
7 0.103125 0.359375 0.121875 0.08984375
2 0.07421875 0.3837890625 0.0515625 0.037109375
2 0.26953125 0.3603515625 0.0265625 0.021484375
2 0.34140625 0.353515625 0.0140625 0.015625
2 0.36953125 0.3525390625 0.0078125 0.009765625
7 0.2484375 0.349609375 0.05 0.04296875
2 0.24453125 0.3642578125 0.0234375 0.017578125
2 0.396875 0.3486328125 0.009375 0.009765625
2 0.32578125 0.35546875 0.0140625 0.01171875
2 0.38359375 0.349609375 0.0109375 0.01171875
2 0.3609375 0.3525390625 0.009375 0.009765625
2 0.29765625 0.357421875 0.0171875 0.015625
2 0.41328125 0.349609375 0.0046875 0.00390625
2 0.41796875 0.34765625 0.0046875 0.00390625
7 0.36328125 0.34375 0.0140625 0.0078125
