2 0.38359375 0.3701171875 0.0640625 0.056640625
2 0.57578125 0.345703125 0.0359375 0.015625
2 0.54453125 0.4501953125 0.2109375 0.193359375
2 0.41875 0.35546875 0.0375 0.0390625
2 0.21875 0.3798828125 0.1 0.095703125
2 0.1484375 0.3759765625 0.059375 0.060546875
2 0.46796875 0.341796875 0.0171875 0.0234375
3 0.45625 0.3515625 0.009375 0.015625
0 0.45625 0.345703125 0.009375 0.0234375
0 0.43515625 0.33984375 0.0078125 0.015625
9 0.41484375 0.068359375 0.0203125 0.0703125
9 0.3875 0.0703125 0.021875 0.0703125
9 0.36171875 0.0703125 0.0203125 0.0703125
0 0.96015625 0.3828125 0.0359375 0.109375
0 0.98671875 0.388671875 0.0234375 0.12890625
9 0.13203125 0.1484375 0.0140625 0.046875
9 0.15 0.1484375 0.015625 0.046875
9 0.11484375 0.1484375 0.0140625 0.046875
0 0.0671875 0.384765625 0.01875 0.0390625
2 0.546875 0.341796875 0.025 0.01953125
2 0.48671875 0.34765625 0.0265625 0.03125
2 0.52421875 0.341796875 0.0140625 0.015625
0 0.121875 0.357421875 0.009375 0.02734375
11 0.0671875 0.318359375 0.034375 0.0078125
11 0.0671875 0.30859375 0.034375 0.0078125
2 0.50390625 0.3427734375 0.0109375 0.013671875
11 0.096875 0.3251953125 0.009375 0.013671875
11 0.096875 0.3427734375 0.009375 0.013671875
2 0.3890625 0.3388671875 0.025 0.013671875
2 0.528125 0.3447265625 0.0125 0.013671875
2 0.5546875 0.3447265625 0.025 0.017578125
11 0.0671875 0.30078125 0.034375 0.0078125
11 0.075 0.326171875 0.01875 0.0078125
11 0.24140625 0.3115234375 0.0140625 0.017578125
2 0.34453125 0.357421875 0.0359375 0.0390625
2 0.1625 0.3837890625 0.046875 0.060546875
0 0.28671875 0.3525390625 0.0140625 0.021484375
2 0.38359375 0.3701171875 0.0640625 0.056640625
2 0.57578125 0.345703125 0.0359375 0.015625
2 0.54453125 0.4501953125 0.2109375 0.193359375
2 0.41875 0.35546875 0.0375 0.0390625
2 0.21875 0.3798828125 0.1 0.095703125
2 0.1484375 0.3759765625 0.059375 0.060546875
2 0.46796875 0.341796875 0.0171875 0.0234375
3 0.45625 0.3515625 0.009375 0.015625
0 0.45625 0.345703125 0.009375 0.0234375
0 0.43515625 0.33984375 0.0078125 0.015625
9 0.41484375 0.068359375 0.0203125 0.0703125
9 0.3875 0.0703125 0.021875 0.0703125
9 0.36171875 0.0703125 0.0203125 0.0703125
0 0.96015625 0.3828125 0.0359375 0.109375
0 0.98671875 0.388671875 0.0234375 0.12890625
9 0.13203125 0.1484375 0.0140625 0.046875
9 0.15 0.1484375 0.015625 0.046875
9 0.11484375 0.1484375 0.0140625 0.046875
0 0.0671875 0.384765625 0.01875 0.0390625
2 0.546875 0.341796875 0.025 0.01953125
2 0.48671875 0.34765625 0.0265625 0.03125
2 0.52421875 0.341796875 0.0140625 0.015625
0 0.121875 0.357421875 0.009375 0.02734375
11 0.0671875 0.318359375 0.034375 0.0078125
11 0.0671875 0.30859375 0.034375 0.0078125
2 0.50390625 0.3427734375 0.0109375 0.013671875
11 0.096875 0.3251953125 0.009375 0.013671875
11 0.096875 0.3427734375 0.009375 0.013671875
2 0.3890625 0.3388671875 0.025 0.013671875
2 0.528125 0.3447265625 0.0125 0.013671875
2 0.5546875 0.3447265625 0.025 0.017578125
11 0.0671875 0.30078125 0.034375 0.0078125
11 0.075 0.326171875 0.01875 0.0078125
11 0.24140625 0.3115234375 0.0140625 0.017578125
2 0.34453125 0.357421875 0.0359375 0.0390625
2 0.1625 0.3837890625 0.046875 0.060546875
0 0.28671875 0.3525390625 0.0140625 0.021484375
