2 0.73984375 0.4091796875 0.1890625 0.173828125
2 0.6140625 0.35546875 0.05 0.0546875
2 0.5421875 0.35546875 0.03125 0.02734375
7 0.52734375 0.337890625 0.0171875 0.02734375
7 0.5015625 0.337890625 0.009375 0.01171875
2 0.5046875 0.345703125 0.009375 0.0078125
2 0.49140625 0.349609375 0.0171875 0.01953125
7 0.203125 0.345703125 0.078125 0.0625
2 0.1140625 0.375 0.05 0.03515625
2 0.2125 0.3623046875 0.03125 0.025390625
2 0.31484375 0.3505859375 0.0203125 0.021484375
2 0.36328125 0.34765625 0.0109375 0.01171875
2 0.38515625 0.34765625 0.0078125 0.0078125
7 0.28984375 0.34375 0.0328125 0.03515625
2 0.290625 0.3515625 0.01875 0.015625
2 0.40546875 0.34375 0.0078125 0.0078125
2 0.34921875 0.3486328125 0.0140625 0.013671875
2 0.39453125 0.3447265625 0.0078125 0.009765625
2 0.37578125 0.3466796875 0.0078125 0.009765625
2 0.32890625 0.3505859375 0.0109375 0.013671875
2 0.73984375 0.4091796875 0.1890625 0.173828125
2 0.6140625 0.35546875 0.05 0.0546875
2 0.5421875 0.35546875 0.03125 0.02734375
7 0.52734375 0.337890625 0.0171875 0.02734375
7 0.5015625 0.337890625 0.009375 0.01171875
2 0.5046875 0.345703125 0.009375 0.0078125
2 0.49140625 0.349609375 0.0171875 0.01953125
7 0.203125 0.345703125 0.078125 0.0625
2 0.1140625 0.375 0.05 0.03515625
2 0.2125 0.3623046875 0.03125 0.025390625
2 0.31484375 0.3505859375 0.0203125 0.021484375
2 0.36328125 0.34765625 0.0109375 0.01171875
2 0.38515625 0.34765625 0.0078125 0.0078125
7 0.28984375 0.34375 0.0328125 0.03515625
2 0.290625 0.3515625 0.01875 0.015625
2 0.40546875 0.34375 0.0078125 0.0078125
2 0.34921875 0.3486328125 0.0140625 0.013671875
2 0.39453125 0.3447265625 0.0078125 0.009765625
2 0.37578125 0.3466796875 0.0078125 0.009765625
2 0.32890625 0.3505859375 0.0109375 0.013671875
