2 0.70234375 0.48046875 0.0515625 0.05078125
9 0.50546875 0.283203125 0.0140625 0.05078125
9 0.62890625 0.27734375 0.0140625 0.05078125
11 0.54296875 0.2685546875 0.0203125 0.033203125
11 0.73046875 0.298828125 0.0640625 0.0234375
11 0.1734375 0.3232421875 0.03125 0.037109375
9 0.1609375 0.3916015625 0.0125 0.013671875
9 0.2015625 0.390625 0.0125 0.01171875
0 0.81953125 0.5048828125 0.0328125 0.076171875
9 0.0203125 0.1865234375 0.021875 0.068359375
9 0.140625 0.240234375 0.015625 0.05859375
11 0.17734375 0.4072265625 0.0421875 0.013671875
11 0.778125 0.34765625 0.021875 0.03515625
0 0.86171875 0.498046875 0.0234375 0.08203125
0 0.81171875 0.4794921875 0.0203125 0.068359375
2 0.51796875 0.4951171875 0.0828125 0.056640625
2 0.0484375 0.5263671875 0.096875 0.076171875
0 0.06328125 0.5615234375 0.0453125 0.205078125
11 0.6296875 0.4140625 0.015625 0.0234375
2 0.21640625 0.5048828125 0.0640625 0.060546875
2 0.28828125 0.49609375 0.0421875 0.04296875
2 0.12890625 0.5107421875 0.0203125 0.037109375
2 0.10703125 0.515625 0.0296875 0.04296875
2 0.70234375 0.48046875 0.0515625 0.05078125
9 0.50546875 0.283203125 0.0140625 0.05078125
9 0.62890625 0.27734375 0.0140625 0.05078125
11 0.54296875 0.2685546875 0.0203125 0.033203125
11 0.73046875 0.298828125 0.0640625 0.0234375
11 0.1734375 0.3232421875 0.03125 0.037109375
9 0.1609375 0.3916015625 0.0125 0.013671875
9 0.2015625 0.390625 0.0125 0.01171875
0 0.81953125 0.5048828125 0.0328125 0.076171875
9 0.0203125 0.1865234375 0.021875 0.068359375
9 0.140625 0.240234375 0.015625 0.05859375
11 0.17734375 0.4072265625 0.0421875 0.013671875
11 0.778125 0.34765625 0.021875 0.03515625
0 0.86171875 0.498046875 0.0234375 0.08203125
0 0.81171875 0.4794921875 0.0203125 0.068359375
2 0.51796875 0.4951171875 0.0828125 0.056640625
2 0.0484375 0.5263671875 0.096875 0.076171875
0 0.06328125 0.5615234375 0.0453125 0.205078125
11 0.6296875 0.4140625 0.015625 0.0234375
2 0.21640625 0.5048828125 0.0640625 0.060546875
2 0.28828125 0.49609375 0.0421875 0.04296875
2 0.12890625 0.5107421875 0.0203125 0.037109375
2 0.10703125 0.515625 0.0296875 0.04296875
