2 0.43984375 0.6279296875 0.0578125 0.056640625
2 0.5265625 0.6279296875 0.01875 0.021484375
7 0.903125 0.619140625 0.190625 0.2578125
7 0.725 0.6201171875 0.059375 0.119140625
7 0.66171875 0.619140625 0.0515625 0.0703125
7 0.590625 0.62109375 0.028125 0.046875
7 0.6171875 0.623046875 0.025 0.046875
2 0.5484375 0.6279296875 0.0125 0.013671875
7 0.78984375 0.634765625 0.0734375 0.1328125
2 0.43984375 0.6279296875 0.0578125 0.056640625
2 0.5265625 0.6279296875 0.01875 0.021484375
7 0.903125 0.619140625 0.190625 0.2578125
7 0.725 0.6201171875 0.059375 0.119140625
7 0.66171875 0.619140625 0.0515625 0.0703125
7 0.590625 0.62109375 0.028125 0.046875
7 0.6171875 0.623046875 0.025 0.046875
2 0.5484375 0.6279296875 0.0125 0.013671875
7 0.78984375 0.634765625 0.0734375 0.1328125
