2 0.42890625 0.62890625 0.0671875 0.0703125
2 0.525 0.6259765625 0.01875 0.021484375
7 0.915625 0.6201171875 0.165625 0.291015625
7 0.73515625 0.6171875 0.0671875 0.12890625
7 0.66328125 0.6181640625 0.0546875 0.076171875
7 0.590625 0.619140625 0.028125 0.05078125
7 0.61796875 0.6201171875 0.0265625 0.048828125
2 0.546875 0.6259765625 0.0125 0.013671875
7 0.8078125 0.6337890625 0.09375 0.146484375
2 0.42890625 0.62890625 0.0671875 0.0703125
2 0.525 0.6259765625 0.01875 0.021484375
7 0.915625 0.6201171875 0.165625 0.291015625
7 0.73515625 0.6171875 0.0671875 0.12890625
7 0.66328125 0.6181640625 0.0546875 0.076171875
7 0.590625 0.619140625 0.028125 0.05078125
7 0.61796875 0.6201171875 0.0265625 0.048828125
2 0.546875 0.6259765625 0.0125 0.013671875
7 0.8078125 0.6337890625 0.09375 0.146484375
