2 0.9453125 0.5341796875 0.10625 0.248046875
2 0.84765625 0.4599609375 0.2546875 0.236328125
3 0.615625 0.4130859375 0.046875 0.048828125
3 0.6421875 0.4150390625 0.0625 0.060546875
0 0.60234375 0.361328125 0.0109375 0.0390625
0 0.5796875 0.3671875 0.009375 0.04296875
0 0.54765625 0.36328125 0.0109375 0.03515625
2 0.0859375 0.42578125 0.171875 0.13671875
2 0.31875 0.3779296875 0.053125 0.052734375
2 0.40625 0.3759765625 0.040625 0.041015625
2 0.4296875 0.3642578125 0.025 0.029296875
2 0.44609375 0.3623046875 0.0171875 0.021484375
2 0.47265625 0.369140625 0.0359375 0.0390625
2 0.525 0.3671875 0.025 0.02734375
2 0.51484375 0.3662109375 0.0203125 0.025390625
11 0.3703125 0.24609375 0.015625 0.0234375
11 0.83984375 0.2763671875 0.0359375 0.052734375
9 0.4453125 0.25 0.009375 0.0234375
9 0.4546875 0.25 0.00625 0.0234375
9 0.4359375 0.25 0.00625 0.0234375
9 0.2796875 0.2353515625 0.009375 0.025390625
9 0.2671875 0.2353515625 0.009375 0.025390625
9 0.575 0.3095703125 0.00625 0.009765625
9 0.25703125 0.236328125 0.0109375 0.02734375
2 0.37578125 0.36328125 0.0203125 0.02734375
3 0.71015625 0.435546875 0.0734375 0.09765625
2 0.271875 0.3779296875 0.034375 0.029296875
0 0.67265625 0.3701171875 0.0234375 0.025390625
0 0.628125 0.36328125 0.009375 0.03125
2 0.48515625 0.365234375 0.0234375 0.03125
2 0.17734375 0.3984375 0.0515625 0.0546875
2 0.39375 0.3642578125 0.021875 0.025390625
9 0.46171875 0.31640625 0.0046875 0.01171875
0 0.25390625 0.3671875 0.0078125 0.01953125
11 0.721875 0.2646484375 0.05625 0.013671875
11 0.7234375 0.2783203125 0.05625 0.013671875
11 0.7203125 0.291015625 0.05625 0.01171875
0 0.76953125 0.353515625 0.0109375 0.0234375
2 0.9453125 0.5341796875 0.10625 0.248046875
2 0.84765625 0.4599609375 0.2546875 0.236328125
3 0.615625 0.4130859375 0.046875 0.048828125
3 0.6421875 0.4150390625 0.0625 0.060546875
0 0.60234375 0.361328125 0.0109375 0.0390625
0 0.5796875 0.3671875 0.009375 0.04296875
0 0.54765625 0.36328125 0.0109375 0.03515625
2 0.0859375 0.42578125 0.171875 0.13671875
2 0.31875 0.3779296875 0.053125 0.052734375
2 0.40625 0.3759765625 0.040625 0.041015625
2 0.4296875 0.3642578125 0.025 0.029296875
2 0.44609375 0.3623046875 0.0171875 0.021484375
2 0.47265625 0.369140625 0.0359375 0.0390625
2 0.525 0.3671875 0.025 0.02734375
2 0.51484375 0.3662109375 0.0203125 0.025390625
11 0.3703125 0.24609375 0.015625 0.0234375
11 0.83984375 0.2763671875 0.0359375 0.052734375
9 0.4453125 0.25 0.009375 0.0234375
9 0.4546875 0.25 0.00625 0.0234375
9 0.4359375 0.25 0.00625 0.0234375
9 0.2796875 0.2353515625 0.009375 0.025390625
9 0.2671875 0.2353515625 0.009375 0.025390625
9 0.575 0.3095703125 0.00625 0.009765625
9 0.25703125 0.236328125 0.0109375 0.02734375
2 0.37578125 0.36328125 0.0203125 0.02734375
3 0.71015625 0.435546875 0.0734375 0.09765625
2 0.271875 0.3779296875 0.034375 0.029296875
0 0.67265625 0.3701171875 0.0234375 0.025390625
0 0.628125 0.36328125 0.009375 0.03125
2 0.48515625 0.365234375 0.0234375 0.03125
2 0.17734375 0.3984375 0.0515625 0.0546875
2 0.39375 0.3642578125 0.021875 0.025390625
9 0.46171875 0.31640625 0.0046875 0.01171875
0 0.25390625 0.3671875 0.0078125 0.01953125
11 0.721875 0.2646484375 0.05625 0.013671875
11 0.7234375 0.2783203125 0.05625 0.013671875
11 0.7203125 0.291015625 0.05625 0.01171875
0 0.76953125 0.353515625 0.0109375 0.0234375
