2 0.590625 0.35546875 0.040625 0.04296875
2 0.53671875 0.359375 0.0296875 0.02734375
7 0.5296875 0.3408203125 0.01875 0.029296875
7 0.5125 0.3447265625 0.009375 0.017578125
2 0.48125 0.3525390625 0.015625 0.021484375
2 0.15546875 0.373046875 0.0453125 0.03125
2 0.26171875 0.3525390625 0.0203125 0.013671875
2 0.29375 0.3515625 0.015625 0.01171875
2 0.2265625 0.3642578125 0.028125 0.021484375
2 0.3375 0.3505859375 0.009375 0.009765625
2 0.04140625 0.384765625 0.0453125 0.03125
2 0.590625 0.35546875 0.040625 0.04296875
2 0.53671875 0.359375 0.0296875 0.02734375
7 0.5296875 0.3408203125 0.01875 0.029296875
7 0.5125 0.3447265625 0.009375 0.017578125
2 0.48125 0.3525390625 0.015625 0.021484375
2 0.15546875 0.373046875 0.0453125 0.03125
2 0.26171875 0.3525390625 0.0203125 0.013671875
2 0.29375 0.3515625 0.015625 0.01171875
2 0.2265625 0.3642578125 0.028125 0.021484375
2 0.3375 0.3505859375 0.009375 0.009765625
2 0.04140625 0.384765625 0.0453125 0.03125
