2 0.5890625 0.359375 0.040625 0.04296875
2 0.53828125 0.3623046875 0.0296875 0.029296875
7 0.53359375 0.33984375 0.0203125 0.03125
7 0.51796875 0.3466796875 0.0109375 0.017578125
2 0.48671875 0.35546875 0.0171875 0.01953125
2 0.10546875 0.3740234375 0.0390625 0.021484375
2 0.21015625 0.3623046875 0.0140625 0.009765625
2 0.24375 0.359375 0.021875 0.01171875
2 0.5046875 0.3525390625 0.009375 0.009765625
2 0.19453125 0.36328125 0.0171875 0.01171875
2 0.29609375 0.3564453125 0.0109375 0.009765625
2 0.33046875 0.353515625 0.0078125 0.0078125
7 0.34921875 0.3466796875 0.0203125 0.021484375
2 0.37578125 0.3515625 0.0078125 0.0078125
2 0.38515625 0.349609375 0.0078125 0.0078125
2 0.5890625 0.359375 0.040625 0.04296875
2 0.53828125 0.3623046875 0.0296875 0.029296875
7 0.53359375 0.33984375 0.0203125 0.03125
7 0.51796875 0.3466796875 0.0109375 0.017578125
2 0.48671875 0.35546875 0.0171875 0.01953125
2 0.10546875 0.3740234375 0.0390625 0.021484375
2 0.21015625 0.3623046875 0.0140625 0.009765625
2 0.24375 0.359375 0.021875 0.01171875
2 0.5046875 0.3525390625 0.009375 0.009765625
2 0.19453125 0.36328125 0.0171875 0.01171875
2 0.29609375 0.3564453125 0.0109375 0.009765625
2 0.33046875 0.353515625 0.0078125 0.0078125
7 0.34921875 0.3466796875 0.0203125 0.021484375
2 0.37578125 0.3515625 0.0078125 0.0078125
2 0.38515625 0.349609375 0.0078125 0.0078125
