2 0.834375 0.431640625 0.278125 0.23828125
2 0.6125 0.349609375 0.046875 0.05078125
2 0.54375 0.3515625 0.03125 0.02734375
7 0.52890625 0.3359375 0.0171875 0.02734375
7 0.503125 0.3330078125 0.009375 0.009765625
2 0.50390625 0.341796875 0.0109375 0.0078125
2 0.48984375 0.3447265625 0.0171875 0.017578125
2 0.01171875 0.380859375 0.0234375 0.046875
2 0.2375 0.35546875 0.034375 0.02734375
7 0.06171875 0.3515625 0.1171875 0.0703125
2 0.365625 0.345703125 0.0125 0.01171875
2 0.3390625 0.34375 0.021875 0.01953125
2 0.30859375 0.349609375 0.0203125 0.015625
2 0.165625 0.3642578125 0.034375 0.029296875
2 0.3859375 0.3427734375 0.00625 0.005859375
2 0.39375 0.3427734375 0.00625 0.005859375
7 0.3109375 0.3349609375 0.015625 0.009765625
2 0.0390625 0.376953125 0.05 0.0390625
2 0.834375 0.431640625 0.278125 0.23828125
2 0.6125 0.349609375 0.046875 0.05078125
2 0.54375 0.3515625 0.03125 0.02734375
7 0.52890625 0.3359375 0.0171875 0.02734375
7 0.503125 0.3330078125 0.009375 0.009765625
2 0.50390625 0.341796875 0.0109375 0.0078125
2 0.48984375 0.3447265625 0.0171875 0.017578125
2 0.01171875 0.380859375 0.0234375 0.046875
2 0.2375 0.35546875 0.034375 0.02734375
7 0.06171875 0.3515625 0.1171875 0.0703125
2 0.365625 0.345703125 0.0125 0.01171875
2 0.3390625 0.34375 0.021875 0.01953125
2 0.30859375 0.349609375 0.0203125 0.015625
2 0.165625 0.3642578125 0.034375 0.029296875
2 0.3859375 0.3427734375 0.00625 0.005859375
2 0.39375 0.3427734375 0.00625 0.005859375
7 0.3109375 0.3349609375 0.015625 0.009765625
2 0.0390625 0.376953125 0.05 0.0390625
