2 0.41875 0.634765625 0.071875 0.07421875
2 0.525 0.6318359375 0.01875 0.021484375
7 0.91875 0.62890625 0.159375 0.31640625
7 0.740625 0.6259765625 0.06875 0.130859375
7 0.66484375 0.6240234375 0.0546875 0.076171875
7 0.590625 0.625 0.028125 0.05078125
7 0.61796875 0.6259765625 0.0265625 0.048828125
2 0.5484375 0.6298828125 0.0125 0.013671875
7 0.8140625 0.6396484375 0.09375 0.146484375
2 0.41875 0.634765625 0.071875 0.07421875
2 0.525 0.6318359375 0.01875 0.021484375
7 0.91875 0.62890625 0.159375 0.31640625
7 0.740625 0.6259765625 0.06875 0.130859375
7 0.66484375 0.6240234375 0.0546875 0.076171875
7 0.590625 0.625 0.028125 0.05078125
7 0.61796875 0.6259765625 0.0265625 0.048828125
2 0.5484375 0.6298828125 0.0125 0.013671875
7 0.8140625 0.6396484375 0.09375 0.146484375
