2 0.38828125 0.3740234375 0.0609375 0.056640625
2 0.57578125 0.349609375 0.0359375 0.015625
2 0.55625 0.4541015625 0.21875 0.205078125
2 0.4203125 0.359375 0.0375 0.0390625
2 0.21171875 0.384765625 0.1046875 0.09765625
2 0.1421875 0.373046875 0.059375 0.04296875
2 0.46796875 0.3466796875 0.0171875 0.021484375
3 0.45625 0.3544921875 0.009375 0.017578125
0 0.45625 0.34765625 0.009375 0.0234375
0 0.43359375 0.34375 0.0078125 0.015625
9 0.41171875 0.0654296875 0.0203125 0.072265625
9 0.3828125 0.06640625 0.021875 0.07421875
9 0.35625 0.068359375 0.021875 0.07421875
0 0.98515625 0.4052734375 0.0265625 0.103515625
9 0.12109375 0.1484375 0.0140625 0.046875
9 0.1390625 0.1484375 0.015625 0.046875
9 0.10546875 0.1484375 0.0140625 0.046875
0 0.05859375 0.396484375 0.0171875 0.03515625
2 0.546875 0.34375 0.025 0.01953125
2 0.48671875 0.3515625 0.0265625 0.03125
2 0.52265625 0.345703125 0.0140625 0.015625
11 0.0625 0.3203125 0.034375 0.0078125
11 0.0625 0.310546875 0.034375 0.0078125
2 0.50390625 0.3486328125 0.0109375 0.013671875
11 0.090625 0.3310546875 0.009375 0.013671875
11 0.090625 0.3466796875 0.009375 0.013671875
2 0.3859375 0.341796875 0.028125 0.01171875
2 0.528125 0.3466796875 0.0125 0.013671875
2 0.5578125 0.345703125 0.03125 0.01953125
11 0.0625 0.30078125 0.034375 0.0078125
11 0.0703125 0.328125 0.01875 0.0078125
11 0.23828125 0.3134765625 0.0140625 0.017578125
2 0.3390625 0.3671875 0.046875 0.04296875
2 0.14375 0.3935546875 0.0625 0.064453125
0 0.284375 0.3583984375 0.0125 0.021484375
2 0.3625 0.353515625 0.015625 0.015625
0 0.25859375 0.3525390625 0.0109375 0.021484375
2 0.38828125 0.3740234375 0.0609375 0.056640625
2 0.57578125 0.349609375 0.0359375 0.015625
2 0.55625 0.4541015625 0.21875 0.205078125
2 0.4203125 0.359375 0.0375 0.0390625
2 0.21171875 0.384765625 0.1046875 0.09765625
2 0.1421875 0.373046875 0.059375 0.04296875
2 0.46796875 0.3466796875 0.0171875 0.021484375
3 0.45625 0.3544921875 0.009375 0.017578125
0 0.45625 0.34765625 0.009375 0.0234375
0 0.43359375 0.34375 0.0078125 0.015625
9 0.41171875 0.0654296875 0.0203125 0.072265625
9 0.3828125 0.06640625 0.021875 0.07421875
9 0.35625 0.068359375 0.021875 0.07421875
0 0.98515625 0.4052734375 0.0265625 0.103515625
9 0.12109375 0.1484375 0.0140625 0.046875
9 0.1390625 0.1484375 0.015625 0.046875
9 0.10546875 0.1484375 0.0140625 0.046875
0 0.05859375 0.396484375 0.0171875 0.03515625
2 0.546875 0.34375 0.025 0.01953125
2 0.48671875 0.3515625 0.0265625 0.03125
2 0.52265625 0.345703125 0.0140625 0.015625
11 0.0625 0.3203125 0.034375 0.0078125
11 0.0625 0.310546875 0.034375 0.0078125
2 0.50390625 0.3486328125 0.0109375 0.013671875
11 0.090625 0.3310546875 0.009375 0.013671875
11 0.090625 0.3466796875 0.009375 0.013671875
2 0.3859375 0.341796875 0.028125 0.01171875
2 0.528125 0.3466796875 0.0125 0.013671875
2 0.5578125 0.345703125 0.03125 0.01953125
11 0.0625 0.30078125 0.034375 0.0078125
11 0.0703125 0.328125 0.01875 0.0078125
11 0.23828125 0.3134765625 0.0140625 0.017578125
2 0.3390625 0.3671875 0.046875 0.04296875
2 0.14375 0.3935546875 0.0625 0.064453125
0 0.284375 0.3583984375 0.0125 0.021484375
2 0.3625 0.353515625 0.015625 0.015625
0 0.25859375 0.3525390625 0.0109375 0.021484375
