9 0.48984375 0.298828125 0.0109375 0.03515625
9 0.63671875 0.298828125 0.0109375 0.0390625
11 0.71640625 0.3115234375 0.0515625 0.021484375
0 0.6 0.46484375 0.015625 0.0546875
2 0.45546875 0.4599609375 0.0765625 0.052734375
2 0.36640625 0.4599609375 0.0640625 0.037109375
2 0.1328125 0.5673828125 0.265625 0.236328125
2 0.03125 0.6982421875 0.0625 0.173828125
2 0.23984375 0.4580078125 0.0703125 0.056640625
2 0.01328125 0.45703125 0.0265625 0.03125
11 0.09453125 0.3740234375 0.0484375 0.080078125
9 0.92890625 0.228515625 0.0203125 0.0546875
9 0.89296875 0.2431640625 0.0203125 0.048828125
9 0.76640625 0.3798828125 0.0078125 0.013671875
11 0.9859375 0.2275390625 0.025 0.044921875
11 0.00546875 0.3984375 0.0109375 0.015625
2 0.3234375 0.4599609375 0.04375 0.033203125
2 0.9140625 0.6865234375 0.16875 0.353515625
0 0.28359375 0.44140625 0.0078125 0.01171875
10 0.57890625 0.474609375 0.0109375 0.03125
2 0.28828125 0.458984375 0.0296875 0.02734375
9 0.0203125 0.3544921875 0.025 0.041015625
9 0.20390625 0.3974609375 0.0078125 0.013671875
9 0.1546875 0.3037109375 0.015625 0.033203125
9 0.12421875 0.29296875 0.0140625 0.0390625
11 0.1890625 0.3310546875 0.01875 0.017578125
11 0.20078125 0.3671875 0.0140625 0.03515625
2 0.18984375 0.451171875 0.0359375 0.0234375
9 0.48984375 0.298828125 0.0109375 0.03515625
9 0.63671875 0.298828125 0.0109375 0.0390625
11 0.71640625 0.3115234375 0.0515625 0.021484375
0 0.6 0.46484375 0.015625 0.0546875
2 0.45546875 0.4599609375 0.0765625 0.052734375
2 0.36640625 0.4599609375 0.0640625 0.037109375
2 0.1328125 0.5673828125 0.265625 0.236328125
2 0.03125 0.6982421875 0.0625 0.173828125
2 0.23984375 0.4580078125 0.0703125 0.056640625
2 0.01328125 0.45703125 0.0265625 0.03125
11 0.09453125 0.3740234375 0.0484375 0.080078125
9 0.92890625 0.228515625 0.0203125 0.0546875
9 0.89296875 0.2431640625 0.0203125 0.048828125
9 0.76640625 0.3798828125 0.0078125 0.013671875
11 0.9859375 0.2275390625 0.025 0.044921875
11 0.00546875 0.3984375 0.0109375 0.015625
2 0.3234375 0.4599609375 0.04375 0.033203125
2 0.9140625 0.6865234375 0.16875 0.353515625
0 0.28359375 0.44140625 0.0078125 0.01171875
10 0.57890625 0.474609375 0.0109375 0.03125
2 0.28828125 0.458984375 0.0296875 0.02734375
9 0.0203125 0.3544921875 0.025 0.041015625
9 0.20390625 0.3974609375 0.0078125 0.013671875
9 0.1546875 0.3037109375 0.015625 0.033203125
9 0.12421875 0.29296875 0.0140625 0.0390625
11 0.1890625 0.3310546875 0.01875 0.017578125
11 0.20078125 0.3671875 0.0140625 0.03515625
2 0.18984375 0.451171875 0.0359375 0.0234375
