2 0.97421875 0.609375 0.0484375 0.2578125
3 0.659375 0.4326171875 0.065625 0.072265625
3 0.72265625 0.447265625 0.1421875 0.0859375
0 0.615625 0.37109375 0.015625 0.046875
0 0.58984375 0.3740234375 0.0109375 0.044921875
0 0.553125 0.3681640625 0.0125 0.041015625
2 0.240625 0.3955078125 0.084375 0.076171875
2 0.40234375 0.37890625 0.0421875 0.04296875
2 0.4265625 0.3720703125 0.025 0.029296875
2 0.4421875 0.3681640625 0.01875 0.025390625
2 0.47109375 0.3740234375 0.0359375 0.037109375
2 0.525 0.373046875 0.025 0.02734375
2 0.51640625 0.3701171875 0.0203125 0.025390625
11 0.3546875 0.236328125 0.01875 0.02734375
9 0.44140625 0.240234375 0.0109375 0.02734375
9 0.4515625 0.2392578125 0.00625 0.029296875
9 0.43046875 0.240234375 0.0078125 0.02734375
9 0.24296875 0.22265625 0.0109375 0.02734375
9 0.23203125 0.22265625 0.0109375 0.02734375
9 0.584375 0.310546875 0.009375 0.01171875
9 0.221875 0.22265625 0.009375 0.02734375
2 0.365625 0.3681640625 0.025 0.029296875
3 0.8859375 0.505859375 0.19375 0.16015625
0 0.7109375 0.376953125 0.01875 0.02734375
2 0.48359375 0.3701171875 0.0234375 0.029296875
2 0.0203125 0.4326171875 0.040625 0.091796875
9 0.46171875 0.3203125 0.0046875 0.01171875
11 0.79140625 0.2509765625 0.0671875 0.017578125
11 0.78984375 0.267578125 0.0640625 0.015625
11 0.7890625 0.2822265625 0.059375 0.013671875
0 0.8234375 0.3798828125 0.0125 0.064453125
0 0.075 0.392578125 0.0125 0.0390625
0 0.05859375 0.392578125 0.0171875 0.046875
3 0.34453125 0.3779296875 0.0109375 0.021484375
0 0.64296875 0.37109375 0.0109375 0.04296875
2 0.3828125 0.3701171875 0.025 0.029296875
2 0.97421875 0.609375 0.0484375 0.2578125
3 0.659375 0.4326171875 0.065625 0.072265625
3 0.72265625 0.447265625 0.1421875 0.0859375
0 0.615625 0.37109375 0.015625 0.046875
0 0.58984375 0.3740234375 0.0109375 0.044921875
0 0.553125 0.3681640625 0.0125 0.041015625
2 0.240625 0.3955078125 0.084375 0.076171875
2 0.40234375 0.37890625 0.0421875 0.04296875
2 0.4265625 0.3720703125 0.025 0.029296875
2 0.4421875 0.3681640625 0.01875 0.025390625
2 0.47109375 0.3740234375 0.0359375 0.037109375
2 0.525 0.373046875 0.025 0.02734375
2 0.51640625 0.3701171875 0.0203125 0.025390625
11 0.3546875 0.236328125 0.01875 0.02734375
9 0.44140625 0.240234375 0.0109375 0.02734375
9 0.4515625 0.2392578125 0.00625 0.029296875
9 0.43046875 0.240234375 0.0078125 0.02734375
9 0.24296875 0.22265625 0.0109375 0.02734375
9 0.23203125 0.22265625 0.0109375 0.02734375
9 0.584375 0.310546875 0.009375 0.01171875
9 0.221875 0.22265625 0.009375 0.02734375
2 0.365625 0.3681640625 0.025 0.029296875
3 0.8859375 0.505859375 0.19375 0.16015625
0 0.7109375 0.376953125 0.01875 0.02734375
2 0.48359375 0.3701171875 0.0234375 0.029296875
2 0.0203125 0.4326171875 0.040625 0.091796875
9 0.46171875 0.3203125 0.0046875 0.01171875
11 0.79140625 0.2509765625 0.0671875 0.017578125
11 0.78984375 0.267578125 0.0640625 0.015625
11 0.7890625 0.2822265625 0.059375 0.013671875
0 0.8234375 0.3798828125 0.0125 0.064453125
0 0.075 0.392578125 0.0125 0.0390625
0 0.05859375 0.392578125 0.0171875 0.046875
3 0.34453125 0.3779296875 0.0109375 0.021484375
0 0.64296875 0.37109375 0.0109375 0.04296875
2 0.3828125 0.3701171875 0.025 0.029296875
