0 0.93125 0.419921875 0.03125 0.1484375
0 0.85859375 0.4267578125 0.0296875 0.146484375
0 0.6796875 0.40234375 0.028125 0.11328125
2 0.37421875 0.3984375 0.0640625 0.06640625
2 0.4109375 0.388671875 0.03125 0.046875
2 0.459375 0.373046875 0.0125 0.01953125
2 0.48203125 0.3896484375 0.0453125 0.048828125
2 0.60234375 0.400390625 0.0546875 0.0625
2 0.55390625 0.392578125 0.0234375 0.046875
0 0.97265625 0.4248046875 0.0296875 0.119140625
2 0.4984375 0.37890625 0.025 0.03515625
2 0.0734375 0.4365234375 0.146875 0.142578125
9 0.4671875 0.310546875 0.00625 0.015625
2 0.51796875 0.3740234375 0.0171875 0.021484375
2 0.24375 0.3994140625 0.08125 0.083984375
11 0.815625 0.296875 0.0375 0.046875
9 0.8234375 0.2333984375 0.025 0.029296875
9 0.415625 0.310546875 0.00625 0.015625
2 0.56953125 0.396484375 0.0296875 0.0546875
2 0.54296875 0.3857421875 0.0203125 0.041015625
0 0.91953125 0.419921875 0.0234375 0.13671875
0 0.8453125 0.42578125 0.028125 0.140625
2 0.5328125 0.3798828125 0.015625 0.033203125
2 0.19453125 0.3955078125 0.0484375 0.072265625
2 0.44296875 0.3720703125 0.0140625 0.025390625
2 0.31796875 0.37890625 0.0546875 0.03125
3 0.4515625 0.3818359375 0.009375 0.021484375
3 0.43125 0.3857421875 0.009375 0.021484375
0 0.45234375 0.3759765625 0.0109375 0.025390625
0 0.43125 0.3779296875 0.009375 0.025390625
0 0.93125 0.419921875 0.03125 0.1484375
0 0.85859375 0.4267578125 0.0296875 0.146484375
0 0.6796875 0.40234375 0.028125 0.11328125
2 0.37421875 0.3984375 0.0640625 0.06640625
2 0.4109375 0.388671875 0.03125 0.046875
2 0.459375 0.373046875 0.0125 0.01953125
2 0.48203125 0.3896484375 0.0453125 0.048828125
2 0.60234375 0.400390625 0.0546875 0.0625
2 0.55390625 0.392578125 0.0234375 0.046875
0 0.97265625 0.4248046875 0.0296875 0.119140625
2 0.4984375 0.37890625 0.025 0.03515625
2 0.0734375 0.4365234375 0.146875 0.142578125
9 0.4671875 0.310546875 0.00625 0.015625
2 0.51796875 0.3740234375 0.0171875 0.021484375
2 0.24375 0.3994140625 0.08125 0.083984375
11 0.815625 0.296875 0.0375 0.046875
9 0.8234375 0.2333984375 0.025 0.029296875
9 0.415625 0.310546875 0.00625 0.015625
2 0.56953125 0.396484375 0.0296875 0.0546875
2 0.54296875 0.3857421875 0.0203125 0.041015625
0 0.91953125 0.419921875 0.0234375 0.13671875
0 0.8453125 0.42578125 0.028125 0.140625
2 0.5328125 0.3798828125 0.015625 0.033203125
2 0.19453125 0.3955078125 0.0484375 0.072265625
2 0.44296875 0.3720703125 0.0140625 0.025390625
2 0.31796875 0.37890625 0.0546875 0.03125
3 0.4515625 0.3818359375 0.009375 0.021484375
3 0.43125 0.3857421875 0.009375 0.021484375
0 0.45234375 0.3759765625 0.0109375 0.025390625
0 0.43125 0.3779296875 0.009375 0.025390625
