2 0.9171875 0.5751953125 0.1625 0.314453125
2 0.67578125 0.4521484375 0.0453125 0.041015625
2 0.578125 0.4482421875 0.0125 0.013671875
2 0.51875 0.4501953125 0.021875 0.021484375
0 0.48671875 0.44921875 0.0078125 0.03125
9 0.50859375 0.296875 0.0109375 0.0390625
9 0.6078125 0.2900390625 0.009375 0.037109375
11 0.53984375 0.28515625 0.0171875 0.02734375
11 0.6890625 0.3076171875 0.053125 0.017578125
11 0.2484375 0.3271484375 0.025 0.029296875
9 0.23515625 0.37890625 0.0078125 0.0078125
9 0.26796875 0.3798828125 0.0078125 0.009765625
0 0.5390625 0.47265625 0.028125 0.06640625
0 0.2546875 0.51171875 0.0375 0.1328125
0 0.20625 0.5107421875 0.05 0.138671875
9 0.16328125 0.2373046875 0.0140625 0.048828125
9 0.23203125 0.2666015625 0.0109375 0.041015625
2 0.2734375 0.4697265625 0.03125 0.044921875
11 0.2515625 0.3935546875 0.03125 0.009765625
0 0.071875 0.501953125 0.03125 0.11328125
0 0.0609375 0.458984375 0.009375 0.015625
2 0.1484375 0.482421875 0.040625 0.0390625
2 0.34765625 0.4599609375 0.0265625 0.025390625
2 0.03515625 0.4931640625 0.0546875 0.052734375
11 0.93515625 0.3662109375 0.0296875 0.044921875
11 0.93359375 0.326171875 0.0609375 0.0234375
9 0.890625 0.306640625 0.025 0.0234375
9 0.940625 0.2939453125 0.021875 0.021484375
11 0.7265625 0.34765625 0.015625 0.03125
2 0.39453125 0.455078125 0.0171875 0.02734375
2 0.10546875 0.484375 0.0453125 0.04296875
0 0.8546875 0.46484375 0.025 0.078125
2 0.4671875 0.439453125 0.01875 0.01953125
2 0.415625 0.4521484375 0.025 0.025390625
0 0.87265625 0.443359375 0.0140625 0.05859375
2 0.17578125 0.4794921875 0.0171875 0.029296875
2 0.9171875 0.5751953125 0.1625 0.314453125
2 0.67578125 0.4521484375 0.0453125 0.041015625
2 0.578125 0.4482421875 0.0125 0.013671875
2 0.51875 0.4501953125 0.021875 0.021484375
0 0.48671875 0.44921875 0.0078125 0.03125
9 0.50859375 0.296875 0.0109375 0.0390625
9 0.6078125 0.2900390625 0.009375 0.037109375
11 0.53984375 0.28515625 0.0171875 0.02734375
11 0.6890625 0.3076171875 0.053125 0.017578125
11 0.2484375 0.3271484375 0.025 0.029296875
9 0.23515625 0.37890625 0.0078125 0.0078125
9 0.26796875 0.3798828125 0.0078125 0.009765625
0 0.5390625 0.47265625 0.028125 0.06640625
0 0.2546875 0.51171875 0.0375 0.1328125
0 0.20625 0.5107421875 0.05 0.138671875
9 0.16328125 0.2373046875 0.0140625 0.048828125
9 0.23203125 0.2666015625 0.0109375 0.041015625
2 0.2734375 0.4697265625 0.03125 0.044921875
11 0.2515625 0.3935546875 0.03125 0.009765625
0 0.071875 0.501953125 0.03125 0.11328125
0 0.0609375 0.458984375 0.009375 0.015625
2 0.1484375 0.482421875 0.040625 0.0390625
2 0.34765625 0.4599609375 0.0265625 0.025390625
2 0.03515625 0.4931640625 0.0546875 0.052734375
11 0.93515625 0.3662109375 0.0296875 0.044921875
11 0.93359375 0.326171875 0.0609375 0.0234375
9 0.890625 0.306640625 0.025 0.0234375
9 0.940625 0.2939453125 0.021875 0.021484375
11 0.7265625 0.34765625 0.015625 0.03125
2 0.39453125 0.455078125 0.0171875 0.02734375
2 0.10546875 0.484375 0.0453125 0.04296875
0 0.8546875 0.46484375 0.025 0.078125
2 0.4671875 0.439453125 0.01875 0.01953125
2 0.415625 0.4521484375 0.025 0.025390625
0 0.87265625 0.443359375 0.0140625 0.05859375
2 0.17578125 0.4794921875 0.0171875 0.029296875
