3 0.86171875 0.5146484375 0.1234375 0.150390625
0 0.65859375 0.3662109375 0.0171875 0.060546875
0 0.62578125 0.3701171875 0.0171875 0.056640625
0 0.56796875 0.365234375 0.0171875 0.05078125
2 0.40390625 0.3740234375 0.0453125 0.044921875
2 0.4265625 0.3671875 0.028125 0.03125
2 0.4453125 0.361328125 0.021875 0.02734375
2 0.47734375 0.3681640625 0.0359375 0.037109375
2 0.54140625 0.369140625 0.0296875 0.03125
2 0.52890625 0.3662109375 0.0234375 0.029296875
11 0.32109375 0.1904296875 0.0265625 0.037109375
9 0.4328125 0.1962890625 0.0125 0.037109375
9 0.4484375 0.1962890625 0.009375 0.037109375
9 0.421875 0.197265625 0.009375 0.03515625
9 0.171875 0.1767578125 0.0125 0.037109375
9 0.15625 0.17578125 0.015625 0.0390625
9 0.1390625 0.1767578125 0.0125 0.037109375
2 0.34765625 0.365234375 0.0296875 0.03515625
2 0.490625 0.3662109375 0.025 0.033203125
9 0.46484375 0.310546875 0.0046875 0.01171875
3 0.3140625 0.37890625 0.0125 0.0234375
3 0.9421875 0.5634765625 0.1125 0.177734375
3 0.9203125 0.5283203125 0.15625 0.169921875
0 0.1984375 0.3779296875 0.021875 0.041015625
11 0.76171875 0.3193359375 0.0359375 0.041015625
11 0.76015625 0.251953125 0.0421875 0.01953125
9 0.7734375 0.275390625 0.01875 0.0234375
9 0.74375 0.2763671875 0.01875 0.021484375
0 0.95859375 0.375 0.0296875 0.06640625
10 0.14453125 0.3994140625 0.0078125 0.021484375
0 0.8171875 0.3955078125 0.01875 0.056640625
0 0.140625 0.3798828125 0.0125 0.037109375
2 0.22421875 0.384765625 0.0328125 0.03515625
9 0.61953125 0.2919921875 0.0078125 0.013671875
2 0.50546875 0.3623046875 0.0140625 0.017578125
3 0.196875 0.3916015625 0.028125 0.041015625
2 0.3640625 0.3681640625 0.0375 0.037109375
0 0.6921875 0.3662109375 0.0125 0.052734375
3 0.86171875 0.5146484375 0.1234375 0.150390625
0 0.65859375 0.3662109375 0.0171875 0.060546875
0 0.62578125 0.3701171875 0.0171875 0.056640625
0 0.56796875 0.365234375 0.0171875 0.05078125
2 0.40390625 0.3740234375 0.0453125 0.044921875
2 0.4265625 0.3671875 0.028125 0.03125
2 0.4453125 0.361328125 0.021875 0.02734375
2 0.47734375 0.3681640625 0.0359375 0.037109375
2 0.54140625 0.369140625 0.0296875 0.03125
2 0.52890625 0.3662109375 0.0234375 0.029296875
11 0.32109375 0.1904296875 0.0265625 0.037109375
9 0.4328125 0.1962890625 0.0125 0.037109375
9 0.4484375 0.1962890625 0.009375 0.037109375
9 0.421875 0.197265625 0.009375 0.03515625
9 0.171875 0.1767578125 0.0125 0.037109375
9 0.15625 0.17578125 0.015625 0.0390625
9 0.1390625 0.1767578125 0.0125 0.037109375
2 0.34765625 0.365234375 0.0296875 0.03515625
2 0.490625 0.3662109375 0.025 0.033203125
9 0.46484375 0.310546875 0.0046875 0.01171875
3 0.3140625 0.37890625 0.0125 0.0234375
3 0.9421875 0.5634765625 0.1125 0.177734375
3 0.9203125 0.5283203125 0.15625 0.169921875
0 0.1984375 0.3779296875 0.021875 0.041015625
11 0.76171875 0.3193359375 0.0359375 0.041015625
11 0.76015625 0.251953125 0.0421875 0.01953125
9 0.7734375 0.275390625 0.01875 0.0234375
9 0.74375 0.2763671875 0.01875 0.021484375
0 0.95859375 0.375 0.0296875 0.06640625
10 0.14453125 0.3994140625 0.0078125 0.021484375
0 0.8171875 0.3955078125 0.01875 0.056640625
0 0.140625 0.3798828125 0.0125 0.037109375
2 0.22421875 0.384765625 0.0328125 0.03515625
9 0.61953125 0.2919921875 0.0078125 0.013671875
2 0.50546875 0.3623046875 0.0140625 0.017578125
3 0.196875 0.3916015625 0.028125 0.041015625
2 0.3640625 0.3681640625 0.0375 0.037109375
0 0.6921875 0.3662109375 0.0125 0.052734375
