2 0.95703125 0.595703125 0.0828125 0.23046875
2 0.85859375 0.541015625 0.2203125 0.1875
2 0.76015625 0.5146484375 0.1203125 0.126953125
2 0.71796875 0.4892578125 0.0859375 0.095703125
2 0.68671875 0.4755859375 0.0734375 0.091796875
2 0.6359375 0.4716796875 0.021875 0.056640625
2 0.62421875 0.45703125 0.0171875 0.02734375
2 0.60078125 0.455078125 0.0140625 0.015625
2 0.55703125 0.4638671875 0.0296875 0.029296875
2 0.528125 0.458984375 0.025 0.0234375
0 0.50390625 0.455078125 0.0078125 0.0234375
2 0.37109375 0.46875 0.0265625 0.0234375
2 0.35546875 0.4638671875 0.0203125 0.021484375
2 0.334375 0.4716796875 0.03125 0.029296875
2 0.28828125 0.4873046875 0.0203125 0.025390625
2 0.25703125 0.4755859375 0.0265625 0.029296875
0 0.2328125 0.4736328125 0.009375 0.037109375
2 0.028125 0.49609375 0.05625 0.0625
2 0.07421875 0.4853515625 0.0453125 0.041015625
9 0.53125 0.3701171875 0.00625 0.017578125
9 0.58359375 0.3701171875 0.0046875 0.017578125
11 0.546875 0.3662109375 0.009375 0.013671875
11 0.6265625 0.37890625 0.028125 0.01171875
11 0.8421875 0.3701171875 0.021875 0.044921875
11 0.3984375 0.3896484375 0.0125 0.021484375
9 0.3921875 0.4169921875 0.00625 0.005859375
9 0.40625 0.4169921875 0.00625 0.005859375
11 0.37265625 0.4482421875 0.0078125 0.009765625
0 0.2109375 0.4716796875 0.009375 0.033203125
0 0.41015625 0.4658203125 0.0140625 0.033203125
0 0.315625 0.470703125 0.009375 0.0390625
2 0.95703125 0.595703125 0.0828125 0.23046875
2 0.85859375 0.541015625 0.2203125 0.1875
2 0.76015625 0.5146484375 0.1203125 0.126953125
2 0.71796875 0.4892578125 0.0859375 0.095703125
2 0.68671875 0.4755859375 0.0734375 0.091796875
2 0.6359375 0.4716796875 0.021875 0.056640625
2 0.62421875 0.45703125 0.0171875 0.02734375
2 0.60078125 0.455078125 0.0140625 0.015625
2 0.55703125 0.4638671875 0.0296875 0.029296875
2 0.528125 0.458984375 0.025 0.0234375
0 0.50390625 0.455078125 0.0078125 0.0234375
2 0.37109375 0.46875 0.0265625 0.0234375
2 0.35546875 0.4638671875 0.0203125 0.021484375
2 0.334375 0.4716796875 0.03125 0.029296875
2 0.28828125 0.4873046875 0.0203125 0.025390625
2 0.25703125 0.4755859375 0.0265625 0.029296875
0 0.2328125 0.4736328125 0.009375 0.037109375
2 0.028125 0.49609375 0.05625 0.0625
2 0.07421875 0.4853515625 0.0453125 0.041015625
9 0.53125 0.3701171875 0.00625 0.017578125
9 0.58359375 0.3701171875 0.0046875 0.017578125
11 0.546875 0.3662109375 0.009375 0.013671875
11 0.6265625 0.37890625 0.028125 0.01171875
11 0.8421875 0.3701171875 0.021875 0.044921875
11 0.3984375 0.3896484375 0.0125 0.021484375
9 0.3921875 0.4169921875 0.00625 0.005859375
9 0.40625 0.4169921875 0.00625 0.005859375
11 0.37265625 0.4482421875 0.0078125 0.009765625
0 0.2109375 0.4716796875 0.009375 0.033203125
0 0.41015625 0.4658203125 0.0140625 0.033203125
0 0.315625 0.470703125 0.009375 0.0390625
