2 0.40859375 0.3701171875 0.0421875 0.041015625
2 0.878125 0.5068359375 0.240625 0.248046875
2 0.64453125 0.3857421875 0.0953125 0.111328125
2 0.553125 0.3642578125 0.028125 0.033203125
2 0.7140625 0.4208984375 0.159375 0.150390625
2 0.3171875 0.3603515625 0.021875 0.025390625
2 0.50625 0.359375 0.065625 0.03125
2 0.33984375 0.357421875 0.0359375 0.0390625
2 0.39453125 0.3603515625 0.0234375 0.029296875
11 0.028125 0.306640625 0.021875 0.03125
2 0.37109375 0.3564453125 0.0140625 0.021484375
0 0.2625 0.361328125 0.00625 0.0234375
3 0.5796875 0.3828125 0.03125 0.05859375
3 0.59140625 0.3876953125 0.0390625 0.060546875
3 0.5953125 0.388671875 0.034375 0.0703125
0 0.15859375 0.3759765625 0.0265625 0.037109375
2 0.42109375 0.36328125 0.0296875 0.03515625
0 0.07421875 0.3740234375 0.0140625 0.048828125
0 0.02265625 0.3720703125 0.0109375 0.044921875
0 0.04765625 0.3720703125 0.0109375 0.048828125
2 0.3640625 0.3603515625 0.0125 0.021484375
2 0.44609375 0.353515625 0.0171875 0.01953125
0 0.21796875 0.3603515625 0.0078125 0.029296875
0 0.0328125 0.3759765625 0.009375 0.044921875
2 0.46796875 0.3505859375 0.0171875 0.017578125
2 0.58359375 0.3759765625 0.0484375 0.052734375
0 0.01875 0.375 0.0125 0.04296875
2 0.40859375 0.3701171875 0.0421875 0.041015625
2 0.878125 0.5068359375 0.240625 0.248046875
2 0.64453125 0.3857421875 0.0953125 0.111328125
2 0.553125 0.3642578125 0.028125 0.033203125
2 0.7140625 0.4208984375 0.159375 0.150390625
2 0.3171875 0.3603515625 0.021875 0.025390625
2 0.50625 0.359375 0.065625 0.03125
2 0.33984375 0.357421875 0.0359375 0.0390625
2 0.39453125 0.3603515625 0.0234375 0.029296875
11 0.028125 0.306640625 0.021875 0.03125
2 0.37109375 0.3564453125 0.0140625 0.021484375
0 0.2625 0.361328125 0.00625 0.0234375
3 0.5796875 0.3828125 0.03125 0.05859375
3 0.59140625 0.3876953125 0.0390625 0.060546875
3 0.5953125 0.388671875 0.034375 0.0703125
0 0.15859375 0.3759765625 0.0265625 0.037109375
2 0.42109375 0.36328125 0.0296875 0.03515625
0 0.07421875 0.3740234375 0.0140625 0.048828125
0 0.02265625 0.3720703125 0.0109375 0.044921875
0 0.04765625 0.3720703125 0.0109375 0.048828125
2 0.3640625 0.3603515625 0.0125 0.021484375
2 0.44609375 0.353515625 0.0171875 0.01953125
0 0.21796875 0.3603515625 0.0078125 0.029296875
0 0.0328125 0.3759765625 0.009375 0.044921875
2 0.46796875 0.3505859375 0.0171875 0.017578125
2 0.58359375 0.3759765625 0.0484375 0.052734375
0 0.01875 0.375 0.0125 0.04296875
