9 0.51875 0.365234375 0.00625 0.02734375
9 0.62578125 0.36328125 0.0078125 0.02734375
11 0.684375 0.375 0.0375 0.015625
0 0.6 0.486328125 0.009375 0.0390625
0 0.5234375 0.482421875 0.0125 0.03515625
2 0.4890625 0.4833984375 0.059375 0.041015625
2 0.42421875 0.486328125 0.0453125 0.0390625
2 0.3828125 0.5166015625 0.09375 0.099609375
2 0.3265625 0.544921875 0.1375 0.10546875
2 0.31640625 0.4775390625 0.0328125 0.041015625
2 0.240625 0.4912109375 0.0875 0.060546875
2 0.12890625 0.59765625 0.2578125 0.2734375
11 0.33359375 0.431640625 0.0296875 0.04296875
9 0.80546875 0.33203125 0.0140625 0.03515625
9 0.790625 0.3369140625 0.0125 0.033203125
9 0.72109375 0.423828125 0.0046875 0.01171875
11 0.83671875 0.3388671875 0.0171875 0.025390625
11 0.20390625 0.40234375 0.0265625 0.04296875
11 0.22734375 0.4384765625 0.0109375 0.009765625
9 0.240625 0.412109375 0.009375 0.0234375
9 0.303125 0.43359375 0.00625 0.01171875
2 0.221875 0.509765625 0.078125 0.0546875
9 0.51875 0.365234375 0.00625 0.02734375
9 0.62578125 0.36328125 0.0078125 0.02734375
11 0.684375 0.375 0.0375 0.015625
0 0.6 0.486328125 0.009375 0.0390625
0 0.5234375 0.482421875 0.0125 0.03515625
2 0.4890625 0.4833984375 0.059375 0.041015625
2 0.42421875 0.486328125 0.0453125 0.0390625
2 0.3828125 0.5166015625 0.09375 0.099609375
2 0.3265625 0.544921875 0.1375 0.10546875
2 0.31640625 0.4775390625 0.0328125 0.041015625
2 0.240625 0.4912109375 0.0875 0.060546875
2 0.12890625 0.59765625 0.2578125 0.2734375
11 0.33359375 0.431640625 0.0296875 0.04296875
9 0.80546875 0.33203125 0.0140625 0.03515625
9 0.790625 0.3369140625 0.0125 0.033203125
9 0.72109375 0.423828125 0.0046875 0.01171875
11 0.83671875 0.3388671875 0.0171875 0.025390625
11 0.20390625 0.40234375 0.0265625 0.04296875
11 0.22734375 0.4384765625 0.0109375 0.009765625
9 0.240625 0.412109375 0.009375 0.0234375
9 0.303125 0.43359375 0.00625 0.01171875
2 0.221875 0.509765625 0.078125 0.0546875
