2 0.590625 0.3564453125 0.040625 0.044921875
2 0.53828125 0.361328125 0.0296875 0.02734375
7 0.53125 0.341796875 0.01875 0.03125
7 0.51328125 0.3447265625 0.0109375 0.017578125
2 0.48359375 0.3525390625 0.0171875 0.017578125
2 0.19375 0.3603515625 0.028125 0.017578125
2 0.2484375 0.35546875 0.01875 0.01171875
2 0.11796875 0.376953125 0.0453125 0.03515625
2 0.30625 0.353515625 0.015625 0.01171875
2 0.3234375 0.353515625 0.009375 0.0078125
2 0.34453125 0.3505859375 0.0078125 0.005859375
2 0.00546875 0.39453125 0.0109375 0.03125
2 0.590625 0.3564453125 0.040625 0.044921875
2 0.53828125 0.361328125 0.0296875 0.02734375
7 0.53125 0.341796875 0.01875 0.03125
7 0.51328125 0.3447265625 0.0109375 0.017578125
2 0.48359375 0.3525390625 0.0171875 0.017578125
2 0.19375 0.3603515625 0.028125 0.017578125
2 0.2484375 0.35546875 0.01875 0.01171875
2 0.11796875 0.376953125 0.0453125 0.03515625
2 0.30625 0.353515625 0.015625 0.01171875
2 0.3234375 0.353515625 0.009375 0.0078125
2 0.34453125 0.3505859375 0.0078125 0.005859375
2 0.00546875 0.39453125 0.0109375 0.03125
