2 0.4015625 0.3740234375 0.053125 0.048828125
2 0.58046875 0.3515625 0.0359375 0.015625
2 0.603125 0.4599609375 0.24375 0.205078125
2 0.42578125 0.36328125 0.0328125 0.03515625
2 0.19765625 0.3955078125 0.1109375 0.107421875
2 0.47265625 0.353515625 0.0109375 0.01953125
3 0.45546875 0.359375 0.0109375 0.01953125
0 0.45546875 0.3515625 0.0109375 0.0234375
9 0.403125 0.044921875 0.025 0.078125
9 0.371875 0.044921875 0.025 0.08203125
9 0.34375 0.0498046875 0.021875 0.080078125
9 0.10234375 0.1484375 0.0140625 0.046875
9 0.1203125 0.146484375 0.015625 0.046875
9 0.08515625 0.146484375 0.0140625 0.046875
0 0.04609375 0.400390625 0.0171875 0.03515625
2 0.546875 0.3515625 0.021875 0.0234375
2 0.4890625 0.3544921875 0.028125 0.029296875
2 0.525 0.3564453125 0.015625 0.025390625
11 0.0484375 0.328125 0.034375 0.0078125
11 0.0484375 0.318359375 0.034375 0.0078125
2 0.50390625 0.3505859375 0.0109375 0.013671875
11 0.078125 0.3388671875 0.009375 0.013671875
11 0.078125 0.3544921875 0.009375 0.013671875
2 0.37421875 0.361328125 0.0265625 0.03515625
2 0.53203125 0.357421875 0.0171875 0.0234375
2 0.55625 0.3515625 0.021875 0.015625
11 0.0484375 0.30859375 0.034375 0.0078125
11 0.05625 0.3359375 0.01875 0.0078125
11 0.23515625 0.3203125 0.0140625 0.01953125
2 0.32265625 0.375 0.0515625 0.046875
2 0.10546875 0.4033203125 0.0921875 0.080078125
0 0.2828125 0.36328125 0.0125 0.01953125
2 0.359375 0.357421875 0.009375 0.015625
0 0.25546875 0.3603515625 0.0109375 0.029296875
11 0.0921875 0.337890625 0.015625 0.0234375
0 0.04609375 0.37109375 0.0109375 0.0234375
9 0.92578125 0.244140625 0.0171875 0.01953125
9 0.90703125 0.244140625 0.0171875 0.01953125
2 0.39375 0.345703125 0.015625 0.01171875
2 0.4015625 0.3740234375 0.053125 0.048828125
2 0.58046875 0.3515625 0.0359375 0.015625
2 0.603125 0.4599609375 0.24375 0.205078125
2 0.42578125 0.36328125 0.0328125 0.03515625
2 0.19765625 0.3955078125 0.1109375 0.107421875
2 0.47265625 0.353515625 0.0109375 0.01953125
3 0.45546875 0.359375 0.0109375 0.01953125
0 0.45546875 0.3515625 0.0109375 0.0234375
9 0.403125 0.044921875 0.025 0.078125
9 0.371875 0.044921875 0.025 0.08203125
9 0.34375 0.0498046875 0.021875 0.080078125
9 0.10234375 0.1484375 0.0140625 0.046875
9 0.1203125 0.146484375 0.015625 0.046875
9 0.08515625 0.146484375 0.0140625 0.046875
0 0.04609375 0.400390625 0.0171875 0.03515625
2 0.546875 0.3515625 0.021875 0.0234375
2 0.4890625 0.3544921875 0.028125 0.029296875
2 0.525 0.3564453125 0.015625 0.025390625
11 0.0484375 0.328125 0.034375 0.0078125
11 0.0484375 0.318359375 0.034375 0.0078125
2 0.50390625 0.3505859375 0.0109375 0.013671875
11 0.078125 0.3388671875 0.009375 0.013671875
11 0.078125 0.3544921875 0.009375 0.013671875
2 0.37421875 0.361328125 0.0265625 0.03515625
2 0.53203125 0.357421875 0.0171875 0.0234375
2 0.55625 0.3515625 0.021875 0.015625
11 0.0484375 0.30859375 0.034375 0.0078125
11 0.05625 0.3359375 0.01875 0.0078125
11 0.23515625 0.3203125 0.0140625 0.01953125
2 0.32265625 0.375 0.0515625 0.046875
2 0.10546875 0.4033203125 0.0921875 0.080078125
0 0.2828125 0.36328125 0.0125 0.01953125
2 0.359375 0.357421875 0.009375 0.015625
0 0.25546875 0.3603515625 0.0109375 0.029296875
11 0.0921875 0.337890625 0.015625 0.0234375
0 0.04609375 0.37109375 0.0109375 0.0234375
9 0.92578125 0.244140625 0.0171875 0.01953125
9 0.90703125 0.244140625 0.0171875 0.01953125
2 0.39375 0.345703125 0.015625 0.01171875
