2 0.70078125 0.4658203125 0.0515625 0.052734375
2 0.57578125 0.462890625 0.0203125 0.01171875
9 0.5078125 0.2744140625 0.0125 0.048828125
9 0.62890625 0.26953125 0.0140625 0.05078125
11 0.54296875 0.26171875 0.0203125 0.03125
11 0.72890625 0.2890625 0.0640625 0.02734375
11 0.1828125 0.3134765625 0.03125 0.037109375
9 0.1671875 0.37890625 0.009375 0.01171875
9 0.2109375 0.376953125 0.009375 0.01171875
0 0.78359375 0.4921875 0.0296875 0.08203125
0 0.01796875 0.58984375 0.0359375 0.23046875
9 0.0375 0.177734375 0.01875 0.06640625
9 0.15078125 0.236328125 0.0140625 0.046875
11 0.18515625 0.3955078125 0.0421875 0.013671875
11 0.77578125 0.337890625 0.0234375 0.03515625
0 0.8671875 0.482421875 0.028125 0.08203125
0 0.8171875 0.466796875 0.021875 0.0703125
2 0.478125 0.4833984375 0.1 0.056640625
2 0.115625 0.5 0.06875 0.06640625
0 0.07109375 0.5458984375 0.0546875 0.193359375
11 0.6296875 0.400390625 0.015625 0.02734375
2 0.2484375 0.486328125 0.059375 0.0546875
2 0.2109375 0.482421875 0.03125 0.03125
2 0.546875 0.462890625 0.021875 0.015625
2 0.31171875 0.48046875 0.0453125 0.03515625
2 0.70078125 0.4658203125 0.0515625 0.052734375
2 0.57578125 0.462890625 0.0203125 0.01171875
9 0.5078125 0.2744140625 0.0125 0.048828125
9 0.62890625 0.26953125 0.0140625 0.05078125
11 0.54296875 0.26171875 0.0203125 0.03125
11 0.72890625 0.2890625 0.0640625 0.02734375
11 0.1828125 0.3134765625 0.03125 0.037109375
9 0.1671875 0.37890625 0.009375 0.01171875
9 0.2109375 0.376953125 0.009375 0.01171875
0 0.78359375 0.4921875 0.0296875 0.08203125
0 0.01796875 0.58984375 0.0359375 0.23046875
9 0.0375 0.177734375 0.01875 0.06640625
9 0.15078125 0.236328125 0.0140625 0.046875
11 0.18515625 0.3955078125 0.0421875 0.013671875
11 0.77578125 0.337890625 0.0234375 0.03515625
0 0.8671875 0.482421875 0.028125 0.08203125
0 0.8171875 0.466796875 0.021875 0.0703125
2 0.478125 0.4833984375 0.1 0.056640625
2 0.115625 0.5 0.06875 0.06640625
0 0.07109375 0.5458984375 0.0546875 0.193359375
11 0.6296875 0.400390625 0.015625 0.02734375
2 0.2484375 0.486328125 0.059375 0.0546875
2 0.2109375 0.482421875 0.03125 0.03125
2 0.546875 0.462890625 0.021875 0.015625
2 0.31171875 0.48046875 0.0453125 0.03515625
