2 0.98515625 0.65234375 0.0265625 0.21875
2 0.6875 0.4482421875 0.046875 0.044921875
2 0.584375 0.4443359375 0.0125 0.013671875
2 0.52421875 0.4453125 0.0203125 0.01953125
0 0.4875 0.4462890625 0.009375 0.025390625
9 0.509375 0.27734375 0.0125 0.04296875
9 0.6171875 0.2685546875 0.0125 0.044921875
11 0.54140625 0.26171875 0.0203125 0.03125
11 0.70625 0.291015625 0.05625 0.0234375
11 0.21875 0.3095703125 0.025 0.033203125
9 0.20625 0.3701171875 0.009375 0.009765625
9 0.24375 0.3681640625 0.009375 0.009765625
0 0.5953125 0.470703125 0.025 0.0703125
0 0.20078125 0.5224609375 0.0484375 0.169921875
0 0.13359375 0.5302734375 0.0359375 0.177734375
9 0.11015625 0.203125 0.0171875 0.05859375
9 0.19609375 0.240234375 0.0140625 0.05078125
2 0.2640625 0.4580078125 0.03125 0.033203125
11 0.22265625 0.384765625 0.0359375 0.01171875
0 0.02578125 0.505859375 0.0390625 0.140625
2 0.1125 0.4794921875 0.01875 0.037109375
2 0.30625 0.458984375 0.03125 0.03515625
2 0.00625 0.4892578125 0.0125 0.041015625
9 0.96875 0.2666015625 0.028125 0.033203125
11 0.74921875 0.333984375 0.0203125 0.03515625
2 0.07890625 0.4814453125 0.0578125 0.044921875
0 0.87890625 0.4638671875 0.0296875 0.083984375
2 0.465625 0.4345703125 0.015625 0.017578125
2 0.3953125 0.451171875 0.03125 0.0234375
0 0.87109375 0.4384765625 0.0140625 0.060546875
2 0.84609375 0.4248046875 0.0328125 0.021484375
2 0.28515625 0.45703125 0.0171875 0.01953125
0 0.05546875 0.4599609375 0.0109375 0.021484375
2 0.81953125 0.4296875 0.0171875 0.015625
2 0.24765625 0.47265625 0.0390625 0.05078125
2 0.165625 0.4765625 0.028125 0.03515625
2 0.98515625 0.65234375 0.0265625 0.21875
2 0.6875 0.4482421875 0.046875 0.044921875
2 0.584375 0.4443359375 0.0125 0.013671875
2 0.52421875 0.4453125 0.0203125 0.01953125
0 0.4875 0.4462890625 0.009375 0.025390625
9 0.509375 0.27734375 0.0125 0.04296875
9 0.6171875 0.2685546875 0.0125 0.044921875
11 0.54140625 0.26171875 0.0203125 0.03125
11 0.70625 0.291015625 0.05625 0.0234375
11 0.21875 0.3095703125 0.025 0.033203125
9 0.20625 0.3701171875 0.009375 0.009765625
9 0.24375 0.3681640625 0.009375 0.009765625
0 0.5953125 0.470703125 0.025 0.0703125
0 0.20078125 0.5224609375 0.0484375 0.169921875
0 0.13359375 0.5302734375 0.0359375 0.177734375
9 0.11015625 0.203125 0.0171875 0.05859375
9 0.19609375 0.240234375 0.0140625 0.05078125
2 0.2640625 0.4580078125 0.03125 0.033203125
11 0.22265625 0.384765625 0.0359375 0.01171875
0 0.02578125 0.505859375 0.0390625 0.140625
2 0.1125 0.4794921875 0.01875 0.037109375
2 0.30625 0.458984375 0.03125 0.03515625
2 0.00625 0.4892578125 0.0125 0.041015625
9 0.96875 0.2666015625 0.028125 0.033203125
11 0.74921875 0.333984375 0.0203125 0.03515625
2 0.07890625 0.4814453125 0.0578125 0.044921875
0 0.87890625 0.4638671875 0.0296875 0.083984375
2 0.465625 0.4345703125 0.015625 0.017578125
2 0.3953125 0.451171875 0.03125 0.0234375
0 0.87109375 0.4384765625 0.0140625 0.060546875
2 0.84609375 0.4248046875 0.0328125 0.021484375
2 0.28515625 0.45703125 0.0171875 0.01953125
0 0.05546875 0.4599609375 0.0109375 0.021484375
2 0.81953125 0.4296875 0.0171875 0.015625
2 0.24765625 0.47265625 0.0390625 0.05078125
2 0.165625 0.4765625 0.028125 0.03515625
