2 0.82421875 0.4345703125 0.2671875 0.232421875
2 0.6125 0.3515625 0.046875 0.05078125
2 0.54375 0.353515625 0.03125 0.02734375
7 0.5296875 0.3359375 0.01875 0.02734375
7 0.503125 0.3349609375 0.009375 0.009765625
2 0.50625 0.3447265625 0.0125 0.009765625
2 0.49140625 0.3466796875 0.0171875 0.017578125
2 0.03515625 0.3798828125 0.0703125 0.056640625
2 0.26171875 0.353515625 0.0234375 0.0234375
7 0.09609375 0.3525390625 0.1046875 0.068359375
2 0.36875 0.34765625 0.0125 0.01171875
2 0.246875 0.35546875 0.01875 0.01953125
2 0.34765625 0.345703125 0.0203125 0.01953125
2 0.31953125 0.3505859375 0.0203125 0.017578125
2 0.190625 0.3623046875 0.03125 0.025390625
2 0.3890625 0.3466796875 0.00625 0.005859375
2 0.39609375 0.3466796875 0.0046875 0.005859375
7 0.3203125 0.3369140625 0.015625 0.009765625
2 0.0734375 0.373046875 0.040625 0.03515625
2 0.82421875 0.4345703125 0.2671875 0.232421875
2 0.6125 0.3515625 0.046875 0.05078125
2 0.54375 0.353515625 0.03125 0.02734375
7 0.5296875 0.3359375 0.01875 0.02734375
7 0.503125 0.3349609375 0.009375 0.009765625
2 0.50625 0.3447265625 0.0125 0.009765625
2 0.49140625 0.3466796875 0.0171875 0.017578125
2 0.03515625 0.3798828125 0.0703125 0.056640625
2 0.26171875 0.353515625 0.0234375 0.0234375
7 0.09609375 0.3525390625 0.1046875 0.068359375
2 0.36875 0.34765625 0.0125 0.01171875
2 0.246875 0.35546875 0.01875 0.01953125
2 0.34765625 0.345703125 0.0203125 0.01953125
2 0.31953125 0.3505859375 0.0203125 0.017578125
2 0.190625 0.3623046875 0.03125 0.025390625
2 0.3890625 0.3466796875 0.00625 0.005859375
2 0.39609375 0.3466796875 0.0046875 0.005859375
7 0.3203125 0.3369140625 0.015625 0.009765625
2 0.0734375 0.373046875 0.040625 0.03515625
