0 0.6765625 0.3681640625 0.015625 0.064453125
0 0.64140625 0.37109375 0.0171875 0.0625
0 0.57890625 0.3662109375 0.0171875 0.052734375
2 0.40234375 0.3759765625 0.0453125 0.044921875
2 0.428125 0.3681640625 0.028125 0.033203125
2 0.45234375 0.361328125 0.0171875 0.0234375
2 0.48046875 0.3720703125 0.0359375 0.037109375
2 0.5515625 0.3701171875 0.028125 0.033203125
2 0.53671875 0.3681640625 0.0234375 0.029296875
11 0.30390625 0.177734375 0.0296875 0.0390625
9 0.43125 0.18359375 0.0125 0.04296875
9 0.44453125 0.1845703125 0.0140625 0.041015625
9 0.41796875 0.1845703125 0.0140625 0.041015625
9 0.13515625 0.162109375 0.0140625 0.046875
9 0.11953125 0.162109375 0.0140625 0.046875
9 0.10390625 0.1611328125 0.0140625 0.044921875
2 0.3390625 0.3701171875 0.028125 0.037109375
2 0.4921875 0.365234375 0.025 0.03125
9 0.46796875 0.30859375 0.0046875 0.01171875
3 0.3015625 0.3798828125 0.015625 0.033203125
0 0.1453125 0.39453125 0.021875 0.05078125
11 0.8078125 0.3037109375 0.034375 0.041015625
11 0.809375 0.2333984375 0.046875 0.021484375
9 0.8234375 0.263671875 0.01875 0.0234375
9 0.63203125 0.287109375 0.0078125 0.01171875
2 0.5109375 0.361328125 0.015625 0.01953125
9 0.79375 0.2626953125 0.01875 0.021484375
10 0.11953125 0.4072265625 0.0078125 0.025390625
0 0.88359375 0.41015625 0.0421875 0.0703125
0 0.1203125 0.384765625 0.0125 0.03515625
0 0.15390625 0.3720703125 0.0109375 0.013671875
2 0.38046875 0.3623046875 0.0234375 0.029296875
11 0.63046875 0.3115234375 0.0203125 0.025390625
10 0.85390625 0.388671875 0.0140625 0.03125
2 0.20234375 0.388671875 0.0484375 0.0390625
3 0.15 0.4052734375 0.0375 0.044921875
0 0.71015625 0.3701171875 0.0171875 0.056640625
2 0.353125 0.37109375 0.04375 0.04296875
0 0.6765625 0.3681640625 0.015625 0.064453125
0 0.64140625 0.37109375 0.0171875 0.0625
0 0.57890625 0.3662109375 0.0171875 0.052734375
2 0.40234375 0.3759765625 0.0453125 0.044921875
2 0.428125 0.3681640625 0.028125 0.033203125
2 0.45234375 0.361328125 0.0171875 0.0234375
2 0.48046875 0.3720703125 0.0359375 0.037109375
2 0.5515625 0.3701171875 0.028125 0.033203125
2 0.53671875 0.3681640625 0.0234375 0.029296875
11 0.30390625 0.177734375 0.0296875 0.0390625
9 0.43125 0.18359375 0.0125 0.04296875
9 0.44453125 0.1845703125 0.0140625 0.041015625
9 0.41796875 0.1845703125 0.0140625 0.041015625
9 0.13515625 0.162109375 0.0140625 0.046875
9 0.11953125 0.162109375 0.0140625 0.046875
9 0.10390625 0.1611328125 0.0140625 0.044921875
2 0.3390625 0.3701171875 0.028125 0.037109375
2 0.4921875 0.365234375 0.025 0.03125
9 0.46796875 0.30859375 0.0046875 0.01171875
3 0.3015625 0.3798828125 0.015625 0.033203125
0 0.1453125 0.39453125 0.021875 0.05078125
11 0.8078125 0.3037109375 0.034375 0.041015625
11 0.809375 0.2333984375 0.046875 0.021484375
9 0.8234375 0.263671875 0.01875 0.0234375
9 0.63203125 0.287109375 0.0078125 0.01171875
2 0.5109375 0.361328125 0.015625 0.01953125
9 0.79375 0.2626953125 0.01875 0.021484375
10 0.11953125 0.4072265625 0.0078125 0.025390625
0 0.88359375 0.41015625 0.0421875 0.0703125
0 0.1203125 0.384765625 0.0125 0.03515625
0 0.15390625 0.3720703125 0.0109375 0.013671875
2 0.38046875 0.3623046875 0.0234375 0.029296875
11 0.63046875 0.3115234375 0.0203125 0.025390625
10 0.85390625 0.388671875 0.0140625 0.03125
2 0.20234375 0.388671875 0.0484375 0.0390625
3 0.15 0.4052734375 0.0375 0.044921875
0 0.71015625 0.3701171875 0.0171875 0.056640625
2 0.353125 0.37109375 0.04375 0.04296875
