2 0.396875 0.39453125 0.075 0.0703125
2 0.8703125 0.4892578125 0.25625 0.212890625
2 0.03984375 0.4140625 0.0796875 0.140625
2 0.46171875 0.3779296875 0.0453125 0.041015625
2 0.48046875 0.35546875 0.0109375 0.0078125
0 0.66640625 0.3720703125 0.0171875 0.048828125
2 0.48984375 0.3603515625 0.0109375 0.013671875
2 0.5328125 0.37109375 0.021875 0.0234375
2 0.503125 0.359375 0.0125 0.015625
0 0.68359375 0.3720703125 0.0171875 0.044921875
0 0.83828125 0.3603515625 0.0140625 0.041015625
0 0.85625 0.3603515625 0.021875 0.041015625
3 0.95390625 0.576171875 0.0890625 0.20703125
2 0.5203125 0.359375 0.009375 0.01171875
9 0.45703125 0.30078125 0.0078125 0.01953125
9 0.41640625 0.302734375 0.0078125 0.01953125
11 0.23828125 0.4208984375 0.0109375 0.044921875
11 0.85546875 0.23046875 0.0828125 0.015625
11 0.85546875 0.25 0.0828125 0.015625
11 0.85546875 0.2666015625 0.0828125 0.013671875
11 0.8375 0.28125 0.046875 0.01171875
11 0.378125 0.3076171875 0.015625 0.017578125
2 0.34765625 0.373046875 0.0140625 0.0234375
11 0.8609375 0.3095703125 0.01875 0.021484375
11 0.8625 0.2861328125 0.01875 0.021484375
2 0.42890625 0.361328125 0.0109375 0.015625
2 0.33671875 0.3779296875 0.0140625 0.025390625
2 0.325 0.37890625 0.015625 0.02734375
2 0.31015625 0.380859375 0.0203125 0.02734375
2 0.234375 0.4013671875 0.0875 0.080078125
2 0.2875 0.384765625 0.021875 0.02734375
2 0.27421875 0.3837890625 0.0140625 0.029296875
2 0.396875 0.39453125 0.075 0.0703125
2 0.8703125 0.4892578125 0.25625 0.212890625
2 0.03984375 0.4140625 0.0796875 0.140625
2 0.46171875 0.3779296875 0.0453125 0.041015625
2 0.48046875 0.35546875 0.0109375 0.0078125
0 0.66640625 0.3720703125 0.0171875 0.048828125
2 0.48984375 0.3603515625 0.0109375 0.013671875
2 0.5328125 0.37109375 0.021875 0.0234375
2 0.503125 0.359375 0.0125 0.015625
0 0.68359375 0.3720703125 0.0171875 0.044921875
0 0.83828125 0.3603515625 0.0140625 0.041015625
0 0.85625 0.3603515625 0.021875 0.041015625
3 0.95390625 0.576171875 0.0890625 0.20703125
2 0.5203125 0.359375 0.009375 0.01171875
9 0.45703125 0.30078125 0.0078125 0.01953125
9 0.41640625 0.302734375 0.0078125 0.01953125
11 0.23828125 0.4208984375 0.0109375 0.044921875
11 0.85546875 0.23046875 0.0828125 0.015625
11 0.85546875 0.25 0.0828125 0.015625
11 0.85546875 0.2666015625 0.0828125 0.013671875
11 0.8375 0.28125 0.046875 0.01171875
11 0.378125 0.3076171875 0.015625 0.017578125
2 0.34765625 0.373046875 0.0140625 0.0234375
11 0.8609375 0.3095703125 0.01875 0.021484375
11 0.8625 0.2861328125 0.01875 0.021484375
2 0.42890625 0.361328125 0.0109375 0.015625
2 0.33671875 0.3779296875 0.0140625 0.025390625
2 0.325 0.37890625 0.015625 0.02734375
2 0.31015625 0.380859375 0.0203125 0.02734375
2 0.234375 0.4013671875 0.0875 0.080078125
2 0.2875 0.384765625 0.021875 0.02734375
2 0.27421875 0.3837890625 0.0140625 0.029296875
