2 0.45546875 0.6259765625 0.0546875 0.056640625
2 0.528125 0.6259765625 0.01875 0.021484375
7 0.89140625 0.6220703125 0.2140625 0.236328125
7 0.740625 0.62890625 0.10625 0.12890625
7 0.6578125 0.619140625 0.05 0.0703125
7 0.590625 0.619140625 0.028125 0.046875
7 0.61640625 0.62109375 0.0234375 0.046875
2 0.5484375 0.6259765625 0.0125 0.013671875
2 0.45546875 0.6259765625 0.0546875 0.056640625
2 0.528125 0.6259765625 0.01875 0.021484375
7 0.89140625 0.6220703125 0.2140625 0.236328125
7 0.740625 0.62890625 0.10625 0.12890625
7 0.6578125 0.619140625 0.05 0.0703125
7 0.590625 0.619140625 0.028125 0.046875
7 0.61640625 0.62109375 0.0234375 0.046875
2 0.5484375 0.6259765625 0.0125 0.013671875
