2 0.74609375 0.4091796875 0.1953125 0.177734375
2 0.61328125 0.35546875 0.0484375 0.0546875
2 0.5421875 0.35546875 0.03125 0.02734375
7 0.52734375 0.337890625 0.0171875 0.02734375
7 0.5015625 0.337890625 0.009375 0.01171875
2 0.5046875 0.345703125 0.009375 0.0078125
2 0.49140625 0.349609375 0.0171875 0.01953125
7 0.17421875 0.349609375 0.0921875 0.0703125
2 0.0421875 0.38671875 0.059375 0.04296875
2 0.17421875 0.3671875 0.0359375 0.02734375
2 0.3015625 0.3525390625 0.021875 0.021484375
2 0.35546875 0.34765625 0.0109375 0.01171875
2 0.37890625 0.34765625 0.0078125 0.0078125
7 0.27421875 0.3447265625 0.0359375 0.041015625
2 0.27890625 0.3544921875 0.0203125 0.017578125
2 0.40234375 0.34375 0.0078125 0.0078125
2 0.3421875 0.349609375 0.0125 0.01171875
2 0.3921875 0.3447265625 0.009375 0.009765625
2 0.3703125 0.34765625 0.009375 0.01171875
2 0.31796875 0.3515625 0.0140625 0.01171875
2 0.4171875 0.3447265625 0.00625 0.005859375
2 0.4265625 0.34375 0.003125 0.00390625
2 0.74609375 0.4091796875 0.1953125 0.177734375
2 0.61328125 0.35546875 0.0484375 0.0546875
2 0.5421875 0.35546875 0.03125 0.02734375
7 0.52734375 0.337890625 0.0171875 0.02734375
7 0.5015625 0.337890625 0.009375 0.01171875
2 0.5046875 0.345703125 0.009375 0.0078125
2 0.49140625 0.349609375 0.0171875 0.01953125
7 0.17421875 0.349609375 0.0921875 0.0703125
2 0.0421875 0.38671875 0.059375 0.04296875
2 0.17421875 0.3671875 0.0359375 0.02734375
2 0.3015625 0.3525390625 0.021875 0.021484375
2 0.35546875 0.34765625 0.0109375 0.01171875
2 0.37890625 0.34765625 0.0078125 0.0078125
7 0.27421875 0.3447265625 0.0359375 0.041015625
2 0.27890625 0.3544921875 0.0203125 0.017578125
2 0.40234375 0.34375 0.0078125 0.0078125
2 0.3421875 0.349609375 0.0125 0.01171875
2 0.3921875 0.3447265625 0.009375 0.009765625
2 0.3703125 0.34765625 0.009375 0.01171875
2 0.31796875 0.3515625 0.0140625 0.01171875
2 0.4171875 0.3447265625 0.00625 0.005859375
2 0.4265625 0.34375 0.003125 0.00390625
