2 0.51796875 0.634765625 0.0234375 0.02734375
7 0.921875 0.6357421875 0.153125 0.267578125
7 0.70390625 0.6259765625 0.0828125 0.091796875
7 0.60546875 0.6279296875 0.0328125 0.056640625
7 0.63515625 0.62890625 0.0296875 0.0546875
2 0.553125 0.6328125 0.009375 0.01171875
2 0.51796875 0.634765625 0.0234375 0.02734375
7 0.921875 0.6357421875 0.153125 0.267578125
7 0.70390625 0.6259765625 0.0828125 0.091796875
7 0.60546875 0.6279296875 0.0328125 0.056640625
7 0.63515625 0.62890625 0.0296875 0.0546875
2 0.553125 0.6328125 0.009375 0.01171875
