2 0.3953125 0.39453125 0.075 0.0703125
2 0.8734375 0.4931640625 0.25 0.220703125
2 0.0328125 0.408203125 0.065625 0.12890625
2 0.46015625 0.3779296875 0.0453125 0.041015625
0 0.66640625 0.3720703125 0.0171875 0.048828125
2 0.48828125 0.3603515625 0.0109375 0.013671875
2 0.5328125 0.37109375 0.021875 0.0234375
2 0.5 0.359375 0.0125 0.015625
0 0.68359375 0.3720703125 0.0171875 0.044921875
0 0.84296875 0.3623046875 0.0109375 0.041015625
0 0.859375 0.3603515625 0.021875 0.041015625
3 0.9625 0.62890625 0.071875 0.14453125
2 0.515625 0.359375 0.009375 0.01171875
9 0.45703125 0.30078125 0.0078125 0.01953125
9 0.41640625 0.302734375 0.0078125 0.01953125
11 0.23515625 0.4228515625 0.0109375 0.044921875
11 0.85859375 0.23046875 0.0828125 0.015625
11 0.85859375 0.25 0.0828125 0.015625
11 0.85859375 0.2666015625 0.0828125 0.013671875
11 0.840625 0.28125 0.046875 0.01171875
11 0.378125 0.3076171875 0.015625 0.017578125
2 0.34609375 0.373046875 0.0140625 0.0234375
11 0.8671875 0.3037109375 0.01875 0.021484375
11 0.8671875 0.283203125 0.01875 0.01953125
2 0.42578125 0.3623046875 0.0109375 0.013671875
2 0.33515625 0.3779296875 0.0140625 0.025390625
2 0.32265625 0.37890625 0.0171875 0.02734375
2 0.30703125 0.3818359375 0.0203125 0.029296875
2 0.22890625 0.4033203125 0.0921875 0.083984375
2 0.28359375 0.384765625 0.0203125 0.02734375
2 0.27109375 0.3837890625 0.0140625 0.029296875
2 0.3953125 0.39453125 0.075 0.0703125
2 0.8734375 0.4931640625 0.25 0.220703125
2 0.0328125 0.408203125 0.065625 0.12890625
2 0.46015625 0.3779296875 0.0453125 0.041015625
0 0.66640625 0.3720703125 0.0171875 0.048828125
2 0.48828125 0.3603515625 0.0109375 0.013671875
2 0.5328125 0.37109375 0.021875 0.0234375
2 0.5 0.359375 0.0125 0.015625
0 0.68359375 0.3720703125 0.0171875 0.044921875
0 0.84296875 0.3623046875 0.0109375 0.041015625
0 0.859375 0.3603515625 0.021875 0.041015625
3 0.9625 0.62890625 0.071875 0.14453125
2 0.515625 0.359375 0.009375 0.01171875
9 0.45703125 0.30078125 0.0078125 0.01953125
9 0.41640625 0.302734375 0.0078125 0.01953125
11 0.23515625 0.4228515625 0.0109375 0.044921875
11 0.85859375 0.23046875 0.0828125 0.015625
11 0.85859375 0.25 0.0828125 0.015625
11 0.85859375 0.2666015625 0.0828125 0.013671875
11 0.840625 0.28125 0.046875 0.01171875
11 0.378125 0.3076171875 0.015625 0.017578125
2 0.34609375 0.373046875 0.0140625 0.0234375
11 0.8671875 0.3037109375 0.01875 0.021484375
11 0.8671875 0.283203125 0.01875 0.01953125
2 0.42578125 0.3623046875 0.0109375 0.013671875
2 0.33515625 0.3779296875 0.0140625 0.025390625
2 0.32265625 0.37890625 0.0171875 0.02734375
2 0.30703125 0.3818359375 0.0203125 0.029296875
2 0.22890625 0.4033203125 0.0921875 0.083984375
2 0.28359375 0.384765625 0.0203125 0.02734375
2 0.27109375 0.3837890625 0.0140625 0.029296875
