2 0.59375 0.35546875 0.04375 0.046875
2 0.53671875 0.3603515625 0.0296875 0.029296875
7 0.528125 0.3427734375 0.01875 0.029296875
7 0.509375 0.345703125 0.009375 0.015625
2 0.48359375 0.3544921875 0.0171875 0.017578125
2 0.0890625 0.3828125 0.053125 0.03515625
2 0.228125 0.3623046875 0.0375 0.029296875
2 0.2984375 0.3583984375 0.0125 0.013671875
2 0.328125 0.3525390625 0.009375 0.009765625
2 0.20234375 0.3671875 0.0265625 0.02734375
2 0.28359375 0.361328125 0.0171875 0.015625
2 0.34609375 0.3515625 0.0078125 0.0078125
2 0.59375 0.35546875 0.04375 0.046875
2 0.53671875 0.3603515625 0.0296875 0.029296875
7 0.528125 0.3427734375 0.01875 0.029296875
7 0.509375 0.345703125 0.009375 0.015625
2 0.48359375 0.3544921875 0.0171875 0.017578125
2 0.0890625 0.3828125 0.053125 0.03515625
2 0.228125 0.3623046875 0.0375 0.029296875
2 0.2984375 0.3583984375 0.0125 0.013671875
2 0.328125 0.3525390625 0.009375 0.009765625
2 0.20234375 0.3671875 0.0265625 0.02734375
2 0.28359375 0.361328125 0.0171875 0.015625
2 0.34609375 0.3515625 0.0078125 0.0078125
