2 0.70234375 0.48046875 0.0515625 0.05078125
9 0.50390625 0.28515625 0.0140625 0.05078125
9 0.63046875 0.27734375 0.0140625 0.05078125
11 0.5421875 0.26953125 0.021875 0.03515625
11 0.73359375 0.2998046875 0.0671875 0.025390625
11 0.1625 0.3251953125 0.03125 0.037109375
9 0.14765625 0.3935546875 0.0109375 0.009765625
9 0.1921875 0.3916015625 0.009375 0.009765625
0 0.840625 0.5068359375 0.034375 0.083984375
9 0.0078125 0.1796875 0.015625 0.06640625
9 0.12421875 0.2412109375 0.0203125 0.052734375
11 0.16796875 0.4111328125 0.0453125 0.013671875
11 0.78125 0.349609375 0.021875 0.03515625
0 0.8609375 0.501953125 0.021875 0.08203125
0 0.8125 0.484375 0.021875 0.0703125
2 0.5328125 0.4970703125 0.071875 0.056640625
2 0.0125 0.529296875 0.025 0.07421875
0 0.05546875 0.576171875 0.0703125 0.2109375
11 0.628125 0.41796875 0.015625 0.0234375
2 0.203125 0.5087890625 0.0625 0.060546875
2 0.2703125 0.501953125 0.05 0.04296875
2 0.11796875 0.513671875 0.0171875 0.03515625
2 0.08671875 0.51953125 0.0515625 0.04296875
2 0.24453125 0.48828125 0.0265625 0.0234375
0 0.4875 0.4794921875 0.009375 0.029296875
2 0.70234375 0.48046875 0.0515625 0.05078125
9 0.50390625 0.28515625 0.0140625 0.05078125
9 0.63046875 0.27734375 0.0140625 0.05078125
11 0.5421875 0.26953125 0.021875 0.03515625
11 0.73359375 0.2998046875 0.0671875 0.025390625
11 0.1625 0.3251953125 0.03125 0.037109375
9 0.14765625 0.3935546875 0.0109375 0.009765625
9 0.1921875 0.3916015625 0.009375 0.009765625
0 0.840625 0.5068359375 0.034375 0.083984375
9 0.0078125 0.1796875 0.015625 0.06640625
9 0.12421875 0.2412109375 0.0203125 0.052734375
11 0.16796875 0.4111328125 0.0453125 0.013671875
11 0.78125 0.349609375 0.021875 0.03515625
0 0.8609375 0.501953125 0.021875 0.08203125
0 0.8125 0.484375 0.021875 0.0703125
2 0.5328125 0.4970703125 0.071875 0.056640625
2 0.0125 0.529296875 0.025 0.07421875
0 0.05546875 0.576171875 0.0703125 0.2109375
11 0.628125 0.41796875 0.015625 0.0234375
2 0.203125 0.5087890625 0.0625 0.060546875
2 0.2703125 0.501953125 0.05 0.04296875
2 0.11796875 0.513671875 0.0171875 0.03515625
2 0.08671875 0.51953125 0.0515625 0.04296875
2 0.24453125 0.48828125 0.0265625 0.0234375
0 0.4875 0.4794921875 0.009375 0.029296875
