2 0.396875 0.3857421875 0.071875 0.068359375
2 0.721875 0.41796875 0.134375 0.1171875
2 0.17578125 0.3828125 0.0984375 0.09375
2 0.45546875 0.3701171875 0.0453125 0.041015625
0 0.11484375 0.375 0.0109375 0.04296875
2 0.47890625 0.3525390625 0.0140625 0.017578125
2 0.9453125 0.546875 0.10625 0.203125
0 0.10703125 0.3759765625 0.0109375 0.041015625
0 0.62890625 0.3623046875 0.0171875 0.044921875
2 0.49609375 0.3525390625 0.0109375 0.013671875
2 0.5390625 0.361328125 0.021875 0.0234375
2 0.509375 0.353515625 0.0125 0.015625
0 0.64921875 0.3642578125 0.0171875 0.044921875
0 0.7625 0.3515625 0.0125 0.03125
0 0.7828125 0.357421875 0.021875 0.04296875
3 0.83984375 0.4794921875 0.1515625 0.119140625
3 0.76328125 0.4599609375 0.1109375 0.103515625
2 0.27265625 0.373046875 0.0421875 0.0390625
2 0.5234375 0.353515625 0.009375 0.01171875
9 0.46640625 0.2998046875 0.0078125 0.017578125
9 0.43046875 0.30078125 0.0078125 0.01953125
11 0.30390625 0.3916015625 0.0109375 0.029296875
11 0.759375 0.2548828125 0.0625 0.013671875
11 0.759375 0.267578125 0.0625 0.01171875
11 0.759375 0.28125 0.0625 0.01171875
11 0.746875 0.294921875 0.0375 0.01171875
11 0.390625 0.302734375 0.0125 0.015625
2 0.36328125 0.361328125 0.0140625 0.015625
11 0.76953125 0.3125 0.0171875 0.015625
11 0.76953125 0.296875 0.0171875 0.015625
2 0.43125 0.35546875 0.015625 0.01953125
2 0.9453125 0.373046875 0.03125 0.02734375
2 0.321875 0.376953125 0.059375 0.0546875
2 0.35234375 0.3662109375 0.0140625 0.021484375
2 0.421875 0.3603515625 0.0125 0.017578125
2 0.396875 0.3857421875 0.071875 0.068359375
2 0.721875 0.41796875 0.134375 0.1171875
2 0.17578125 0.3828125 0.0984375 0.09375
2 0.45546875 0.3701171875 0.0453125 0.041015625
0 0.11484375 0.375 0.0109375 0.04296875
2 0.47890625 0.3525390625 0.0140625 0.017578125
2 0.9453125 0.546875 0.10625 0.203125
0 0.10703125 0.3759765625 0.0109375 0.041015625
0 0.62890625 0.3623046875 0.0171875 0.044921875
2 0.49609375 0.3525390625 0.0109375 0.013671875
2 0.5390625 0.361328125 0.021875 0.0234375
2 0.509375 0.353515625 0.0125 0.015625
0 0.64921875 0.3642578125 0.0171875 0.044921875
0 0.7625 0.3515625 0.0125 0.03125
0 0.7828125 0.357421875 0.021875 0.04296875
3 0.83984375 0.4794921875 0.1515625 0.119140625
3 0.76328125 0.4599609375 0.1109375 0.103515625
2 0.27265625 0.373046875 0.0421875 0.0390625
2 0.5234375 0.353515625 0.009375 0.01171875
9 0.46640625 0.2998046875 0.0078125 0.017578125
9 0.43046875 0.30078125 0.0078125 0.01953125
11 0.30390625 0.3916015625 0.0109375 0.029296875
11 0.759375 0.2548828125 0.0625 0.013671875
11 0.759375 0.267578125 0.0625 0.01171875
11 0.759375 0.28125 0.0625 0.01171875
11 0.746875 0.294921875 0.0375 0.01171875
11 0.390625 0.302734375 0.0125 0.015625
2 0.36328125 0.361328125 0.0140625 0.015625
11 0.76953125 0.3125 0.0171875 0.015625
11 0.76953125 0.296875 0.0171875 0.015625
2 0.43125 0.35546875 0.015625 0.01953125
2 0.9453125 0.373046875 0.03125 0.02734375
2 0.321875 0.376953125 0.059375 0.0546875
2 0.35234375 0.3662109375 0.0140625 0.021484375
2 0.421875 0.3603515625 0.0125 0.017578125
