2 0.59296875 0.35546875 0.0421875 0.046875
2 0.53671875 0.3583984375 0.0296875 0.029296875
7 0.528125 0.3408203125 0.01875 0.029296875
7 0.509375 0.34375 0.009375 0.015625
2 0.48359375 0.353515625 0.0171875 0.01953125
2 0.009375 0.3896484375 0.01875 0.029296875
2 0.178125 0.3642578125 0.040625 0.037109375
2 0.27421875 0.3603515625 0.0203125 0.017578125
2 0.3140625 0.3515625 0.0125 0.01171875
2 0.15625 0.369140625 0.0375 0.03125
2 0.25546875 0.3623046875 0.0203125 0.017578125
2 0.334375 0.349609375 0.009375 0.0078125
2 0.30078125 0.3544921875 0.0109375 0.009765625
2 0.36640625 0.349609375 0.0078125 0.0078125
2 0.59296875 0.35546875 0.0421875 0.046875
2 0.53671875 0.3583984375 0.0296875 0.029296875
7 0.528125 0.3408203125 0.01875 0.029296875
7 0.509375 0.34375 0.009375 0.015625
2 0.48359375 0.353515625 0.0171875 0.01953125
2 0.009375 0.3896484375 0.01875 0.029296875
2 0.178125 0.3642578125 0.040625 0.037109375
2 0.27421875 0.3603515625 0.0203125 0.017578125
2 0.3140625 0.3515625 0.0125 0.01171875
2 0.15625 0.369140625 0.0375 0.03125
2 0.25546875 0.3623046875 0.0203125 0.017578125
2 0.334375 0.349609375 0.009375 0.0078125
2 0.30078125 0.3544921875 0.0109375 0.009765625
2 0.36640625 0.349609375 0.0078125 0.0078125
