2 0.50234375 0.6298828125 0.0265625 0.025390625
2 0.5140625 0.6240234375 0.021875 0.025390625
2 0.53046875 0.6181640625 0.0109375 0.013671875
2 0.540625 0.6142578125 0.009375 0.009765625
78 0.97578125 0.6796875 0.0453125 0.1484375
11 0.3796875 0.572265625 0.009375 0.02734375
2 0.50234375 0.6298828125 0.0265625 0.025390625
2 0.5140625 0.6240234375 0.021875 0.025390625
2 0.53046875 0.6181640625 0.0109375 0.013671875
2 0.540625 0.6142578125 0.009375 0.009765625
78 0.97578125 0.6796875 0.0453125 0.1484375
11 0.3796875 0.572265625 0.009375 0.02734375
