2 0.4078125 0.376953125 0.05 0.04296875
2 0.740625 0.41796875 0.1625 0.18359375
2 0.57265625 0.373046875 0.0328125 0.046875
2 0.86953125 0.4833984375 0.2578125 0.291015625
2 0.54765625 0.36328125 0.0515625 0.03125
2 0.3265625 0.3642578125 0.040625 0.044921875
2 0.38828125 0.3662109375 0.0234375 0.029296875
2 0.37109375 0.3623046875 0.0109375 0.021484375
0 0.25234375 0.369140625 0.0078125 0.0234375
3 0.61015625 0.4091796875 0.0359375 0.060546875
3 0.63359375 0.41796875 0.0359375 0.07421875
3 0.653125 0.419921875 0.0375 0.0859375
0 0.1125 0.392578125 0.025 0.04296875
2 0.42421875 0.3681640625 0.0296875 0.037109375
0 0.0078125 0.3974609375 0.015625 0.060546875
2 0.3625 0.365234375 0.0125 0.01953125
0 0.20546875 0.37109375 0.0109375 0.03515625
2 0.465625 0.353515625 0.015625 0.015625
2 0.60703125 0.3876953125 0.0515625 0.064453125
0 0.1921875 0.37109375 0.009375 0.03125
0 0.5046875 0.359375 0.009375 0.03515625
2 0.4796875 0.3544921875 0.009375 0.013671875
2 0.3515625 0.3662109375 0.009375 0.021484375
2 0.5125 0.359375 0.015625 0.01953125
0 0.66875 0.3466796875 0.015625 0.037109375
2 0.440625 0.3544921875 0.009375 0.013671875
2 0.0875 0.380859375 0.025 0.02734375
0 0.68359375 0.3525390625 0.0171875 0.033203125
2 0.496875 0.353515625 0.009375 0.015625
0 0.525 0.3603515625 0.00625 0.029296875
2 0.4078125 0.376953125 0.05 0.04296875
2 0.740625 0.41796875 0.1625 0.18359375
2 0.57265625 0.373046875 0.0328125 0.046875
2 0.86953125 0.4833984375 0.2578125 0.291015625
2 0.54765625 0.36328125 0.0515625 0.03125
2 0.3265625 0.3642578125 0.040625 0.044921875
2 0.38828125 0.3662109375 0.0234375 0.029296875
2 0.37109375 0.3623046875 0.0109375 0.021484375
0 0.25234375 0.369140625 0.0078125 0.0234375
3 0.61015625 0.4091796875 0.0359375 0.060546875
3 0.63359375 0.41796875 0.0359375 0.07421875
3 0.653125 0.419921875 0.0375 0.0859375
0 0.1125 0.392578125 0.025 0.04296875
2 0.42421875 0.3681640625 0.0296875 0.037109375
0 0.0078125 0.3974609375 0.015625 0.060546875
2 0.3625 0.365234375 0.0125 0.01953125
0 0.20546875 0.37109375 0.0109375 0.03515625
2 0.465625 0.353515625 0.015625 0.015625
2 0.60703125 0.3876953125 0.0515625 0.064453125
0 0.1921875 0.37109375 0.009375 0.03125
0 0.5046875 0.359375 0.009375 0.03515625
2 0.4796875 0.3544921875 0.009375 0.013671875
2 0.3515625 0.3662109375 0.009375 0.021484375
2 0.5125 0.359375 0.015625 0.01953125
0 0.66875 0.3466796875 0.015625 0.037109375
2 0.440625 0.3544921875 0.009375 0.013671875
2 0.0875 0.380859375 0.025 0.02734375
0 0.68359375 0.3525390625 0.0171875 0.033203125
2 0.496875 0.353515625 0.009375 0.015625
0 0.525 0.3603515625 0.00625 0.029296875
