2 0.9140625 0.4697265625 0.16875 0.302734375
2 0.6078125 0.35546875 0.04375 0.05078125
2 0.54453125 0.359375 0.0296875 0.02734375
7 0.5328125 0.341796875 0.01875 0.03125
7 0.50625 0.345703125 0.009375 0.015625
2 0.49140625 0.3544921875 0.0171875 0.021484375
2 0.1984375 0.369140625 0.0375 0.02734375
2 0.03125 0.380859375 0.0625 0.05859375
2 0.31328125 0.357421875 0.0171875 0.015625
7 0.0390625 0.341796875 0.078125 0.05859375
2 0.284375 0.3525390625 0.028125 0.029296875
2 0.36171875 0.353515625 0.0140625 0.01171875
2 0.38125 0.3505859375 0.0125 0.013671875
2 0.39609375 0.349609375 0.0078125 0.0078125
2 0.328125 0.35546875 0.0125 0.01171875
2 0.9140625 0.4697265625 0.16875 0.302734375
2 0.6078125 0.35546875 0.04375 0.05078125
2 0.54453125 0.359375 0.0296875 0.02734375
7 0.5328125 0.341796875 0.01875 0.03125
7 0.50625 0.345703125 0.009375 0.015625
2 0.49140625 0.3544921875 0.0171875 0.021484375
2 0.1984375 0.369140625 0.0375 0.02734375
2 0.03125 0.380859375 0.0625 0.05859375
2 0.31328125 0.357421875 0.0171875 0.015625
7 0.0390625 0.341796875 0.078125 0.05859375
2 0.284375 0.3525390625 0.028125 0.029296875
2 0.36171875 0.353515625 0.0140625 0.01171875
2 0.38125 0.3505859375 0.0125 0.013671875
2 0.39609375 0.349609375 0.0078125 0.0078125
2 0.328125 0.35546875 0.0125 0.01171875
