2 0.95078125 0.5859375 0.0953125 0.25
2 0.68203125 0.4482421875 0.0484375 0.044921875
2 0.58125 0.4443359375 0.0125 0.013671875
2 0.521875 0.4443359375 0.021875 0.021484375
0 0.4859375 0.4453125 0.009375 0.02734375
9 0.50859375 0.2822265625 0.0140625 0.041015625
9 0.6140625 0.27734375 0.0125 0.04296875
11 0.540625 0.2685546875 0.01875 0.029296875
11 0.69921875 0.2958984375 0.0546875 0.021484375
11 0.23125 0.3154296875 0.025 0.033203125
9 0.21875 0.3740234375 0.009375 0.009765625
9 0.25390625 0.3681640625 0.0078125 0.009765625
0 0.565625 0.4697265625 0.028125 0.068359375
0 0.23984375 0.5126953125 0.0484375 0.154296875
0 0.1734375 0.51953125 0.0375 0.1640625
9 0.1328125 0.21484375 0.015625 0.0546875
9 0.21328125 0.24609375 0.0109375 0.0390625
2 0.2671875 0.4580078125 0.03125 0.033203125
11 0.23359375 0.38671875 0.0359375 0.01171875
0 0.04921875 0.505859375 0.0484375 0.12890625
2 0.13828125 0.48046875 0.0421875 0.0390625
2 0.32734375 0.45703125 0.0359375 0.03125
2 0.01484375 0.48828125 0.0296875 0.046875
11 0.984375 0.3544921875 0.028125 0.060546875
11 0.975 0.3056640625 0.046875 0.025390625
9 0.92734375 0.28125 0.0234375 0.03125
11 0.73984375 0.33984375 0.0171875 0.03515625
2 0.38671875 0.45703125 0.0109375 0.01953125
2 0.08984375 0.4833984375 0.0578125 0.044921875
0 0.8671875 0.4619140625 0.021875 0.083984375
2 0.4640625 0.4365234375 0.015625 0.017578125
2 0.4046875 0.44921875 0.028125 0.0234375
0 0.87734375 0.439453125 0.0171875 0.05859375
2 0.83671875 0.4267578125 0.0328125 0.021484375
2 0.29140625 0.458984375 0.0171875 0.01953125
0 0.0640625 0.4609375 0.0125 0.02734375
2 0.8109375 0.4296875 0.01875 0.015625
2 0.95078125 0.5859375 0.0953125 0.25
2 0.68203125 0.4482421875 0.0484375 0.044921875
2 0.58125 0.4443359375 0.0125 0.013671875
2 0.521875 0.4443359375 0.021875 0.021484375
0 0.4859375 0.4453125 0.009375 0.02734375
9 0.50859375 0.2822265625 0.0140625 0.041015625
9 0.6140625 0.27734375 0.0125 0.04296875
11 0.540625 0.2685546875 0.01875 0.029296875
11 0.69921875 0.2958984375 0.0546875 0.021484375
11 0.23125 0.3154296875 0.025 0.033203125
9 0.21875 0.3740234375 0.009375 0.009765625
9 0.25390625 0.3681640625 0.0078125 0.009765625
0 0.565625 0.4697265625 0.028125 0.068359375
0 0.23984375 0.5126953125 0.0484375 0.154296875
0 0.1734375 0.51953125 0.0375 0.1640625
9 0.1328125 0.21484375 0.015625 0.0546875
9 0.21328125 0.24609375 0.0109375 0.0390625
2 0.2671875 0.4580078125 0.03125 0.033203125
11 0.23359375 0.38671875 0.0359375 0.01171875
0 0.04921875 0.505859375 0.0484375 0.12890625
2 0.13828125 0.48046875 0.0421875 0.0390625
2 0.32734375 0.45703125 0.0359375 0.03125
2 0.01484375 0.48828125 0.0296875 0.046875
11 0.984375 0.3544921875 0.028125 0.060546875
11 0.975 0.3056640625 0.046875 0.025390625
9 0.92734375 0.28125 0.0234375 0.03125
11 0.73984375 0.33984375 0.0171875 0.03515625
2 0.38671875 0.45703125 0.0109375 0.01953125
2 0.08984375 0.4833984375 0.0578125 0.044921875
0 0.8671875 0.4619140625 0.021875 0.083984375
2 0.4640625 0.4365234375 0.015625 0.017578125
2 0.4046875 0.44921875 0.028125 0.0234375
0 0.87734375 0.439453125 0.0171875 0.05859375
2 0.83671875 0.4267578125 0.0328125 0.021484375
2 0.29140625 0.458984375 0.0171875 0.01953125
0 0.0640625 0.4609375 0.0125 0.02734375
2 0.8109375 0.4296875 0.01875 0.015625
