2 0.58984375 0.35546875 0.0390625 0.04296875
2 0.53828125 0.361328125 0.0296875 0.02734375
7 0.53359375 0.33984375 0.0203125 0.03125
7 0.51484375 0.3447265625 0.0109375 0.017578125
2 0.48359375 0.3525390625 0.0171875 0.017578125
2 0.0984375 0.373046875 0.040625 0.0234375
2 0.20546875 0.36328125 0.0296875 0.015625
2 0.26171875 0.357421875 0.0109375 0.0078125
2 0.2875 0.3544921875 0.015625 0.009765625
2 0.5046875 0.3505859375 0.009375 0.009765625
2 0.246875 0.357421875 0.0125 0.0078125
2 0.58984375 0.35546875 0.0390625 0.04296875
2 0.53828125 0.361328125 0.0296875 0.02734375
7 0.53359375 0.33984375 0.0203125 0.03125
7 0.51484375 0.3447265625 0.0109375 0.017578125
2 0.48359375 0.3525390625 0.0171875 0.017578125
2 0.0984375 0.373046875 0.040625 0.0234375
2 0.20546875 0.36328125 0.0296875 0.015625
2 0.26171875 0.357421875 0.0109375 0.0078125
2 0.2875 0.3544921875 0.015625 0.009765625
2 0.5046875 0.3505859375 0.009375 0.009765625
2 0.246875 0.357421875 0.0125 0.0078125
