2 0.58515625 0.359375 0.0390625 0.04296875
2 0.53046875 0.36328125 0.0296875 0.02734375
7 0.53828125 0.341796875 0.0171875 0.0234375
7 0.51484375 0.3505859375 0.0109375 0.017578125
2 0.4875 0.357421875 0.015625 0.01953125
2 0.50078125 0.3544921875 0.0109375 0.009765625
2 0.03359375 0.3759765625 0.0671875 0.037109375
2 0.21171875 0.3603515625 0.0265625 0.021484375
2 0.275 0.3564453125 0.025 0.017578125
2 0.30625 0.3564453125 0.0125 0.009765625
2 0.34296875 0.353515625 0.0140625 0.01171875
2 0.378125 0.353515625 0.009375 0.0078125
2 0.184375 0.3671875 0.025 0.015625
2 0.23203125 0.361328125 0.0140625 0.015625
2 0.36875 0.35546875 0.009375 0.0078125
2 0.58515625 0.359375 0.0390625 0.04296875
2 0.53046875 0.36328125 0.0296875 0.02734375
7 0.53828125 0.341796875 0.0171875 0.0234375
7 0.51484375 0.3505859375 0.0109375 0.017578125
2 0.4875 0.357421875 0.015625 0.01953125
2 0.50078125 0.3544921875 0.0109375 0.009765625
2 0.03359375 0.3759765625 0.0671875 0.037109375
2 0.21171875 0.3603515625 0.0265625 0.021484375
2 0.275 0.3564453125 0.025 0.017578125
2 0.30625 0.3564453125 0.0125 0.009765625
2 0.34296875 0.353515625 0.0140625 0.01171875
2 0.378125 0.353515625 0.009375 0.0078125
2 0.184375 0.3671875 0.025 0.015625
2 0.23203125 0.361328125 0.0140625 0.015625
2 0.36875 0.35546875 0.009375 0.0078125
