2 0.52421875 0.6162109375 0.0234375 0.025390625
2 0.54609375 0.6201171875 0.0109375 0.013671875
7 0.7140625 0.615234375 0.09375 0.1015625
7 0.65390625 0.615234375 0.0296875 0.06640625
7 0.63125 0.611328125 0.021875 0.05078125
7 0.59140625 0.61328125 0.0234375 0.03515625
7 0.61171875 0.6123046875 0.0171875 0.037109375
11 0.04453125 0.544921875 0.0359375 0.0390625
11 0.04609375 0.5126953125 0.0390625 0.013671875
11 0.046875 0.484375 0.028125 0.03515625
2 0.52421875 0.6162109375 0.0234375 0.025390625
2 0.54609375 0.6201171875 0.0109375 0.013671875
7 0.7140625 0.615234375 0.09375 0.1015625
7 0.65390625 0.615234375 0.0296875 0.06640625
7 0.63125 0.611328125 0.021875 0.05078125
7 0.59140625 0.61328125 0.0234375 0.03515625
7 0.61171875 0.6123046875 0.0171875 0.037109375
11 0.04453125 0.544921875 0.0359375 0.0390625
11 0.04609375 0.5126953125 0.0390625 0.013671875
11 0.046875 0.484375 0.028125 0.03515625
