2 0.4203125 0.63671875 0.071875 0.0703125
2 0.525 0.6337890625 0.01875 0.021484375
7 0.91875 0.6279296875 0.159375 0.302734375
7 0.73984375 0.626953125 0.0671875 0.12890625
7 0.66484375 0.6259765625 0.0546875 0.076171875
7 0.590625 0.626953125 0.028125 0.05078125
7 0.61796875 0.6298828125 0.0265625 0.048828125
2 0.5484375 0.6318359375 0.0125 0.013671875
7 0.8125 0.6416015625 0.09375 0.146484375
2 0.4203125 0.63671875 0.071875 0.0703125
2 0.525 0.6337890625 0.01875 0.021484375
7 0.91875 0.6279296875 0.159375 0.302734375
7 0.73984375 0.626953125 0.0671875 0.12890625
7 0.66484375 0.6259765625 0.0546875 0.076171875
7 0.590625 0.626953125 0.028125 0.05078125
7 0.61796875 0.6298828125 0.0265625 0.048828125
2 0.5484375 0.6318359375 0.0125 0.013671875
7 0.8125 0.6416015625 0.09375 0.146484375
