2 0.37578125 0.6455078125 0.1046875 0.099609375
2 0.52265625 0.63671875 0.0171875 0.0234375
7 0.959375 0.5966796875 0.078125 0.326171875
7 0.76875 0.626953125 0.084375 0.1484375
7 0.67109375 0.6279296875 0.0609375 0.080078125
7 0.59453125 0.6279296875 0.0296875 0.052734375
7 0.62109375 0.6279296875 0.0265625 0.048828125
2 0.55 0.6357421875 0.0125 0.013671875
7 0.86953125 0.6533203125 0.1703125 0.169921875
2 0.37578125 0.6455078125 0.1046875 0.099609375
2 0.52265625 0.63671875 0.0171875 0.0234375
7 0.959375 0.5966796875 0.078125 0.326171875
7 0.76875 0.626953125 0.084375 0.1484375
7 0.67109375 0.6279296875 0.0609375 0.080078125
7 0.59453125 0.6279296875 0.0296875 0.052734375
7 0.62109375 0.6279296875 0.0265625 0.048828125
2 0.55 0.6357421875 0.0125 0.013671875
7 0.86953125 0.6533203125 0.1703125 0.169921875
