2 0.39765625 0.3818359375 0.0640625 0.060546875
2 0.63125 0.3955078125 0.078125 0.072265625
2 0.73984375 0.359375 0.0484375 0.0234375
2 0.275 0.3671875 0.05625 0.0546875
2 0.3640625 0.3681640625 0.03125 0.037109375
0 0.2296875 0.3681640625 0.00625 0.021484375
3 0.7828125 0.4619140625 0.109375 0.146484375
3 0.93828125 0.5400390625 0.1203125 0.259765625
2 0.43515625 0.3681640625 0.0390625 0.041015625
2 0.3421875 0.3671875 0.015625 0.0234375
0 0.16328125 0.3701171875 0.0078125 0.037109375
2 0.4734375 0.353515625 0.0125 0.015625
2 0.74296875 0.4345703125 0.1484375 0.126953125
0 0.15546875 0.369140625 0.0078125 0.03515625
0 0.5640625 0.361328125 0.015625 0.0390625
2 0.48828125 0.3544921875 0.0109375 0.013671875
2 0.33125 0.369140625 0.015625 0.0234375
2 0.5265625 0.3623046875 0.021875 0.021484375
0 0.8015625 0.3544921875 0.021875 0.048828125
2 0.02109375 0.384765625 0.0421875 0.03515625
0 0.828125 0.3779296875 0.01875 0.068359375
2 0.50390625 0.353515625 0.0140625 0.015625
0 0.5875 0.365234375 0.015625 0.03515625
0 0.68203125 0.3623046875 0.0078125 0.044921875
0 0.81796875 0.3642578125 0.0171875 0.052734375
0 0.70625 0.357421875 0.01875 0.03125
3 0.65859375 0.4111328125 0.0578125 0.083984375
3 0.62734375 0.404296875 0.0484375 0.06640625
2 0.3203125 0.369140625 0.015625 0.0234375
0 0.903125 0.3984375 0.021875 0.0703125
0 0.9375 0.3896484375 0.025 0.048828125
2 0.44921875 0.3544921875 0.0109375 0.013671875
0 0.8546875 0.38671875 0.028125 0.0546875
3 0.85234375 0.48828125 0.0890625 0.16015625
3 0.73671875 0.4541015625 0.0578125 0.115234375
0 0.846875 0.38671875 0.01875 0.0546875
3 0.896875 0.513671875 0.10625 0.17578125
2 0.30859375 0.3701171875 0.0109375 0.025390625
2 0.39765625 0.3818359375 0.0640625 0.060546875
2 0.63125 0.3955078125 0.078125 0.072265625
2 0.73984375 0.359375 0.0484375 0.0234375
2 0.275 0.3671875 0.05625 0.0546875
2 0.3640625 0.3681640625 0.03125 0.037109375
0 0.2296875 0.3681640625 0.00625 0.021484375
3 0.7828125 0.4619140625 0.109375 0.146484375
3 0.93828125 0.5400390625 0.1203125 0.259765625
2 0.43515625 0.3681640625 0.0390625 0.041015625
2 0.3421875 0.3671875 0.015625 0.0234375
0 0.16328125 0.3701171875 0.0078125 0.037109375
2 0.4734375 0.353515625 0.0125 0.015625
2 0.74296875 0.4345703125 0.1484375 0.126953125
0 0.15546875 0.369140625 0.0078125 0.03515625
0 0.5640625 0.361328125 0.015625 0.0390625
2 0.48828125 0.3544921875 0.0109375 0.013671875
2 0.33125 0.369140625 0.015625 0.0234375
2 0.5265625 0.3623046875 0.021875 0.021484375
0 0.8015625 0.3544921875 0.021875 0.048828125
2 0.02109375 0.384765625 0.0421875 0.03515625
0 0.828125 0.3779296875 0.01875 0.068359375
2 0.50390625 0.353515625 0.0140625 0.015625
0 0.5875 0.365234375 0.015625 0.03515625
0 0.68203125 0.3623046875 0.0078125 0.044921875
0 0.81796875 0.3642578125 0.0171875 0.052734375
0 0.70625 0.357421875 0.01875 0.03125
3 0.65859375 0.4111328125 0.0578125 0.083984375
3 0.62734375 0.404296875 0.0484375 0.06640625
2 0.3203125 0.369140625 0.015625 0.0234375
0 0.903125 0.3984375 0.021875 0.0703125
0 0.9375 0.3896484375 0.025 0.048828125
2 0.44921875 0.3544921875 0.0109375 0.013671875
0 0.8546875 0.38671875 0.028125 0.0546875
3 0.85234375 0.48828125 0.0890625 0.16015625
3 0.73671875 0.4541015625 0.0578125 0.115234375
0 0.846875 0.38671875 0.01875 0.0546875
3 0.896875 0.513671875 0.10625 0.17578125
2 0.30859375 0.3701171875 0.0109375 0.025390625
