3 0.953125 0.576171875 0.090625 0.1953125
3 0.9234375 0.5400390625 0.15 0.169921875
2 0.8625 0.4677734375 0.246875 0.240234375
2 0.73203125 0.4267578125 0.1484375 0.162109375
3 0.596875 0.39453125 0.046875 0.046875
3 0.6109375 0.4013671875 0.05 0.048828125
0 0.59375 0.3564453125 0.009375 0.029296875
0 0.5734375 0.3642578125 0.009375 0.037109375
0 0.5421875 0.361328125 0.009375 0.03515625
2 0.04140625 0.4189453125 0.0828125 0.091796875
2 0.23046875 0.3896484375 0.0984375 0.087890625
2 0.35078125 0.3681640625 0.0421875 0.041015625
2 0.409375 0.3720703125 0.040625 0.044921875
2 0.43203125 0.36328125 0.0265625 0.02734375
2 0.446875 0.359375 0.01875 0.0234375
2 0.47265625 0.3681640625 0.0359375 0.037109375
2 0.48671875 0.3623046875 0.0265625 0.033203125
2 0.521875 0.3642578125 0.025 0.025390625
2 0.5109375 0.3603515625 0.01875 0.025390625
11 0.3828125 0.2529296875 0.015625 0.021484375
11 0.76640625 0.287109375 0.0265625 0.04296875
9 0.44921875 0.2548828125 0.0078125 0.021484375
9 0.45859375 0.2548828125 0.0078125 0.021484375
9 0.4421875 0.2548828125 0.00625 0.021484375
9 0.2984375 0.2431640625 0.009375 0.025390625
9 0.2890625 0.2451171875 0.009375 0.025390625
9 0.56953125 0.3115234375 0.0046875 0.005859375
9 0.278125 0.2431640625 0.009375 0.025390625
2 0.3828125 0.3603515625 0.021875 0.025390625
0 0.1421875 0.376953125 0.0125 0.03515625
0 0.125 0.3759765625 0.0125 0.037109375
3 0.6515625 0.408203125 0.0375 0.0859375
2 0.28671875 0.37109375 0.0265625 0.03125
0 0.653125 0.365234375 0.021875 0.02734375
0 0.61875 0.361328125 0.009375 0.02734375
3 0.953125 0.576171875 0.090625 0.1953125
3 0.9234375 0.5400390625 0.15 0.169921875
2 0.8625 0.4677734375 0.246875 0.240234375
2 0.73203125 0.4267578125 0.1484375 0.162109375
3 0.596875 0.39453125 0.046875 0.046875
3 0.6109375 0.4013671875 0.05 0.048828125
0 0.59375 0.3564453125 0.009375 0.029296875
0 0.5734375 0.3642578125 0.009375 0.037109375
0 0.5421875 0.361328125 0.009375 0.03515625
2 0.04140625 0.4189453125 0.0828125 0.091796875
2 0.23046875 0.3896484375 0.0984375 0.087890625
2 0.35078125 0.3681640625 0.0421875 0.041015625
2 0.409375 0.3720703125 0.040625 0.044921875
2 0.43203125 0.36328125 0.0265625 0.02734375
2 0.446875 0.359375 0.01875 0.0234375
2 0.47265625 0.3681640625 0.0359375 0.037109375
2 0.48671875 0.3623046875 0.0265625 0.033203125
2 0.521875 0.3642578125 0.025 0.025390625
2 0.5109375 0.3603515625 0.01875 0.025390625
11 0.3828125 0.2529296875 0.015625 0.021484375
11 0.76640625 0.287109375 0.0265625 0.04296875
9 0.44921875 0.2548828125 0.0078125 0.021484375
9 0.45859375 0.2548828125 0.0078125 0.021484375
9 0.4421875 0.2548828125 0.00625 0.021484375
9 0.2984375 0.2431640625 0.009375 0.025390625
9 0.2890625 0.2451171875 0.009375 0.025390625
9 0.56953125 0.3115234375 0.0046875 0.005859375
9 0.278125 0.2431640625 0.009375 0.025390625
2 0.3828125 0.3603515625 0.021875 0.025390625
0 0.1421875 0.376953125 0.0125 0.03515625
0 0.125 0.3759765625 0.0125 0.037109375
3 0.6515625 0.408203125 0.0375 0.0859375
2 0.28671875 0.37109375 0.0265625 0.03125
0 0.653125 0.365234375 0.021875 0.02734375
0 0.61875 0.361328125 0.009375 0.02734375
