2 0.43203125 0.6298828125 0.0640625 0.068359375
2 0.5265625 0.6279296875 0.01875 0.021484375
7 0.91015625 0.619140625 0.1765625 0.27734375
7 0.73359375 0.6201171875 0.0640625 0.123046875
7 0.66171875 0.619140625 0.0515625 0.0703125
7 0.590625 0.62109375 0.028125 0.046875
7 0.6171875 0.623046875 0.025 0.046875
2 0.5484375 0.6259765625 0.0125 0.013671875
7 0.79609375 0.6328125 0.0828125 0.13671875
2 0.43203125 0.6298828125 0.0640625 0.068359375
2 0.5265625 0.6279296875 0.01875 0.021484375
7 0.91015625 0.619140625 0.1765625 0.27734375
7 0.73359375 0.6201171875 0.0640625 0.123046875
7 0.66171875 0.619140625 0.0515625 0.0703125
7 0.590625 0.62109375 0.028125 0.046875
7 0.6171875 0.623046875 0.025 0.046875
2 0.5484375 0.6259765625 0.0125 0.013671875
7 0.79609375 0.6328125 0.0828125 0.13671875
