2 0.5890625 0.3583984375 0.040625 0.048828125
2 0.53671875 0.3623046875 0.0296875 0.029296875
7 0.528125 0.34375 0.01875 0.03125
7 0.51015625 0.34765625 0.0109375 0.015625
2 0.48203125 0.357421875 0.0171875 0.01953125
2 0.05234375 0.3818359375 0.0734375 0.056640625
2 0.22109375 0.369140625 0.0296875 0.0234375
2 0.28671875 0.35546875 0.0140625 0.01171875
2 0.203125 0.37109375 0.021875 0.0234375
2 0.3140625 0.3544921875 0.0125 0.009765625
2 0.265625 0.365234375 0.021875 0.01953125
2 0.35078125 0.353515625 0.0078125 0.0078125
2 0.12578125 0.3779296875 0.0359375 0.025390625
2 0.5890625 0.3583984375 0.040625 0.048828125
2 0.53671875 0.3623046875 0.0296875 0.029296875
7 0.528125 0.34375 0.01875 0.03125
7 0.51015625 0.34765625 0.0109375 0.015625
2 0.48203125 0.357421875 0.0171875 0.01953125
2 0.05234375 0.3818359375 0.0734375 0.056640625
2 0.22109375 0.369140625 0.0296875 0.0234375
2 0.28671875 0.35546875 0.0140625 0.01171875
2 0.203125 0.37109375 0.021875 0.0234375
2 0.3140625 0.3544921875 0.0125 0.009765625
2 0.265625 0.365234375 0.021875 0.01953125
2 0.35078125 0.353515625 0.0078125 0.0078125
2 0.12578125 0.3779296875 0.0359375 0.025390625
