2 0.58984375 0.3564453125 0.0390625 0.044921875
2 0.53828125 0.359375 0.0296875 0.02734375
7 0.53359375 0.33984375 0.0203125 0.03125
7 0.51484375 0.3447265625 0.0109375 0.017578125
2 0.48359375 0.3505859375 0.0171875 0.017578125
2 0.02109375 0.375 0.0421875 0.03515625
2 0.134375 0.3662109375 0.0375 0.021484375
2 0.22734375 0.359375 0.0265625 0.015625
2 0.27421875 0.35546875 0.0109375 0.0078125
2 0.29921875 0.353515625 0.0140625 0.0078125
2 0.50546875 0.349609375 0.0078125 0.0078125
2 0.259375 0.35546875 0.009375 0.0078125
2 0.58984375 0.3564453125 0.0390625 0.044921875
2 0.53828125 0.359375 0.0296875 0.02734375
7 0.53359375 0.33984375 0.0203125 0.03125
7 0.51484375 0.3447265625 0.0109375 0.017578125
2 0.48359375 0.3505859375 0.0171875 0.017578125
2 0.02109375 0.375 0.0421875 0.03515625
2 0.134375 0.3662109375 0.0375 0.021484375
2 0.22734375 0.359375 0.0265625 0.015625
2 0.27421875 0.35546875 0.0109375 0.0078125
2 0.29921875 0.353515625 0.0140625 0.0078125
2 0.50546875 0.349609375 0.0078125 0.0078125
2 0.259375 0.35546875 0.009375 0.0078125
