2 0.8609375 0.458984375 0.275 0.234375
2 0.259375 0.423828125 0.140625 0.12109375
2 0.55234375 0.3662109375 0.0390625 0.037109375
2 0.49375 0.4033203125 0.096875 0.095703125
2 0.39921875 0.375 0.0546875 0.05078125
2 0.31953125 0.373046875 0.0546875 0.05859375
2 0.2296875 0.369140625 0.046875 0.03125
2 0.453125 0.3515625 0.01875 0.01953125
2 0.35625 0.365234375 0.025 0.03125
3 0.45234375 0.361328125 0.0078125 0.01953125
0 0.453125 0.3544921875 0.009375 0.021484375
0 0.425 0.3544921875 0.00625 0.017578125
3 0.425 0.361328125 0.00625 0.015625
9 0.44921875 0.19921875 0.0078125 0.04296875
9 0.43125 0.19921875 0.0125 0.0390625
9 0.41640625 0.2001953125 0.0109375 0.041015625
0 0.71796875 0.3671875 0.0203125 0.05859375
0 0.75 0.3701171875 0.01875 0.052734375
0 0.73984375 0.3671875 0.0140625 0.0546875
9 0.25703125 0.2265625 0.0109375 0.03125
9 0.27109375 0.2275390625 0.0078125 0.037109375
9 0.2453125 0.2275390625 0.009375 0.033203125
0 0.196875 0.3671875 0.009375 0.02734375
0 0.17265625 0.3798828125 0.0140625 0.021484375
0 0.5671875 0.349609375 0.009375 0.01953125
2 0.53671875 0.359375 0.0296875 0.03515625
11 0.18984375 0.3369140625 0.0078125 0.009765625
11 0.1890625 0.3505859375 0.00625 0.009765625
2 0.43671875 0.35546875 0.0109375 0.015625
0 0.27265625 0.3544921875 0.0078125 0.013671875
2 0.37734375 0.357421875 0.0140625 0.015625
11 0.81015625 0.267578125 0.0453125 0.01953125
11 0.82421875 0.2509765625 0.0859375 0.017578125
11 0.82578125 0.2314453125 0.0890625 0.017578125
11 0.8234375 0.2099609375 0.090625 0.021484375
2 0.8609375 0.458984375 0.275 0.234375
2 0.259375 0.423828125 0.140625 0.12109375
2 0.55234375 0.3662109375 0.0390625 0.037109375
2 0.49375 0.4033203125 0.096875 0.095703125
2 0.39921875 0.375 0.0546875 0.05078125
2 0.31953125 0.373046875 0.0546875 0.05859375
2 0.2296875 0.369140625 0.046875 0.03125
2 0.453125 0.3515625 0.01875 0.01953125
2 0.35625 0.365234375 0.025 0.03125
3 0.45234375 0.361328125 0.0078125 0.01953125
0 0.453125 0.3544921875 0.009375 0.021484375
0 0.425 0.3544921875 0.00625 0.017578125
3 0.425 0.361328125 0.00625 0.015625
9 0.44921875 0.19921875 0.0078125 0.04296875
9 0.43125 0.19921875 0.0125 0.0390625
9 0.41640625 0.2001953125 0.0109375 0.041015625
0 0.71796875 0.3671875 0.0203125 0.05859375
0 0.75 0.3701171875 0.01875 0.052734375
0 0.73984375 0.3671875 0.0140625 0.0546875
9 0.25703125 0.2265625 0.0109375 0.03125
9 0.27109375 0.2275390625 0.0078125 0.037109375
9 0.2453125 0.2275390625 0.009375 0.033203125
0 0.196875 0.3671875 0.009375 0.02734375
0 0.17265625 0.3798828125 0.0140625 0.021484375
0 0.5671875 0.349609375 0.009375 0.01953125
2 0.53671875 0.359375 0.0296875 0.03515625
11 0.18984375 0.3369140625 0.0078125 0.009765625
11 0.1890625 0.3505859375 0.00625 0.009765625
2 0.43671875 0.35546875 0.0109375 0.015625
0 0.27265625 0.3544921875 0.0078125 0.013671875
2 0.37734375 0.357421875 0.0140625 0.015625
11 0.81015625 0.267578125 0.0453125 0.01953125
11 0.82421875 0.2509765625 0.0859375 0.017578125
11 0.82578125 0.2314453125 0.0890625 0.017578125
11 0.8234375 0.2099609375 0.090625 0.021484375
