3 0.8046875 0.4951171875 0.09375 0.130859375
3 0.94140625 0.5390625 0.1140625 0.2421875
0 0.65078125 0.3662109375 0.0140625 0.056640625
0 0.6203125 0.3701171875 0.015625 0.056640625
0 0.565625 0.3642578125 0.015625 0.044921875
2 0.403125 0.3740234375 0.04375 0.044921875
2 0.4265625 0.3671875 0.028125 0.03125
2 0.44296875 0.361328125 0.0203125 0.02734375
2 0.47734375 0.3681640625 0.0359375 0.037109375
2 0.540625 0.3671875 0.028125 0.03125
2 0.52578125 0.3662109375 0.0234375 0.029296875
11 0.32734375 0.19921875 0.0265625 0.03515625
9 0.4359375 0.2041015625 0.0125 0.037109375
9 0.44921875 0.205078125 0.0078125 0.03515625
9 0.4234375 0.205078125 0.009375 0.03515625
9 0.1828125 0.181640625 0.0125 0.03515625
9 0.1671875 0.181640625 0.015625 0.03515625
9 0.61484375 0.2939453125 0.0078125 0.009765625
9 0.15234375 0.18359375 0.0140625 0.03515625
2 0.34921875 0.365234375 0.0296875 0.03515625
2 0.4875 0.3662109375 0.025 0.033203125
9 0.46484375 0.310546875 0.0046875 0.01171875
11 0.97578125 0.173828125 0.0453125 0.02734375
11 0.9765625 0.2001953125 0.04375 0.025390625
11 0.97734375 0.228515625 0.0421875 0.0234375
3 0.31953125 0.3798828125 0.0109375 0.021484375
3 0.9125 0.5224609375 0.171875 0.169921875
3 0.8453125 0.49609375 0.13125 0.1640625
0 0.2109375 0.3828125 0.01875 0.0390625
11 0.98125 0.28125 0.034375 0.0234375
11 0.98125 0.3076171875 0.034375 0.029296875
11 0.98359375 0.2470703125 0.0296875 0.044921875
11 0.73828125 0.3203125 0.0390625 0.0390625
11 0.74296875 0.259765625 0.0421875 0.015625
9 0.74921875 0.283203125 0.0171875 0.0234375
9 0.728125 0.2822265625 0.01875 0.021484375
0 0.93671875 0.3740234375 0.0265625 0.056640625
0 0.00625 0.3994140625 0.0125 0.048828125
10 0.1546875 0.3974609375 0.009375 0.021484375
0 0.80546875 0.3916015625 0.0390625 0.056640625
2 0.22421875 0.3818359375 0.0421875 0.037109375
3 0.2125 0.3896484375 0.021875 0.037109375
2 0.36796875 0.3671875 0.0359375 0.03515625
0 0.68359375 0.3681640625 0.0140625 0.048828125
3 0.8046875 0.4951171875 0.09375 0.130859375
3 0.94140625 0.5390625 0.1140625 0.2421875
0 0.65078125 0.3662109375 0.0140625 0.056640625
0 0.6203125 0.3701171875 0.015625 0.056640625
0 0.565625 0.3642578125 0.015625 0.044921875
2 0.403125 0.3740234375 0.04375 0.044921875
2 0.4265625 0.3671875 0.028125 0.03125
2 0.44296875 0.361328125 0.0203125 0.02734375
2 0.47734375 0.3681640625 0.0359375 0.037109375
2 0.540625 0.3671875 0.028125 0.03125
2 0.52578125 0.3662109375 0.0234375 0.029296875
11 0.32734375 0.19921875 0.0265625 0.03515625
9 0.4359375 0.2041015625 0.0125 0.037109375
9 0.44921875 0.205078125 0.0078125 0.03515625
9 0.4234375 0.205078125 0.009375 0.03515625
9 0.1828125 0.181640625 0.0125 0.03515625
9 0.1671875 0.181640625 0.015625 0.03515625
9 0.61484375 0.2939453125 0.0078125 0.009765625
9 0.15234375 0.18359375 0.0140625 0.03515625
2 0.34921875 0.365234375 0.0296875 0.03515625
2 0.4875 0.3662109375 0.025 0.033203125
9 0.46484375 0.310546875 0.0046875 0.01171875
11 0.97578125 0.173828125 0.0453125 0.02734375
11 0.9765625 0.2001953125 0.04375 0.025390625
11 0.97734375 0.228515625 0.0421875 0.0234375
3 0.31953125 0.3798828125 0.0109375 0.021484375
3 0.9125 0.5224609375 0.171875 0.169921875
3 0.8453125 0.49609375 0.13125 0.1640625
0 0.2109375 0.3828125 0.01875 0.0390625
11 0.98125 0.28125 0.034375 0.0234375
11 0.98125 0.3076171875 0.034375 0.029296875
11 0.98359375 0.2470703125 0.0296875 0.044921875
11 0.73828125 0.3203125 0.0390625 0.0390625
11 0.74296875 0.259765625 0.0421875 0.015625
9 0.74921875 0.283203125 0.0171875 0.0234375
9 0.728125 0.2822265625 0.01875 0.021484375
0 0.93671875 0.3740234375 0.0265625 0.056640625
0 0.00625 0.3994140625 0.0125 0.048828125
10 0.1546875 0.3974609375 0.009375 0.021484375
0 0.80546875 0.3916015625 0.0390625 0.056640625
2 0.22421875 0.3818359375 0.0421875 0.037109375
3 0.2125 0.3896484375 0.021875 0.037109375
2 0.36796875 0.3671875 0.0359375 0.03515625
0 0.68359375 0.3681640625 0.0140625 0.048828125
