2 0.58515625 0.35546875 0.0390625 0.04296875
2 0.53046875 0.3583984375 0.0296875 0.025390625
7 0.53828125 0.337890625 0.0171875 0.0234375
7 0.51484375 0.3447265625 0.0109375 0.017578125
2 0.4875 0.353515625 0.015625 0.01953125
2 0.50234375 0.3505859375 0.0109375 0.009765625
7 0.05546875 0.357421875 0.1109375 0.07421875
2 0.12578125 0.3671875 0.0328125 0.0234375
2 0.16171875 0.36328125 0.0390625 0.02734375
2 0.26953125 0.3544921875 0.0296875 0.017578125
2 0.30859375 0.3515625 0.0203125 0.015625
2 0.33359375 0.3525390625 0.0109375 0.009765625
2 0.36015625 0.349609375 0.0140625 0.01171875
2 0.3890625 0.3515625 0.0125 0.01171875
2 0.2375 0.3603515625 0.01875 0.013671875
2 0.58515625 0.35546875 0.0390625 0.04296875
2 0.53046875 0.3583984375 0.0296875 0.025390625
7 0.53828125 0.337890625 0.0171875 0.0234375
7 0.51484375 0.3447265625 0.0109375 0.017578125
2 0.4875 0.353515625 0.015625 0.01953125
2 0.50234375 0.3505859375 0.0109375 0.009765625
7 0.05546875 0.357421875 0.1109375 0.07421875
2 0.12578125 0.3671875 0.0328125 0.0234375
2 0.16171875 0.36328125 0.0390625 0.02734375
2 0.26953125 0.3544921875 0.0296875 0.017578125
2 0.30859375 0.3515625 0.0203125 0.015625
2 0.33359375 0.3525390625 0.0109375 0.009765625
2 0.36015625 0.349609375 0.0140625 0.01171875
2 0.3890625 0.3515625 0.0125 0.01171875
2 0.2375 0.3603515625 0.01875 0.013671875
