2 0.9171875 0.4736328125 0.1625 0.306640625
2 0.60625 0.3544921875 0.04375 0.048828125
2 0.54375 0.357421875 0.028125 0.02734375
7 0.53203125 0.341796875 0.0171875 0.02734375
7 0.50546875 0.3447265625 0.0109375 0.017578125
2 0.49140625 0.353515625 0.0171875 0.01953125
2 0.1875 0.3701171875 0.0375 0.029296875
2 0.0203125 0.380859375 0.040625 0.05859375
2 0.30859375 0.357421875 0.0171875 0.015625
7 0.02890625 0.33984375 0.0578125 0.0625
2 0.2796875 0.3525390625 0.028125 0.029296875
2 0.3609375 0.3525390625 0.015625 0.013671875
2 0.378125 0.3505859375 0.0125 0.013671875
2 0.39609375 0.349609375 0.0078125 0.0078125
2 0.3265625 0.35546875 0.0125 0.01171875
2 0.9171875 0.4736328125 0.1625 0.306640625
2 0.60625 0.3544921875 0.04375 0.048828125
2 0.54375 0.357421875 0.028125 0.02734375
7 0.53203125 0.341796875 0.0171875 0.02734375
7 0.50546875 0.3447265625 0.0109375 0.017578125
2 0.49140625 0.353515625 0.0171875 0.01953125
2 0.1875 0.3701171875 0.0375 0.029296875
2 0.0203125 0.380859375 0.040625 0.05859375
2 0.30859375 0.357421875 0.0171875 0.015625
7 0.02890625 0.33984375 0.0578125 0.0625
2 0.2796875 0.3525390625 0.028125 0.029296875
2 0.3609375 0.3525390625 0.015625 0.013671875
2 0.378125 0.3505859375 0.0125 0.013671875
2 0.39609375 0.349609375 0.0078125 0.0078125
2 0.3265625 0.35546875 0.0125 0.01171875
