2 0.8671875 0.470703125 0.2625 0.296875
2 0.61171875 0.357421875 0.0453125 0.05078125
2 0.54375 0.3603515625 0.03125 0.029296875
7 0.53046875 0.3427734375 0.0171875 0.029296875
7 0.5046875 0.3427734375 0.009375 0.009765625
2 0.50546875 0.3505859375 0.0109375 0.009765625
2 0.49140625 0.353515625 0.0171875 0.01953125
2 0.02578125 0.3857421875 0.0515625 0.048828125
2 0.32890625 0.3564453125 0.0171875 0.013671875
2 0.2875 0.3564453125 0.025 0.025390625
2 0.2125 0.3681640625 0.034375 0.025390625
2 0.3640625 0.353515625 0.009375 0.01171875
2 0.3734375 0.353515625 0.009375 0.01171875
7 0.25546875 0.34765625 0.0515625 0.05078125
2 0.35 0.3515625 0.015625 0.015625
2 0.3921875 0.3505859375 0.009375 0.009765625
2 0.06875 0.3798828125 0.0375 0.033203125
2 0.40703125 0.3486328125 0.0078125 0.009765625
2 0.8671875 0.470703125 0.2625 0.296875
2 0.61171875 0.357421875 0.0453125 0.05078125
2 0.54375 0.3603515625 0.03125 0.029296875
7 0.53046875 0.3427734375 0.0171875 0.029296875
7 0.5046875 0.3427734375 0.009375 0.009765625
2 0.50546875 0.3505859375 0.0109375 0.009765625
2 0.49140625 0.353515625 0.0171875 0.01953125
2 0.02578125 0.3857421875 0.0515625 0.048828125
2 0.32890625 0.3564453125 0.0171875 0.013671875
2 0.2875 0.3564453125 0.025 0.025390625
2 0.2125 0.3681640625 0.034375 0.025390625
2 0.3640625 0.353515625 0.009375 0.01171875
2 0.3734375 0.353515625 0.009375 0.01171875
7 0.25546875 0.34765625 0.0515625 0.05078125
2 0.35 0.3515625 0.015625 0.015625
2 0.3921875 0.3505859375 0.009375 0.009765625
2 0.06875 0.3798828125 0.0375 0.033203125
2 0.40703125 0.3486328125 0.0078125 0.009765625
