2 0.86171875 0.4560546875 0.2734375 0.275390625
2 0.61171875 0.353515625 0.0453125 0.05078125
2 0.54375 0.3544921875 0.03125 0.029296875
7 0.53046875 0.3369140625 0.0171875 0.029296875
7 0.5046875 0.3369140625 0.009375 0.009765625
2 0.50546875 0.3447265625 0.0109375 0.009765625
2 0.49140625 0.349609375 0.0171875 0.015625
2 0.10078125 0.3740234375 0.0515625 0.044921875
2 0.340625 0.349609375 0.015625 0.01171875
2 0.30625 0.349609375 0.021875 0.0234375
2 0.2453125 0.359375 0.03125 0.0234375
2 0.01328125 0.384765625 0.0265625 0.0390625
2 0.371875 0.3486328125 0.009375 0.009765625
2 0.38125 0.3486328125 0.009375 0.009765625
7 0.275 0.3427734375 0.04375 0.044921875
2 0.35859375 0.345703125 0.0109375 0.01171875
2 0.3953125 0.3466796875 0.009375 0.009765625
2 0.13046875 0.3681640625 0.0203125 0.029296875
2 0.86171875 0.4560546875 0.2734375 0.275390625
2 0.61171875 0.353515625 0.0453125 0.05078125
2 0.54375 0.3544921875 0.03125 0.029296875
7 0.53046875 0.3369140625 0.0171875 0.029296875
7 0.5046875 0.3369140625 0.009375 0.009765625
2 0.50546875 0.3447265625 0.0109375 0.009765625
2 0.49140625 0.349609375 0.0171875 0.015625
2 0.10078125 0.3740234375 0.0515625 0.044921875
2 0.340625 0.349609375 0.015625 0.01171875
2 0.30625 0.349609375 0.021875 0.0234375
2 0.2453125 0.359375 0.03125 0.0234375
2 0.01328125 0.384765625 0.0265625 0.0390625
2 0.371875 0.3486328125 0.009375 0.009765625
2 0.38125 0.3486328125 0.009375 0.009765625
7 0.275 0.3427734375 0.04375 0.044921875
2 0.35859375 0.345703125 0.0109375 0.01171875
2 0.3953125 0.3466796875 0.009375 0.009765625
2 0.13046875 0.3681640625 0.0203125 0.029296875
