0 0.69453125 0.3779296875 0.0171875 0.068359375
0 0.65546875 0.3837890625 0.0171875 0.068359375
0 0.58671875 0.3759765625 0.0171875 0.056640625
2 0.40234375 0.3876953125 0.0453125 0.048828125
2 0.42734375 0.3798828125 0.0234375 0.037109375
2 0.45703125 0.3681640625 0.0140625 0.025390625
2 0.48203125 0.3818359375 0.0359375 0.037109375
2 0.5578125 0.3837890625 0.034375 0.037109375
2 0.53671875 0.37890625 0.0265625 0.03125
11 0.28359375 0.1650390625 0.0328125 0.044921875
9 0.42578125 0.173828125 0.0140625 0.046875
9 0.4421875 0.1728515625 0.015625 0.044921875
9 0.41171875 0.173828125 0.0140625 0.046875
9 0.09375 0.1513671875 0.015625 0.048828125
9 0.07734375 0.1513671875 0.0171875 0.048828125
9 0.05859375 0.1513671875 0.0171875 0.048828125
2 0.3234375 0.3798828125 0.021875 0.037109375
2 0.496875 0.375 0.021875 0.03125
9 0.46796875 0.318359375 0.0046875 0.01171875
3 0.28203125 0.3955078125 0.0171875 0.029296875
0 0.08671875 0.4111328125 0.0234375 0.052734375
11 0.8640625 0.3154296875 0.046875 0.056640625
11 0.865625 0.2236328125 0.053125 0.021484375
9 0.8796875 0.26171875 0.025 0.02734375
9 0.646875 0.2890625 0.0125 0.015625
2 0.5109375 0.369140625 0.015625 0.01953125
9 0.8453125 0.2587890625 0.025 0.025390625
0 0.9609375 0.4345703125 0.05625 0.080078125
0 0.0953125 0.384765625 0.0125 0.01953125
0 0.134375 0.3818359375 0.0125 0.013671875
2 0.371875 0.375 0.028125 0.03515625
11 0.64609375 0.3212890625 0.0203125 0.025390625
10 0.88515625 0.396484375 0.0140625 0.03515625
0 0.72890625 0.376953125 0.0171875 0.05859375
3 0.08671875 0.4208984375 0.0578125 0.048828125
2 0.33984375 0.3828125 0.0484375 0.05078125
2 0.18828125 0.4013671875 0.0515625 0.041015625
3 0.45078125 0.376953125 0.0109375 0.01953125
0 0.45078125 0.3701171875 0.0109375 0.025390625
0 0.69453125 0.3779296875 0.0171875 0.068359375
0 0.65546875 0.3837890625 0.0171875 0.068359375
0 0.58671875 0.3759765625 0.0171875 0.056640625
2 0.40234375 0.3876953125 0.0453125 0.048828125
2 0.42734375 0.3798828125 0.0234375 0.037109375
2 0.45703125 0.3681640625 0.0140625 0.025390625
2 0.48203125 0.3818359375 0.0359375 0.037109375
2 0.5578125 0.3837890625 0.034375 0.037109375
2 0.53671875 0.37890625 0.0265625 0.03125
11 0.28359375 0.1650390625 0.0328125 0.044921875
9 0.42578125 0.173828125 0.0140625 0.046875
9 0.4421875 0.1728515625 0.015625 0.044921875
9 0.41171875 0.173828125 0.0140625 0.046875
9 0.09375 0.1513671875 0.015625 0.048828125
9 0.07734375 0.1513671875 0.0171875 0.048828125
9 0.05859375 0.1513671875 0.0171875 0.048828125
2 0.3234375 0.3798828125 0.021875 0.037109375
2 0.496875 0.375 0.021875 0.03125
9 0.46796875 0.318359375 0.0046875 0.01171875
3 0.28203125 0.3955078125 0.0171875 0.029296875
0 0.08671875 0.4111328125 0.0234375 0.052734375
11 0.8640625 0.3154296875 0.046875 0.056640625
11 0.865625 0.2236328125 0.053125 0.021484375
9 0.8796875 0.26171875 0.025 0.02734375
9 0.646875 0.2890625 0.0125 0.015625
2 0.5109375 0.369140625 0.015625 0.01953125
9 0.8453125 0.2587890625 0.025 0.025390625
0 0.9609375 0.4345703125 0.05625 0.080078125
0 0.0953125 0.384765625 0.0125 0.01953125
0 0.134375 0.3818359375 0.0125 0.013671875
2 0.371875 0.375 0.028125 0.03515625
11 0.64609375 0.3212890625 0.0203125 0.025390625
10 0.88515625 0.396484375 0.0140625 0.03515625
0 0.72890625 0.376953125 0.0171875 0.05859375
3 0.08671875 0.4208984375 0.0578125 0.048828125
2 0.33984375 0.3828125 0.0484375 0.05078125
2 0.18828125 0.4013671875 0.0515625 0.041015625
3 0.45078125 0.376953125 0.0109375 0.01953125
0 0.45078125 0.3701171875 0.0109375 0.025390625
