2 0.7421875 0.408203125 0.19375 0.17578125
2 0.61484375 0.3525390625 0.0484375 0.052734375
2 0.5421875 0.35546875 0.03125 0.02734375
7 0.52734375 0.3359375 0.0171875 0.02734375
7 0.5015625 0.337890625 0.009375 0.01171875
2 0.5046875 0.345703125 0.009375 0.0078125
2 0.49140625 0.34765625 0.0171875 0.01953125
7 0.190625 0.34765625 0.084375 0.06640625
2 0.084375 0.37890625 0.053125 0.0390625
2 0.196875 0.36328125 0.034375 0.02734375
2 0.309375 0.3515625 0.021875 0.01953125
2 0.36171875 0.34765625 0.0109375 0.01171875
2 0.3828125 0.3466796875 0.009375 0.009765625
7 0.2828125 0.3427734375 0.034375 0.037109375
2 0.28515625 0.353515625 0.0203125 0.015625
2 0.40390625 0.34375 0.0078125 0.0078125
2 0.346875 0.3486328125 0.0125 0.013671875
2 0.39375 0.3447265625 0.009375 0.009765625
2 0.3734375 0.3466796875 0.009375 0.009765625
2 0.325 0.349609375 0.0125 0.01171875
2 0.41953125 0.3447265625 0.0078125 0.005859375
2 0.4296875 0.3447265625 0.00625 0.005859375
2 0.7421875 0.408203125 0.19375 0.17578125
2 0.61484375 0.3525390625 0.0484375 0.052734375
2 0.5421875 0.35546875 0.03125 0.02734375
7 0.52734375 0.3359375 0.0171875 0.02734375
7 0.5015625 0.337890625 0.009375 0.01171875
2 0.5046875 0.345703125 0.009375 0.0078125
2 0.49140625 0.34765625 0.0171875 0.01953125
7 0.190625 0.34765625 0.084375 0.06640625
2 0.084375 0.37890625 0.053125 0.0390625
2 0.196875 0.36328125 0.034375 0.02734375
2 0.309375 0.3515625 0.021875 0.01953125
2 0.36171875 0.34765625 0.0109375 0.01171875
2 0.3828125 0.3466796875 0.009375 0.009765625
7 0.2828125 0.3427734375 0.034375 0.037109375
2 0.28515625 0.353515625 0.0203125 0.015625
2 0.40390625 0.34375 0.0078125 0.0078125
2 0.346875 0.3486328125 0.0125 0.013671875
2 0.39375 0.3447265625 0.009375 0.009765625
2 0.3734375 0.3466796875 0.009375 0.009765625
2 0.325 0.349609375 0.0125 0.01171875
2 0.41953125 0.3447265625 0.0078125 0.005859375
2 0.4296875 0.3447265625 0.00625 0.005859375
