2 0.590625 0.3564453125 0.040625 0.044921875
2 0.53828125 0.357421875 0.0296875 0.02734375
7 0.53125 0.33984375 0.01875 0.03125
7 0.51328125 0.3427734375 0.0109375 0.017578125
2 0.48203125 0.3525390625 0.0171875 0.017578125
2 0.03359375 0.3876953125 0.0609375 0.044921875
2 0.22109375 0.35546875 0.0265625 0.015625
2 0.26484375 0.353515625 0.0171875 0.01171875
2 0.1640625 0.3720703125 0.040625 0.029296875
2 0.31796875 0.3505859375 0.0109375 0.009765625
2 0.33125 0.3515625 0.009375 0.0078125
2 0.35234375 0.3486328125 0.0078125 0.005859375
2 0.06328125 0.3837890625 0.0265625 0.033203125
2 0.590625 0.3564453125 0.040625 0.044921875
2 0.53828125 0.357421875 0.0296875 0.02734375
7 0.53125 0.33984375 0.01875 0.03125
7 0.51328125 0.3427734375 0.0109375 0.017578125
2 0.48203125 0.3525390625 0.0171875 0.017578125
2 0.03359375 0.3876953125 0.0609375 0.044921875
2 0.22109375 0.35546875 0.0265625 0.015625
2 0.26484375 0.353515625 0.0171875 0.01171875
2 0.1640625 0.3720703125 0.040625 0.029296875
2 0.31796875 0.3505859375 0.0109375 0.009765625
2 0.33125 0.3515625 0.009375 0.0078125
2 0.35234375 0.3486328125 0.0078125 0.005859375
2 0.06328125 0.3837890625 0.0265625 0.033203125
