0 0.86015625 0.388671875 0.0234375 0.12109375
0 0.79765625 0.400390625 0.0203125 0.11328125
0 0.653125 0.3828125 0.025 0.09765625
2 0.3859375 0.3818359375 0.059375 0.060546875
2 0.41796875 0.3720703125 0.0265625 0.041015625
2 0.46015625 0.359375 0.0109375 0.015625
2 0.4828125 0.37109375 0.040625 0.04296875
2 0.58828125 0.37890625 0.0546875 0.0546875
2 0.55234375 0.37109375 0.0234375 0.0390625
9 0.378125 0.0146484375 0.025 0.029296875
9 0.40859375 0.0078125 0.0203125 0.015625
9 0.34296875 0.01171875 0.0234375 0.0234375
2 0.4984375 0.365234375 0.028125 0.0390625
9 0.4671875 0.298828125 0.00625 0.015625
2 0.51796875 0.3603515625 0.0140625 0.025390625
2 0.28671875 0.375 0.0640625 0.07421875
11 0.7578125 0.2880859375 0.040625 0.048828125
9 0.76796875 0.2353515625 0.0203125 0.021484375
9 0.41875 0.2978515625 0.00625 0.013671875
3 0.4328125 0.3720703125 0.009375 0.021484375
2 0.56484375 0.3759765625 0.0265625 0.044921875
2 0.54296875 0.3681640625 0.0203125 0.029296875
0 0.4328125 0.3642578125 0.009375 0.029296875
0 0.04296875 0.3837890625 0.0140625 0.041015625
0 0.84921875 0.390625 0.0203125 0.10546875
0 0.7875 0.39453125 0.021875 0.1171875
2 0.53515625 0.3603515625 0.0203125 0.029296875
2 0.24765625 0.375 0.0421875 0.0625
2 0.44296875 0.353515625 0.0203125 0.02734375
2 0.3265625 0.3642578125 0.025 0.025390625
0 0.0296875 0.396484375 0.01875 0.0546875
0 0.90234375 0.39453125 0.0296875 0.10546875
2 0.17734375 0.3994140625 0.1234375 0.111328125
2 0.07265625 0.40625 0.0765625 0.0625
3 0.45078125 0.369140625 0.0109375 0.01953125
0 0.4515625 0.3583984375 0.009375 0.025390625
0 0.86015625 0.388671875 0.0234375 0.12109375
0 0.79765625 0.400390625 0.0203125 0.11328125
0 0.653125 0.3828125 0.025 0.09765625
2 0.3859375 0.3818359375 0.059375 0.060546875
2 0.41796875 0.3720703125 0.0265625 0.041015625
2 0.46015625 0.359375 0.0109375 0.015625
2 0.4828125 0.37109375 0.040625 0.04296875
2 0.58828125 0.37890625 0.0546875 0.0546875
2 0.55234375 0.37109375 0.0234375 0.0390625
9 0.378125 0.0146484375 0.025 0.029296875
9 0.40859375 0.0078125 0.0203125 0.015625
9 0.34296875 0.01171875 0.0234375 0.0234375
2 0.4984375 0.365234375 0.028125 0.0390625
9 0.4671875 0.298828125 0.00625 0.015625
2 0.51796875 0.3603515625 0.0140625 0.025390625
2 0.28671875 0.375 0.0640625 0.07421875
11 0.7578125 0.2880859375 0.040625 0.048828125
9 0.76796875 0.2353515625 0.0203125 0.021484375
9 0.41875 0.2978515625 0.00625 0.013671875
3 0.4328125 0.3720703125 0.009375 0.021484375
2 0.56484375 0.3759765625 0.0265625 0.044921875
2 0.54296875 0.3681640625 0.0203125 0.029296875
0 0.4328125 0.3642578125 0.009375 0.029296875
0 0.04296875 0.3837890625 0.0140625 0.041015625
0 0.84921875 0.390625 0.0203125 0.10546875
0 0.7875 0.39453125 0.021875 0.1171875
2 0.53515625 0.3603515625 0.0203125 0.029296875
2 0.24765625 0.375 0.0421875 0.0625
2 0.44296875 0.353515625 0.0203125 0.02734375
2 0.3265625 0.3642578125 0.025 0.025390625
0 0.0296875 0.396484375 0.01875 0.0546875
0 0.90234375 0.39453125 0.0296875 0.10546875
2 0.17734375 0.3994140625 0.1234375 0.111328125
2 0.07265625 0.40625 0.0765625 0.0625
3 0.45078125 0.369140625 0.0109375 0.01953125
0 0.4515625 0.3583984375 0.009375 0.025390625
