2 0.9390625 0.5380859375 0.11875 0.302734375
2 0.74921875 0.501953125 0.0953125 0.13671875
2 0.65859375 0.4560546875 0.0390625 0.037109375
2 0.57734375 0.453125 0.0109375 0.01171875
2 0.52265625 0.451171875 0.0203125 0.0234375
0 0.49375 0.453125 0.00625 0.02734375
2 0.31015625 0.4638671875 0.0203125 0.021484375
2 0.278125 0.46484375 0.021875 0.0234375
9 0.51953125 0.330078125 0.0078125 0.03125
9 0.596875 0.3251953125 0.009375 0.029296875
11 0.54296875 0.3212890625 0.0140625 0.021484375
11 0.6609375 0.337890625 0.040625 0.015625
11 0.315625 0.3544921875 0.01875 0.021484375
9 0.3046875 0.3955078125 0.00625 0.005859375
9 0.33125 0.3955078125 0.00625 0.005859375
0 0.4578125 0.470703125 0.021875 0.05078125
0 0.2578125 0.4794921875 0.021875 0.083984375
0 0.23359375 0.4814453125 0.0265625 0.083984375
9 0.2703125 0.29296875 0.009375 0.03515625
9 0.3109375 0.3125 0.009375 0.02734375
2 0.840625 0.5224609375 0.165625 0.181640625
2 0.1578125 0.48828125 0.046875 0.046875
2 0.346875 0.4697265625 0.025 0.021484375
2 0.1234375 0.48828125 0.03125 0.0390625
11 0.31796875 0.4072265625 0.0234375 0.009765625
2 0.29375 0.4677734375 0.01875 0.021484375
0 0.0578125 0.4814453125 0.009375 0.048828125
0 0.1890625 0.484375 0.015625 0.07421875
0 0.05078125 0.4892578125 0.0171875 0.056640625
0 0.11796875 0.4658203125 0.0109375 0.029296875
2 0.21015625 0.4775390625 0.0296875 0.025390625
2 0.9390625 0.5380859375 0.11875 0.302734375
2 0.74921875 0.501953125 0.0953125 0.13671875
2 0.65859375 0.4560546875 0.0390625 0.037109375
2 0.57734375 0.453125 0.0109375 0.01171875
2 0.52265625 0.451171875 0.0203125 0.0234375
0 0.49375 0.453125 0.00625 0.02734375
2 0.31015625 0.4638671875 0.0203125 0.021484375
2 0.278125 0.46484375 0.021875 0.0234375
9 0.51953125 0.330078125 0.0078125 0.03125
9 0.596875 0.3251953125 0.009375 0.029296875
11 0.54296875 0.3212890625 0.0140625 0.021484375
11 0.6609375 0.337890625 0.040625 0.015625
11 0.315625 0.3544921875 0.01875 0.021484375
9 0.3046875 0.3955078125 0.00625 0.005859375
9 0.33125 0.3955078125 0.00625 0.005859375
0 0.4578125 0.470703125 0.021875 0.05078125
0 0.2578125 0.4794921875 0.021875 0.083984375
0 0.23359375 0.4814453125 0.0265625 0.083984375
9 0.2703125 0.29296875 0.009375 0.03515625
9 0.3109375 0.3125 0.009375 0.02734375
2 0.840625 0.5224609375 0.165625 0.181640625
2 0.1578125 0.48828125 0.046875 0.046875
2 0.346875 0.4697265625 0.025 0.021484375
2 0.1234375 0.48828125 0.03125 0.0390625
11 0.31796875 0.4072265625 0.0234375 0.009765625
2 0.29375 0.4677734375 0.01875 0.021484375
0 0.0578125 0.4814453125 0.009375 0.048828125
0 0.1890625 0.484375 0.015625 0.07421875
0 0.05078125 0.4892578125 0.0171875 0.056640625
0 0.11796875 0.4658203125 0.0109375 0.029296875
2 0.21015625 0.4775390625 0.0296875 0.025390625
