2 0.89453125 0.51171875 0.2078125 0.2734375
2 0.7109375 0.48046875 0.0625 0.109375
2 0.65234375 0.443359375 0.0359375 0.03515625
2 0.57578125 0.44140625 0.0109375 0.01171875
2 0.55390625 0.44140625 0.0109375 0.01171875
2 0.52265625 0.44140625 0.0203125 0.0234375
0 0.49609375 0.44140625 0.0078125 0.02734375
2 0.315625 0.455078125 0.01875 0.0234375
2 0.290625 0.458984375 0.01875 0.0234375
9 0.52109375 0.3271484375 0.0078125 0.029296875
9 0.59453125 0.3232421875 0.0078125 0.029296875
11 0.54375 0.318359375 0.0125 0.01953125
11 0.6515625 0.33203125 0.0375 0.015625
11 0.3359375 0.3525390625 0.015625 0.021484375
9 0.325 0.390625 0.00625 0.0078125
9 0.34609375 0.390625 0.0046875 0.0078125
11 0.33515625 0.43359375 0.0078125 0.0234375
0 0.44609375 0.4580078125 0.0234375 0.044921875
0 0.26796875 0.4658203125 0.0203125 0.072265625
0 0.2484375 0.46875 0.028125 0.07421875
9 0.2984375 0.2978515625 0.009375 0.033203125
9 0.33125 0.314453125 0.009375 0.0234375
2 0.76171875 0.4892578125 0.0953125 0.134765625
2 0.20078125 0.4697265625 0.0296875 0.033203125
2 0.37578125 0.455078125 0.0328125 0.0234375
2 0.1625 0.4736328125 0.05 0.041015625
11 0.3359375 0.400390625 0.021875 0.0078125
2 0.303125 0.45703125 0.015625 0.0234375
0 0.13984375 0.4599609375 0.0109375 0.033203125
0 0.221875 0.4716796875 0.021875 0.064453125
0 0.09375 0.474609375 0.01875 0.0546875
2 0.89453125 0.51171875 0.2078125 0.2734375
2 0.7109375 0.48046875 0.0625 0.109375
2 0.65234375 0.443359375 0.0359375 0.03515625
2 0.57578125 0.44140625 0.0109375 0.01171875
2 0.55390625 0.44140625 0.0109375 0.01171875
2 0.52265625 0.44140625 0.0203125 0.0234375
0 0.49609375 0.44140625 0.0078125 0.02734375
2 0.315625 0.455078125 0.01875 0.0234375
2 0.290625 0.458984375 0.01875 0.0234375
9 0.52109375 0.3271484375 0.0078125 0.029296875
9 0.59453125 0.3232421875 0.0078125 0.029296875
11 0.54375 0.318359375 0.0125 0.01953125
11 0.6515625 0.33203125 0.0375 0.015625
11 0.3359375 0.3525390625 0.015625 0.021484375
9 0.325 0.390625 0.00625 0.0078125
9 0.34609375 0.390625 0.0046875 0.0078125
11 0.33515625 0.43359375 0.0078125 0.0234375
0 0.44609375 0.4580078125 0.0234375 0.044921875
0 0.26796875 0.4658203125 0.0203125 0.072265625
0 0.2484375 0.46875 0.028125 0.07421875
9 0.2984375 0.2978515625 0.009375 0.033203125
9 0.33125 0.314453125 0.009375 0.0234375
2 0.76171875 0.4892578125 0.0953125 0.134765625
2 0.20078125 0.4697265625 0.0296875 0.033203125
2 0.37578125 0.455078125 0.0328125 0.0234375
2 0.1625 0.4736328125 0.05 0.041015625
11 0.3359375 0.400390625 0.021875 0.0078125
2 0.303125 0.45703125 0.015625 0.0234375
0 0.13984375 0.4599609375 0.0109375 0.033203125
0 0.221875 0.4716796875 0.021875 0.064453125
0 0.09375 0.474609375 0.01875 0.0546875
