2 0.365625 0.37890625 0.075 0.0703125
2 0.57265625 0.36328125 0.0421875 0.04296875
2 0.5203125 0.4453125 0.1875 0.1796875
2 0.4125 0.3583984375 0.04375 0.041015625
2 0.23984375 0.3779296875 0.0921875 0.087890625
2 0.1671875 0.375 0.0625 0.0546875
2 0.46484375 0.345703125 0.0203125 0.0234375
3 0.45859375 0.353515625 0.0078125 0.015625
0 0.45859375 0.34765625 0.0078125 0.01953125
0 0.43359375 0.3466796875 0.0078125 0.017578125
3 0.4328125 0.353515625 0.00625 0.01171875
9 0.42734375 0.1015625 0.0140625 0.0625
9 0.3984375 0.1015625 0.01875 0.06640625
9 0.375 0.103515625 0.015625 0.0625
0 0.8984375 0.38671875 0.03125 0.10546875
0 0.98984375 0.4140625 0.0171875 0.13671875
0 0.925 0.384765625 0.028125 0.10546875
9 0.15546875 0.1650390625 0.0140625 0.044921875
9 0.175 0.1591796875 0.0125 0.041015625
9 0.1421875 0.166015625 0.0125 0.04296875
0 0.0859375 0.3828125 0.01875 0.03125
2 0.55 0.345703125 0.0375 0.0234375
2 0.48828125 0.3486328125 0.0265625 0.017578125
2 0.52578125 0.34765625 0.0140625 0.015625
0 0.13515625 0.3662109375 0.0078125 0.033203125
11 0.0890625 0.3173828125 0.03125 0.005859375
11 0.08828125 0.310546875 0.0328125 0.0078125
2 0.5046875 0.34765625 0.00625 0.01171875
11 0.11640625 0.3271484375 0.0046875 0.009765625
11 0.11484375 0.3427734375 0.0046875 0.009765625
2 0.39609375 0.34765625 0.0203125 0.0234375
2 0.528125 0.3486328125 0.0125 0.013671875
2 0.5515625 0.3486328125 0.03125 0.017578125
11 0.0890625 0.3017578125 0.03125 0.009765625
2 0.365625 0.37890625 0.075 0.0703125
2 0.57265625 0.36328125 0.0421875 0.04296875
2 0.5203125 0.4453125 0.1875 0.1796875
2 0.4125 0.3583984375 0.04375 0.041015625
2 0.23984375 0.3779296875 0.0921875 0.087890625
2 0.1671875 0.375 0.0625 0.0546875
2 0.46484375 0.345703125 0.0203125 0.0234375
3 0.45859375 0.353515625 0.0078125 0.015625
0 0.45859375 0.34765625 0.0078125 0.01953125
0 0.43359375 0.3466796875 0.0078125 0.017578125
3 0.4328125 0.353515625 0.00625 0.01171875
9 0.42734375 0.1015625 0.0140625 0.0625
9 0.3984375 0.1015625 0.01875 0.06640625
9 0.375 0.103515625 0.015625 0.0625
0 0.8984375 0.38671875 0.03125 0.10546875
0 0.98984375 0.4140625 0.0171875 0.13671875
0 0.925 0.384765625 0.028125 0.10546875
9 0.15546875 0.1650390625 0.0140625 0.044921875
9 0.175 0.1591796875 0.0125 0.041015625
9 0.1421875 0.166015625 0.0125 0.04296875
0 0.0859375 0.3828125 0.01875 0.03125
2 0.55 0.345703125 0.0375 0.0234375
2 0.48828125 0.3486328125 0.0265625 0.017578125
2 0.52578125 0.34765625 0.0140625 0.015625
0 0.13515625 0.3662109375 0.0078125 0.033203125
11 0.0890625 0.3173828125 0.03125 0.005859375
11 0.08828125 0.310546875 0.0328125 0.0078125
2 0.5046875 0.34765625 0.00625 0.01171875
11 0.11640625 0.3271484375 0.0046875 0.009765625
11 0.11484375 0.3427734375 0.0046875 0.009765625
2 0.39609375 0.34765625 0.0203125 0.0234375
2 0.528125 0.3486328125 0.0125 0.013671875
2 0.5515625 0.3486328125 0.03125 0.017578125
11 0.0890625 0.3017578125 0.03125 0.009765625
