9 0.49375 0.306640625 0.009375 0.03515625
9 0.634375 0.3046875 0.009375 0.03515625
11 0.7125 0.3193359375 0.05 0.021484375
0 0.6 0.4658203125 0.0125 0.052734375
2 0.459375 0.462890625 0.075 0.05078125
2 0.37109375 0.4638671875 0.0609375 0.037109375
2 0.1640625 0.5517578125 0.259375 0.208984375
2 0.06875 0.6337890625 0.1375 0.220703125
2 0.24921875 0.4609375 0.0703125 0.05859375
2 0.03828125 0.4853515625 0.0765625 0.099609375
11 0.15390625 0.37890625 0.0203125 0.078125
9 0.9125 0.2412109375 0.01875 0.052734375
9 0.87890625 0.255859375 0.0171875 0.046875
9 0.76015625 0.3837890625 0.0078125 0.013671875
11 0.97109375 0.240234375 0.0390625 0.046875
11 0.03046875 0.4013671875 0.0203125 0.013671875
9 0.0203125 0.36328125 0.01875 0.04296875
2 0.328125 0.4619140625 0.04375 0.033203125
2 0.92109375 0.6875 0.1546875 0.33984375
0 0.29140625 0.443359375 0.0078125 0.01171875
11 0.98984375 0.396484375 0.0171875 0.015625
10 0.57890625 0.4755859375 0.0109375 0.029296875
2 0.296875 0.4609375 0.025 0.02734375
9 0.053125 0.3623046875 0.021875 0.041015625
9 0.49375 0.306640625 0.009375 0.03515625
9 0.634375 0.3046875 0.009375 0.03515625
11 0.7125 0.3193359375 0.05 0.021484375
0 0.6 0.4658203125 0.0125 0.052734375
2 0.459375 0.462890625 0.075 0.05078125
2 0.37109375 0.4638671875 0.0609375 0.037109375
2 0.1640625 0.5517578125 0.259375 0.208984375
2 0.06875 0.6337890625 0.1375 0.220703125
2 0.24921875 0.4609375 0.0703125 0.05859375
2 0.03828125 0.4853515625 0.0765625 0.099609375
11 0.15390625 0.37890625 0.0203125 0.078125
9 0.9125 0.2412109375 0.01875 0.052734375
9 0.87890625 0.255859375 0.0171875 0.046875
9 0.76015625 0.3837890625 0.0078125 0.013671875
11 0.97109375 0.240234375 0.0390625 0.046875
11 0.03046875 0.4013671875 0.0203125 0.013671875
9 0.0203125 0.36328125 0.01875 0.04296875
2 0.328125 0.4619140625 0.04375 0.033203125
2 0.92109375 0.6875 0.1546875 0.33984375
0 0.29140625 0.443359375 0.0078125 0.01171875
11 0.98984375 0.396484375 0.0171875 0.015625
10 0.57890625 0.4755859375 0.0109375 0.029296875
2 0.296875 0.4609375 0.025 0.02734375
9 0.053125 0.3623046875 0.021875 0.041015625
