9 0.4765625 0.2373046875 0.015625 0.052734375
9 0.6859375 0.2314453125 0.015625 0.052734375
11 0.79921875 0.251953125 0.0734375 0.03125
0 0.63515625 0.46875 0.0203125 0.07421875
2 0.440625 0.462890625 0.1 0.06640625
2 0.33359375 0.4638671875 0.0765625 0.044921875
2 0.1609375 0.46484375 0.084375 0.078125
9 0.8703125 0.34765625 0.0125 0.01953125
2 0.28671875 0.462890625 0.0484375 0.0390625
2 0.97265625 0.6875 0.0515625 0.2109375
0 0.240625 0.4404296875 0.009375 0.013671875
10 0.60546875 0.482421875 0.0140625 0.04296875
2 0.24609375 0.4609375 0.0453125 0.03515625
9 0.09609375 0.3837890625 0.0109375 0.017578125
11 0.0765625 0.2978515625 0.034375 0.033203125
11 0.09375 0.3447265625 0.01875 0.052734375
2 0.10078125 0.4677734375 0.0296875 0.041015625
11 0.43046875 0.41015625 0.0078125 0.015625
2 0.21640625 0.4609375 0.0328125 0.03515625
2 0.071875 0.4716796875 0.028125 0.044921875
2 0.05390625 0.4755859375 0.0234375 0.041015625
10 0.11328125 0.4912109375 0.0109375 0.037109375
9 0.4765625 0.2373046875 0.015625 0.052734375
9 0.6859375 0.2314453125 0.015625 0.052734375
11 0.79921875 0.251953125 0.0734375 0.03125
0 0.63515625 0.46875 0.0203125 0.07421875
2 0.440625 0.462890625 0.1 0.06640625
2 0.33359375 0.4638671875 0.0765625 0.044921875
2 0.1609375 0.46484375 0.084375 0.078125
9 0.8703125 0.34765625 0.0125 0.01953125
2 0.28671875 0.462890625 0.0484375 0.0390625
2 0.97265625 0.6875 0.0515625 0.2109375
0 0.240625 0.4404296875 0.009375 0.013671875
10 0.60546875 0.482421875 0.0140625 0.04296875
2 0.24609375 0.4609375 0.0453125 0.03515625
9 0.09609375 0.3837890625 0.0109375 0.017578125
11 0.0765625 0.2978515625 0.034375 0.033203125
11 0.09375 0.3447265625 0.01875 0.052734375
2 0.10078125 0.4677734375 0.0296875 0.041015625
11 0.43046875 0.41015625 0.0078125 0.015625
2 0.21640625 0.4609375 0.0328125 0.03515625
2 0.071875 0.4716796875 0.028125 0.044921875
2 0.05390625 0.4755859375 0.0234375 0.041015625
10 0.11328125 0.4912109375 0.0109375 0.037109375
