2 0.9203125 0.6005859375 0.15625 0.322265625
2 0.85 0.5224609375 0.1875 0.185546875
2 0.75625 0.4833984375 0.121875 0.138671875
2 0.66328125 0.4736328125 0.0359375 0.080078125
2 0.640625 0.453125 0.03125 0.03125
2 0.575 0.455078125 0.0125 0.01171875
2 0.5578125 0.455078125 0.015625 0.01171875
2 0.52421875 0.4521484375 0.0203125 0.021484375
0 0.50078125 0.4521484375 0.0078125 0.025390625
2 0.334375 0.46484375 0.021875 0.0234375
2 0.31796875 0.4736328125 0.0359375 0.029296875
9 0.5265625 0.35546875 0.00625 0.0234375
9 0.58671875 0.3505859375 0.0078125 0.025390625
11 0.54453125 0.3486328125 0.0109375 0.017578125
11 0.63671875 0.361328125 0.0328125 0.01171875
11 0.36953125 0.37890625 0.0140625 0.0234375
9 0.3625 0.4091796875 0.00625 0.005859375
9 0.38125 0.4091796875 0.00625 0.005859375
11 0.36171875 0.4462890625 0.0078125 0.009765625
0 0.4265625 0.4658203125 0.015625 0.037109375
0 0.29375 0.4736328125 0.021875 0.056640625
0 0.2703125 0.4755859375 0.021875 0.056640625
9 0.34453125 0.3349609375 0.0078125 0.025390625
9 0.365625 0.345703125 0.00625 0.0234375
2 0.6859375 0.4814453125 0.040625 0.083984375
2 0.24765625 0.4794921875 0.0296875 0.033203125
2 0.41171875 0.4638671875 0.0234375 0.021484375
2 0.38671875 0.4697265625 0.0234375 0.021484375
2 0.9203125 0.6005859375 0.15625 0.322265625
2 0.85 0.5224609375 0.1875 0.185546875
2 0.75625 0.4833984375 0.121875 0.138671875
2 0.66328125 0.4736328125 0.0359375 0.080078125
2 0.640625 0.453125 0.03125 0.03125
2 0.575 0.455078125 0.0125 0.01171875
2 0.5578125 0.455078125 0.015625 0.01171875
2 0.52421875 0.4521484375 0.0203125 0.021484375
0 0.50078125 0.4521484375 0.0078125 0.025390625
2 0.334375 0.46484375 0.021875 0.0234375
2 0.31796875 0.4736328125 0.0359375 0.029296875
9 0.5265625 0.35546875 0.00625 0.0234375
9 0.58671875 0.3505859375 0.0078125 0.025390625
11 0.54453125 0.3486328125 0.0109375 0.017578125
11 0.63671875 0.361328125 0.0328125 0.01171875
11 0.36953125 0.37890625 0.0140625 0.0234375
9 0.3625 0.4091796875 0.00625 0.005859375
9 0.38125 0.4091796875 0.00625 0.005859375
11 0.36171875 0.4462890625 0.0078125 0.009765625
0 0.4265625 0.4658203125 0.015625 0.037109375
0 0.29375 0.4736328125 0.021875 0.056640625
0 0.2703125 0.4755859375 0.021875 0.056640625
9 0.34453125 0.3349609375 0.0078125 0.025390625
9 0.365625 0.345703125 0.00625 0.0234375
2 0.6859375 0.4814453125 0.040625 0.083984375
2 0.24765625 0.4794921875 0.0296875 0.033203125
2 0.41171875 0.4638671875 0.0234375 0.021484375
2 0.38671875 0.4697265625 0.0234375 0.021484375
