2 0.95546875 0.60546875 0.0859375 0.2578125
2 0.89140625 0.53515625 0.2140625 0.21875
2 0.78125 0.484375 0.140625 0.16015625
2 0.671875 0.474609375 0.0375 0.08203125
2 0.64375 0.451171875 0.03125 0.03125
2 0.57734375 0.451171875 0.0109375 0.01171875
2 0.559375 0.453125 0.015625 0.01171875
2 0.525 0.44921875 0.01875 0.01953125
0 0.50234375 0.451171875 0.0078125 0.0234375
2 0.3328125 0.462890625 0.01875 0.0234375
2 0.3078125 0.470703125 0.03125 0.03125
9 0.5265625 0.3515625 0.00625 0.0234375
9 0.590625 0.345703125 0.00625 0.02734375
11 0.54609375 0.3427734375 0.0109375 0.017578125
11 0.640625 0.3564453125 0.034375 0.013671875
11 0.36640625 0.375 0.0140625 0.01953125
9 0.3578125 0.4072265625 0.00625 0.005859375
9 0.378125 0.4052734375 0.00625 0.005859375
11 0.36015625 0.4453125 0.0078125 0.0078125
0 0.43359375 0.4638671875 0.0140625 0.041015625
0 0.28828125 0.4736328125 0.0203125 0.056640625
0 0.26953125 0.4736328125 0.0171875 0.060546875
9 0.33984375 0.330078125 0.0078125 0.02734375
9 0.3625 0.3408203125 0.00625 0.021484375
2 0.6921875 0.4775390625 0.0375 0.087890625
2 0.23984375 0.4775390625 0.0265625 0.033203125
2 0.40859375 0.4619140625 0.0234375 0.017578125
2 0.38203125 0.4658203125 0.0234375 0.017578125
2 0.209375 0.482421875 0.040625 0.03515625
2 0.95546875 0.60546875 0.0859375 0.2578125
2 0.89140625 0.53515625 0.2140625 0.21875
2 0.78125 0.484375 0.140625 0.16015625
2 0.671875 0.474609375 0.0375 0.08203125
2 0.64375 0.451171875 0.03125 0.03125
2 0.57734375 0.451171875 0.0109375 0.01171875
2 0.559375 0.453125 0.015625 0.01171875
2 0.525 0.44921875 0.01875 0.01953125
0 0.50234375 0.451171875 0.0078125 0.0234375
2 0.3328125 0.462890625 0.01875 0.0234375
2 0.3078125 0.470703125 0.03125 0.03125
9 0.5265625 0.3515625 0.00625 0.0234375
9 0.590625 0.345703125 0.00625 0.02734375
11 0.54609375 0.3427734375 0.0109375 0.017578125
11 0.640625 0.3564453125 0.034375 0.013671875
11 0.36640625 0.375 0.0140625 0.01953125
9 0.3578125 0.4072265625 0.00625 0.005859375
9 0.378125 0.4052734375 0.00625 0.005859375
11 0.36015625 0.4453125 0.0078125 0.0078125
0 0.43359375 0.4638671875 0.0140625 0.041015625
0 0.28828125 0.4736328125 0.0203125 0.056640625
0 0.26953125 0.4736328125 0.0171875 0.060546875
9 0.33984375 0.330078125 0.0078125 0.02734375
9 0.3625 0.3408203125 0.00625 0.021484375
2 0.6921875 0.4775390625 0.0375 0.087890625
2 0.23984375 0.4775390625 0.0265625 0.033203125
2 0.40859375 0.4619140625 0.0234375 0.017578125
2 0.38203125 0.4658203125 0.0234375 0.017578125
2 0.209375 0.482421875 0.040625 0.03515625
