2 0.51875 0.630859375 0.025 0.03125
7 0.93203125 0.634765625 0.1328125 0.28515625
7 0.70703125 0.6240234375 0.0828125 0.095703125
7 0.60859375 0.6240234375 0.0359375 0.060546875
7 0.6390625 0.6259765625 0.028125 0.056640625
2 0.55390625 0.6318359375 0.0109375 0.013671875
2 0.51875 0.630859375 0.025 0.03125
7 0.93203125 0.634765625 0.1328125 0.28515625
7 0.70703125 0.6240234375 0.0828125 0.095703125
7 0.60859375 0.6240234375 0.0359375 0.060546875
7 0.6390625 0.6259765625 0.028125 0.056640625
2 0.55390625 0.6318359375 0.0109375 0.013671875
