2 0.58671875 0.353515625 0.0390625 0.04296875
2 0.534375 0.3564453125 0.028125 0.029296875
7 0.53671875 0.333984375 0.0171875 0.01953125
7 0.51640625 0.3447265625 0.0109375 0.017578125
2 0.4859375 0.3525390625 0.015625 0.021484375
2 0.503125 0.349609375 0.009375 0.0078125
2 0.10703125 0.369140625 0.0453125 0.0234375
2 0.2375 0.35546875 0.025 0.015625
7 0.2921875 0.34375 0.0375 0.03125
2 0.33046875 0.3505859375 0.0109375 0.009765625
2 0.34296875 0.3486328125 0.0109375 0.009765625
2 0.01171875 0.3759765625 0.0234375 0.029296875
2 0.36953125 0.345703125 0.0109375 0.0078125
2 0.384375 0.345703125 0.009375 0.0078125
2 0.39609375 0.34765625 0.0078125 0.0078125
2 0.4046875 0.3447265625 0.009375 0.005859375
2 0.41796875 0.34765625 0.0109375 0.0078125
2 0.58671875 0.353515625 0.0390625 0.04296875
2 0.534375 0.3564453125 0.028125 0.029296875
7 0.53671875 0.333984375 0.0171875 0.01953125
7 0.51640625 0.3447265625 0.0109375 0.017578125
2 0.4859375 0.3525390625 0.015625 0.021484375
2 0.503125 0.349609375 0.009375 0.0078125
2 0.10703125 0.369140625 0.0453125 0.0234375
2 0.2375 0.35546875 0.025 0.015625
7 0.2921875 0.34375 0.0375 0.03125
2 0.33046875 0.3505859375 0.0109375 0.009765625
2 0.34296875 0.3486328125 0.0109375 0.009765625
2 0.01171875 0.3759765625 0.0234375 0.029296875
2 0.36953125 0.345703125 0.0109375 0.0078125
2 0.384375 0.345703125 0.009375 0.0078125
2 0.39609375 0.34765625 0.0078125 0.0078125
2 0.4046875 0.3447265625 0.009375 0.005859375
2 0.41796875 0.34765625 0.0109375 0.0078125
