2 0.58515625 0.35546875 0.0390625 0.04296875
2 0.53046875 0.359375 0.0296875 0.02734375
7 0.53828125 0.337890625 0.0171875 0.0234375
7 0.51484375 0.3486328125 0.0109375 0.017578125
2 0.4875 0.35546875 0.015625 0.01953125
2 0.50078125 0.3525390625 0.0109375 0.009765625
7 0.05234375 0.357421875 0.1046875 0.07421875
2 0.11640625 0.3681640625 0.0328125 0.025390625
2 0.1546875 0.36328125 0.04375 0.02734375
2 0.26640625 0.3564453125 0.0296875 0.017578125
2 0.3078125 0.3525390625 0.021875 0.017578125
2 0.33046875 0.3525390625 0.0109375 0.009765625
2 0.35859375 0.3515625 0.0140625 0.01171875
2 0.3875 0.3515625 0.0125 0.01171875
2 0.2328125 0.3603515625 0.01875 0.013671875
2 0.58515625 0.35546875 0.0390625 0.04296875
2 0.53046875 0.359375 0.0296875 0.02734375
7 0.53828125 0.337890625 0.0171875 0.0234375
7 0.51484375 0.3486328125 0.0109375 0.017578125
2 0.4875 0.35546875 0.015625 0.01953125
2 0.50078125 0.3525390625 0.0109375 0.009765625
7 0.05234375 0.357421875 0.1046875 0.07421875
2 0.11640625 0.3681640625 0.0328125 0.025390625
2 0.1546875 0.36328125 0.04375 0.02734375
2 0.26640625 0.3564453125 0.0296875 0.017578125
2 0.3078125 0.3525390625 0.021875 0.017578125
2 0.33046875 0.3525390625 0.0109375 0.009765625
2 0.35859375 0.3515625 0.0140625 0.01171875
2 0.3875 0.3515625 0.0125 0.01171875
2 0.2328125 0.3603515625 0.01875 0.013671875
