2 0.59140625 0.35546875 0.0421875 0.04296875
2 0.53671875 0.3583984375 0.0296875 0.029296875
7 0.528125 0.3388671875 0.01875 0.029296875
7 0.509375 0.34375 0.009375 0.015625
2 0.4828125 0.353515625 0.015625 0.01953125
2 0.14921875 0.365234375 0.0421875 0.0390625
2 0.2625 0.361328125 0.01875 0.01953125
2 0.30625 0.3515625 0.0125 0.01171875
2 0.1265625 0.37109375 0.04375 0.03515625
2 0.24375 0.36328125 0.021875 0.01953125
2 0.328125 0.349609375 0.009375 0.0078125
2 0.29296875 0.3544921875 0.0140625 0.009765625
2 0.36328125 0.349609375 0.0078125 0.0078125
2 0.18125 0.3671875 0.021875 0.01953125
2 0.59140625 0.35546875 0.0421875 0.04296875
2 0.53671875 0.3583984375 0.0296875 0.029296875
7 0.528125 0.3388671875 0.01875 0.029296875
7 0.509375 0.34375 0.009375 0.015625
2 0.4828125 0.353515625 0.015625 0.01953125
2 0.14921875 0.365234375 0.0421875 0.0390625
2 0.2625 0.361328125 0.01875 0.01953125
2 0.30625 0.3515625 0.0125 0.01171875
2 0.1265625 0.37109375 0.04375 0.03515625
2 0.24375 0.36328125 0.021875 0.01953125
2 0.328125 0.349609375 0.009375 0.0078125
2 0.29296875 0.3544921875 0.0140625 0.009765625
2 0.36328125 0.349609375 0.0078125 0.0078125
2 0.18125 0.3671875 0.021875 0.01953125
