2 0.95703125 0.5810546875 0.0828125 0.224609375
2 0.30546875 0.40234375 0.1109375 0.1015625
2 0.5609375 0.369140625 0.040625 0.04296875
2 0.50078125 0.41796875 0.1296875 0.12109375
2 0.40390625 0.369140625 0.0515625 0.05078125
2 0.284375 0.3720703125 0.06875 0.064453125
2 0.2046875 0.376953125 0.059375 0.05078125
2 0.4546875 0.3515625 0.01875 0.0234375
3 0.4546875 0.359375 0.009375 0.01953125
0 0.4546875 0.3525390625 0.009375 0.021484375
0 0.42578125 0.3544921875 0.0078125 0.017578125
3 0.42578125 0.359375 0.0078125 0.015625
9 0.4375 0.1611328125 0.015625 0.052734375
9 0.4203125 0.1611328125 0.015625 0.052734375
9 0.4015625 0.1611328125 0.015625 0.052734375
0 0.7796875 0.373046875 0.021875 0.07421875
0 0.796875 0.37109375 0.025 0.078125
9 0.215625 0.1982421875 0.0125 0.037109375
9 0.2296875 0.1982421875 0.0125 0.037109375
9 0.20078125 0.1982421875 0.0140625 0.037109375
0 0.17109375 0.36328125 0.0078125 0.01953125
0 0.134375 0.376953125 0.015625 0.03125
0 0.5734375 0.3466796875 0.009375 0.021484375
2 0.54453125 0.349609375 0.0296875 0.0234375
11 0.15703125 0.3330078125 0.0078125 0.009765625
11 0.15703125 0.3466796875 0.0078125 0.009765625
2 0.43515625 0.3525390625 0.0140625 0.017578125
0 0.26015625 0.349609375 0.0078125 0.015625
2 0.37421875 0.3544921875 0.0171875 0.017578125
11 0.9609375 0.2373046875 0.071875 0.021484375
11 0.9609375 0.2158203125 0.075 0.021484375
11 0.9609375 0.1884765625 0.075 0.021484375
11 0.9609375 0.15625 0.075 0.0234375
2 0.49375 0.349609375 0.025 0.015625
2 0.521875 0.3515625 0.015625 0.015625
0 0.2453125 0.3583984375 0.009375 0.029296875
0 0.25625 0.3544921875 0.009375 0.021484375
0 0.15859375 0.369140625 0.0109375 0.03515625
2 0.47109375 0.3505859375 0.0140625 0.017578125
0 0.234375 0.3564453125 0.009375 0.021484375
0 0.36015625 0.35546875 0.0078125 0.0234375
0 0.8375 0.392578125 0.025 0.09375
2 0.95703125 0.5810546875 0.0828125 0.224609375
2 0.30546875 0.40234375 0.1109375 0.1015625
2 0.5609375 0.369140625 0.040625 0.04296875
2 0.50078125 0.41796875 0.1296875 0.12109375
2 0.40390625 0.369140625 0.0515625 0.05078125
2 0.284375 0.3720703125 0.06875 0.064453125
2 0.2046875 0.376953125 0.059375 0.05078125
2 0.4546875 0.3515625 0.01875 0.0234375
3 0.4546875 0.359375 0.009375 0.01953125
0 0.4546875 0.3525390625 0.009375 0.021484375
0 0.42578125 0.3544921875 0.0078125 0.017578125
3 0.42578125 0.359375 0.0078125 0.015625
9 0.4375 0.1611328125 0.015625 0.052734375
9 0.4203125 0.1611328125 0.015625 0.052734375
9 0.4015625 0.1611328125 0.015625 0.052734375
0 0.7796875 0.373046875 0.021875 0.07421875
0 0.796875 0.37109375 0.025 0.078125
9 0.215625 0.1982421875 0.0125 0.037109375
9 0.2296875 0.1982421875 0.0125 0.037109375
9 0.20078125 0.1982421875 0.0140625 0.037109375
0 0.17109375 0.36328125 0.0078125 0.01953125
0 0.134375 0.376953125 0.015625 0.03125
0 0.5734375 0.3466796875 0.009375 0.021484375
2 0.54453125 0.349609375 0.0296875 0.0234375
11 0.15703125 0.3330078125 0.0078125 0.009765625
11 0.15703125 0.3466796875 0.0078125 0.009765625
2 0.43515625 0.3525390625 0.0140625 0.017578125
0 0.26015625 0.349609375 0.0078125 0.015625
2 0.37421875 0.3544921875 0.0171875 0.017578125
11 0.9609375 0.2373046875 0.071875 0.021484375
11 0.9609375 0.2158203125 0.075 0.021484375
11 0.9609375 0.1884765625 0.075 0.021484375
11 0.9609375 0.15625 0.075 0.0234375
2 0.49375 0.349609375 0.025 0.015625
2 0.521875 0.3515625 0.015625 0.015625
0 0.2453125 0.3583984375 0.009375 0.029296875
0 0.25625 0.3544921875 0.009375 0.021484375
0 0.15859375 0.369140625 0.0109375 0.03515625
2 0.47109375 0.3505859375 0.0140625 0.017578125
0 0.234375 0.3564453125 0.009375 0.021484375
0 0.36015625 0.35546875 0.0078125 0.0234375
0 0.8375 0.392578125 0.025 0.09375
