2 0.8890625 0.50390625 0.21875 0.36328125
2 0.61015625 0.359375 0.0453125 0.05078125
2 0.54453125 0.361328125 0.0296875 0.02734375
7 0.53125 0.3447265625 0.01875 0.029296875
7 0.5046875 0.3427734375 0.009375 0.009765625
2 0.50546875 0.3525390625 0.0109375 0.009765625
2 0.49140625 0.35546875 0.0171875 0.01953125
2 0.278125 0.36328125 0.025 0.01953125
2 0.19765625 0.3662109375 0.0390625 0.037109375
2 0.02109375 0.39453125 0.0421875 0.04296875
2 0.3359375 0.3564453125 0.009375 0.009765625
2 0.34609375 0.357421875 0.0109375 0.01171875
7 0.15703125 0.35546875 0.1046875 0.07421875
2 0.32265625 0.353515625 0.0203125 0.0234375
2 0.38046875 0.35546875 0.0109375 0.01171875
2 0.39453125 0.3515625 0.0078125 0.0078125
2 0.40625 0.3525390625 0.00625 0.005859375
2 0.8890625 0.50390625 0.21875 0.36328125
2 0.61015625 0.359375 0.0453125 0.05078125
2 0.54453125 0.361328125 0.0296875 0.02734375
7 0.53125 0.3447265625 0.01875 0.029296875
7 0.5046875 0.3427734375 0.009375 0.009765625
2 0.50546875 0.3525390625 0.0109375 0.009765625
2 0.49140625 0.35546875 0.0171875 0.01953125
2 0.278125 0.36328125 0.025 0.01953125
2 0.19765625 0.3662109375 0.0390625 0.037109375
2 0.02109375 0.39453125 0.0421875 0.04296875
2 0.3359375 0.3564453125 0.009375 0.009765625
2 0.34609375 0.357421875 0.0109375 0.01171875
7 0.15703125 0.35546875 0.1046875 0.07421875
2 0.32265625 0.353515625 0.0203125 0.0234375
2 0.38046875 0.35546875 0.0109375 0.01171875
2 0.39453125 0.3515625 0.0078125 0.0078125
2 0.40625 0.3525390625 0.00625 0.005859375
