2 0.58515625 0.361328125 0.0390625 0.04296875
2 0.53046875 0.36328125 0.0296875 0.02734375
7 0.53828125 0.341796875 0.0171875 0.0234375
7 0.51484375 0.3505859375 0.0109375 0.017578125
2 0.4875 0.357421875 0.015625 0.01953125
2 0.50078125 0.3544921875 0.0109375 0.009765625
2 0.17421875 0.365234375 0.0296875 0.02734375
2 0.24765625 0.3583984375 0.0265625 0.017578125
2 0.2890625 0.3583984375 0.0125 0.009765625
2 0.33046875 0.3544921875 0.0171875 0.013671875
2 0.3734375 0.353515625 0.009375 0.0078125
2 0.14609375 0.3720703125 0.0265625 0.017578125
2 0.196875 0.365234375 0.01875 0.01953125
2 0.3609375 0.35546875 0.009375 0.0078125
2 0.346875 0.3544921875 0.009375 0.009765625
2 0.384375 0.35546875 0.009375 0.0078125
2 0.58515625 0.361328125 0.0390625 0.04296875
2 0.53046875 0.36328125 0.0296875 0.02734375
7 0.53828125 0.341796875 0.0171875 0.0234375
7 0.51484375 0.3505859375 0.0109375 0.017578125
2 0.4875 0.357421875 0.015625 0.01953125
2 0.50078125 0.3544921875 0.0109375 0.009765625
2 0.17421875 0.365234375 0.0296875 0.02734375
2 0.24765625 0.3583984375 0.0265625 0.017578125
2 0.2890625 0.3583984375 0.0125 0.009765625
2 0.33046875 0.3544921875 0.0171875 0.013671875
2 0.3734375 0.353515625 0.009375 0.0078125
2 0.14609375 0.3720703125 0.0265625 0.017578125
2 0.196875 0.365234375 0.01875 0.01953125
2 0.3609375 0.35546875 0.009375 0.0078125
2 0.346875 0.3544921875 0.009375 0.009765625
2 0.384375 0.35546875 0.009375 0.0078125
