0 0.67734375 0.369140625 0.0171875 0.06640625
0 0.64140625 0.373046875 0.0171875 0.0625
0 0.57890625 0.3662109375 0.0171875 0.052734375
2 0.40390625 0.3759765625 0.0453125 0.044921875
2 0.4265625 0.3681640625 0.028125 0.033203125
2 0.45390625 0.361328125 0.0171875 0.0234375
2 0.48203125 0.3720703125 0.0359375 0.037109375
2 0.5515625 0.3701171875 0.028125 0.033203125
2 0.53671875 0.3681640625 0.0234375 0.029296875
11 0.30234375 0.17578125 0.0296875 0.0390625
9 0.43125 0.181640625 0.0125 0.04296875
9 0.44453125 0.1826171875 0.0140625 0.041015625
9 0.41796875 0.1826171875 0.0140625 0.041015625
9 0.128125 0.1591796875 0.0125 0.044921875
9 0.11328125 0.16015625 0.0140625 0.046875
9 0.09765625 0.1591796875 0.0140625 0.044921875
2 0.3359375 0.3701171875 0.025 0.037109375
2 0.49375 0.365234375 0.025 0.03125
9 0.46796875 0.30859375 0.0046875 0.01171875
3 0.3015625 0.3798828125 0.015625 0.033203125
0 0.146875 0.39453125 0.021875 0.05078125
11 0.81015625 0.306640625 0.0390625 0.046875
11 0.8109375 0.2333984375 0.046875 0.021484375
9 0.825 0.263671875 0.01875 0.0234375
9 0.63359375 0.287109375 0.0078125 0.01171875
2 0.5109375 0.361328125 0.015625 0.01953125
9 0.79453125 0.263671875 0.0203125 0.0234375
10 0.11796875 0.4072265625 0.0078125 0.025390625
0 0.88671875 0.41015625 0.0421875 0.0703125
0 0.11875 0.384765625 0.0125 0.03515625
0 0.15234375 0.3720703125 0.0109375 0.013671875
2 0.37890625 0.3642578125 0.0234375 0.029296875
11 0.63359375 0.3115234375 0.0203125 0.025390625
10 0.85625 0.3876953125 0.0125 0.029296875
2 0.20234375 0.390625 0.0484375 0.0390625
3 0.1484375 0.404296875 0.040625 0.046875
0 0.7109375 0.3701171875 0.015625 0.056640625
2 0.353125 0.373046875 0.04375 0.04296875
0 0.67734375 0.369140625 0.0171875 0.06640625
0 0.64140625 0.373046875 0.0171875 0.0625
0 0.57890625 0.3662109375 0.0171875 0.052734375
2 0.40390625 0.3759765625 0.0453125 0.044921875
2 0.4265625 0.3681640625 0.028125 0.033203125
2 0.45390625 0.361328125 0.0171875 0.0234375
2 0.48203125 0.3720703125 0.0359375 0.037109375
2 0.5515625 0.3701171875 0.028125 0.033203125
2 0.53671875 0.3681640625 0.0234375 0.029296875
11 0.30234375 0.17578125 0.0296875 0.0390625
9 0.43125 0.181640625 0.0125 0.04296875
9 0.44453125 0.1826171875 0.0140625 0.041015625
9 0.41796875 0.1826171875 0.0140625 0.041015625
9 0.128125 0.1591796875 0.0125 0.044921875
9 0.11328125 0.16015625 0.0140625 0.046875
9 0.09765625 0.1591796875 0.0140625 0.044921875
2 0.3359375 0.3701171875 0.025 0.037109375
2 0.49375 0.365234375 0.025 0.03125
9 0.46796875 0.30859375 0.0046875 0.01171875
3 0.3015625 0.3798828125 0.015625 0.033203125
0 0.146875 0.39453125 0.021875 0.05078125
11 0.81015625 0.306640625 0.0390625 0.046875
11 0.8109375 0.2333984375 0.046875 0.021484375
9 0.825 0.263671875 0.01875 0.0234375
9 0.63359375 0.287109375 0.0078125 0.01171875
2 0.5109375 0.361328125 0.015625 0.01953125
9 0.79453125 0.263671875 0.0203125 0.0234375
10 0.11796875 0.4072265625 0.0078125 0.025390625
0 0.88671875 0.41015625 0.0421875 0.0703125
0 0.11875 0.384765625 0.0125 0.03515625
0 0.15234375 0.3720703125 0.0109375 0.013671875
2 0.37890625 0.3642578125 0.0234375 0.029296875
11 0.63359375 0.3115234375 0.0203125 0.025390625
10 0.85625 0.3876953125 0.0125 0.029296875
2 0.20234375 0.390625 0.0484375 0.0390625
3 0.1484375 0.404296875 0.040625 0.046875
0 0.7109375 0.3701171875 0.015625 0.056640625
2 0.353125 0.373046875 0.04375 0.04296875
