2 0.51796875 0.6328125 0.0203125 0.0234375
2 0.52578125 0.6220703125 0.0171875 0.021484375
2 0.53984375 0.6181640625 0.0078125 0.009765625
2 0.54765625 0.6142578125 0.0078125 0.009765625
78 0.8609375 0.6328125 0.071875 0.1953125
78 0.9296875 0.61328125 0.1375 0.63671875
2 0.51796875 0.6328125 0.0203125 0.0234375
2 0.52578125 0.6220703125 0.0171875 0.021484375
2 0.53984375 0.6181640625 0.0078125 0.009765625
2 0.54765625 0.6142578125 0.0078125 0.009765625
78 0.8609375 0.6328125 0.071875 0.1953125
78 0.9296875 0.61328125 0.1375 0.63671875
