3 0.8359375 0.498046875 0.115625 0.140625
3 0.953125 0.61328125 0.090625 0.140625
0 0.65546875 0.3662109375 0.0140625 0.056640625
0 0.6234375 0.3701171875 0.0125 0.056640625
0 0.56640625 0.365234375 0.0171875 0.046875
2 0.403125 0.3740234375 0.04375 0.044921875
2 0.4265625 0.3671875 0.028125 0.03125
2 0.4453125 0.361328125 0.021875 0.02734375
2 0.47734375 0.3681640625 0.0359375 0.037109375
2 0.54140625 0.369140625 0.0296875 0.03125
2 0.52734375 0.3662109375 0.0234375 0.029296875
11 0.32421875 0.1953125 0.0265625 0.03515625
9 0.434375 0.2001953125 0.0125 0.037109375
9 0.44921875 0.201171875 0.0078125 0.03515625
9 0.4234375 0.201171875 0.009375 0.03515625
9 0.1796875 0.1806640625 0.0125 0.037109375
9 0.1625 0.1796875 0.015625 0.03515625
9 0.14765625 0.1806640625 0.0140625 0.037109375
2 0.34765625 0.365234375 0.0296875 0.03515625
2 0.490625 0.3662109375 0.025 0.033203125
9 0.46484375 0.310546875 0.0046875 0.01171875
11 0.9859375 0.1689453125 0.025 0.025390625
11 0.9875 0.1962890625 0.021875 0.025390625
11 0.98828125 0.220703125 0.0203125 0.01953125
3 0.31640625 0.3779296875 0.0140625 0.025390625
3 0.92265625 0.5224609375 0.1515625 0.216796875
3 0.8640625 0.5078125 0.13125 0.1640625
0 0.20234375 0.3779296875 0.0234375 0.041015625
11 0.98984375 0.244140625 0.0171875 0.046875
11 0.75078125 0.3212890625 0.0328125 0.037109375
11 0.74921875 0.2578125 0.0421875 0.01953125
9 0.7640625 0.279296875 0.01875 0.0234375
9 0.734375 0.2822265625 0.01875 0.021484375
0 0.94609375 0.3759765625 0.0265625 0.056640625
0 0.00546875 0.3994140625 0.0109375 0.048828125
10 0.15078125 0.3974609375 0.0078125 0.021484375
0 0.8171875 0.39453125 0.0375 0.05859375
0 0.14609375 0.3798828125 0.0109375 0.033203125
2 0.22734375 0.384765625 0.0328125 0.03515625
9 0.6171875 0.2939453125 0.009375 0.013671875
11 0.99140625 0.279296875 0.0140625 0.0234375
11 0.9921875 0.3037109375 0.0125 0.025390625
3 0.203125 0.3896484375 0.021875 0.037109375
2 0.36796875 0.3681640625 0.0390625 0.037109375
0 0.68671875 0.369140625 0.0171875 0.05078125
3 0.8359375 0.498046875 0.115625 0.140625
3 0.953125 0.61328125 0.090625 0.140625
0 0.65546875 0.3662109375 0.0140625 0.056640625
0 0.6234375 0.3701171875 0.0125 0.056640625
0 0.56640625 0.365234375 0.0171875 0.046875
2 0.403125 0.3740234375 0.04375 0.044921875
2 0.4265625 0.3671875 0.028125 0.03125
2 0.4453125 0.361328125 0.021875 0.02734375
2 0.47734375 0.3681640625 0.0359375 0.037109375
2 0.54140625 0.369140625 0.0296875 0.03125
2 0.52734375 0.3662109375 0.0234375 0.029296875
11 0.32421875 0.1953125 0.0265625 0.03515625
9 0.434375 0.2001953125 0.0125 0.037109375
9 0.44921875 0.201171875 0.0078125 0.03515625
9 0.4234375 0.201171875 0.009375 0.03515625
9 0.1796875 0.1806640625 0.0125 0.037109375
9 0.1625 0.1796875 0.015625 0.03515625
9 0.14765625 0.1806640625 0.0140625 0.037109375
2 0.34765625 0.365234375 0.0296875 0.03515625
2 0.490625 0.3662109375 0.025 0.033203125
9 0.46484375 0.310546875 0.0046875 0.01171875
11 0.9859375 0.1689453125 0.025 0.025390625
11 0.9875 0.1962890625 0.021875 0.025390625
11 0.98828125 0.220703125 0.0203125 0.01953125
3 0.31640625 0.3779296875 0.0140625 0.025390625
3 0.92265625 0.5224609375 0.1515625 0.216796875
3 0.8640625 0.5078125 0.13125 0.1640625
0 0.20234375 0.3779296875 0.0234375 0.041015625
11 0.98984375 0.244140625 0.0171875 0.046875
11 0.75078125 0.3212890625 0.0328125 0.037109375
11 0.74921875 0.2578125 0.0421875 0.01953125
9 0.7640625 0.279296875 0.01875 0.0234375
9 0.734375 0.2822265625 0.01875 0.021484375
0 0.94609375 0.3759765625 0.0265625 0.056640625
0 0.00546875 0.3994140625 0.0109375 0.048828125
10 0.15078125 0.3974609375 0.0078125 0.021484375
0 0.8171875 0.39453125 0.0375 0.05859375
0 0.14609375 0.3798828125 0.0109375 0.033203125
2 0.22734375 0.384765625 0.0328125 0.03515625
9 0.6171875 0.2939453125 0.009375 0.013671875
11 0.99140625 0.279296875 0.0140625 0.0234375
11 0.9921875 0.3037109375 0.0125 0.025390625
3 0.203125 0.3896484375 0.021875 0.037109375
2 0.36796875 0.3681640625 0.0390625 0.037109375
0 0.68671875 0.369140625 0.0171875 0.05078125
