2 0.740625 0.4892578125 0.065625 0.060546875
9 0.48828125 0.21484375 0.0203125 0.06640625
9 0.66796875 0.19921875 0.0203125 0.06640625
11 0.53828125 0.197265625 0.0265625 0.05078125
11 0.81328125 0.2333984375 0.0921875 0.037109375
11 0.0046875 0.26953125 0.009375 0.0546875
9 0.03125 0.3642578125 0.01875 0.017578125
11 0.015625 0.392578125 0.03125 0.01953125
11 0.88203125 0.3095703125 0.0328125 0.052734375
0 0.9375 0.5283203125 0.0375 0.119140625
0 0.9203125 0.49609375 0.03125 0.1015625
2 0.57734375 0.4921875 0.0421875 0.046875
11 0.64140625 0.416015625 0.0171875 0.02734375
2 0.109375 0.53125 0.08125 0.0703125
2 0.0328125 0.52734375 0.0625 0.06640625
0 0.4875 0.478515625 0.0125 0.0390625
2 0.1546875 0.505859375 0.040625 0.03515625
2 0.33515625 0.490234375 0.0328125 0.02734375
11 0.00546875 0.3134765625 0.0109375 0.029296875
2 0.1015625 0.5048828125 0.065625 0.041015625
2 0.1875 0.505859375 0.034375 0.03515625
2 0.2125 0.4990234375 0.040625 0.041015625
2 0.240625 0.5029296875 0.015625 0.029296875
2 0.8828125 0.4716796875 0.046875 0.033203125
9 0.3296875 0.3935546875 0.00625 0.021484375
11 0.36171875 0.390625 0.0296875 0.01171875
11 0.38046875 0.44140625 0.0203125 0.0078125
9 0.325 0.4365234375 0.00625 0.017578125
2 0.9640625 0.4560546875 0.053125 0.029296875
2 0.740625 0.4892578125 0.065625 0.060546875
9 0.48828125 0.21484375 0.0203125 0.06640625
9 0.66796875 0.19921875 0.0203125 0.06640625
11 0.53828125 0.197265625 0.0265625 0.05078125
11 0.81328125 0.2333984375 0.0921875 0.037109375
11 0.0046875 0.26953125 0.009375 0.0546875
9 0.03125 0.3642578125 0.01875 0.017578125
11 0.015625 0.392578125 0.03125 0.01953125
11 0.88203125 0.3095703125 0.0328125 0.052734375
0 0.9375 0.5283203125 0.0375 0.119140625
0 0.9203125 0.49609375 0.03125 0.1015625
2 0.57734375 0.4921875 0.0421875 0.046875
11 0.64140625 0.416015625 0.0171875 0.02734375
2 0.109375 0.53125 0.08125 0.0703125
2 0.0328125 0.52734375 0.0625 0.06640625
0 0.4875 0.478515625 0.0125 0.0390625
2 0.1546875 0.505859375 0.040625 0.03515625
2 0.33515625 0.490234375 0.0328125 0.02734375
11 0.00546875 0.3134765625 0.0109375 0.029296875
2 0.1015625 0.5048828125 0.065625 0.041015625
2 0.1875 0.505859375 0.034375 0.03515625
2 0.2125 0.4990234375 0.040625 0.041015625
2 0.240625 0.5029296875 0.015625 0.029296875
2 0.8828125 0.4716796875 0.046875 0.033203125
9 0.3296875 0.3935546875 0.00625 0.021484375
11 0.36171875 0.390625 0.0296875 0.01171875
11 0.38046875 0.44140625 0.0203125 0.0078125
9 0.325 0.4365234375 0.00625 0.017578125
2 0.9640625 0.4560546875 0.053125 0.029296875
