9 0.671875 0.044921875 0.028125 0.08984375
0 0.984375 0.5478515625 0.028125 0.154296875
2 0.60625 0.5185546875 0.165625 0.119140625
2 0.45 0.5078125 0.109375 0.0703125
2 0.13671875 0.50390625 0.1140625 0.1328125
2 0.38984375 0.5009765625 0.0578125 0.056640625
0 0.34609375 0.4697265625 0.0109375 0.013671875
10 0.925 0.568359375 0.028125 0.078125
2 0.34765625 0.5009765625 0.0515625 0.044921875
11 0.00859375 0.3037109375 0.0171875 0.068359375
11 0.58828125 0.427734375 0.0109375 0.0234375
2 0.3203125 0.494140625 0.040625 0.04296875
10 0.0515625 0.55078125 0.015625 0.0546875
2 0.2921875 0.4814453125 0.05 0.048828125
11 0.01171875 0.421875 0.0234375 0.01953125
0 0.21328125 0.4794921875 0.0109375 0.037109375
11 0.315625 0.4501953125 0.0125 0.013671875
9 0.671875 0.044921875 0.028125 0.08984375
0 0.984375 0.5478515625 0.028125 0.154296875
2 0.60625 0.5185546875 0.165625 0.119140625
2 0.45 0.5078125 0.109375 0.0703125
2 0.13671875 0.50390625 0.1140625 0.1328125
2 0.38984375 0.5009765625 0.0578125 0.056640625
0 0.34609375 0.4697265625 0.0109375 0.013671875
10 0.925 0.568359375 0.028125 0.078125
2 0.34765625 0.5009765625 0.0515625 0.044921875
11 0.00859375 0.3037109375 0.0171875 0.068359375
11 0.58828125 0.427734375 0.0109375 0.0234375
2 0.3203125 0.494140625 0.040625 0.04296875
10 0.0515625 0.55078125 0.015625 0.0546875
2 0.2921875 0.4814453125 0.05 0.048828125
11 0.01171875 0.421875 0.0234375 0.01953125
0 0.21328125 0.4794921875 0.0109375 0.037109375
11 0.315625 0.4501953125 0.0125 0.013671875
