2 0.39375 0.6328125 0.090625 0.0859375
2 0.525 0.6279296875 0.01875 0.021484375
7 0.94765625 0.5947265625 0.1015625 0.306640625
7 0.76015625 0.6220703125 0.0796875 0.138671875
7 0.66953125 0.6201171875 0.0578125 0.076171875
7 0.59453125 0.62109375 0.0296875 0.05078125
7 0.62109375 0.6220703125 0.0265625 0.048828125
2 0.5484375 0.6279296875 0.0125 0.013671875
7 0.85859375 0.642578125 0.1578125 0.16015625
2 0.39375 0.6328125 0.090625 0.0859375
2 0.525 0.6279296875 0.01875 0.021484375
7 0.94765625 0.5947265625 0.1015625 0.306640625
7 0.76015625 0.6220703125 0.0796875 0.138671875
7 0.66953125 0.6201171875 0.0578125 0.076171875
7 0.59453125 0.62109375 0.0296875 0.05078125
7 0.62109375 0.6220703125 0.0265625 0.048828125
2 0.5484375 0.6279296875 0.0125 0.013671875
7 0.85859375 0.642578125 0.1578125 0.16015625
