2 0.5203125 0.619140625 0.025 0.03125
2 0.5453125 0.623046875 0.0125 0.015625
7 0.7390625 0.619140625 0.109375 0.1171875
7 0.66640625 0.6201171875 0.0359375 0.076171875
7 0.6390625 0.6142578125 0.025 0.056640625
7 0.59453125 0.6171875 0.0234375 0.0390625
7 0.61640625 0.6171875 0.0203125 0.0390625
2 0.5203125 0.619140625 0.025 0.03125
2 0.5453125 0.623046875 0.0125 0.015625
7 0.7390625 0.619140625 0.109375 0.1171875
7 0.66640625 0.6201171875 0.0359375 0.076171875
7 0.6390625 0.6142578125 0.025 0.056640625
7 0.59453125 0.6171875 0.0234375 0.0390625
7 0.61640625 0.6171875 0.0203125 0.0390625
