2 0.315625 0.4033203125 0.103125 0.091796875
2 0.38125 0.3759765625 0.059375 0.056640625
2 0.47578125 0.376953125 0.0546875 0.05859375
2 0.68203125 0.4140625 0.1203125 0.11328125
2 0.5921875 0.38671875 0.05 0.06640625
2 0.49296875 0.361328125 0.0328125 0.04296875
9 0.4625 0.2841796875 0.00625 0.017578125
2 0.52578125 0.3564453125 0.0140625 0.017578125
3 0.45078125 0.365234375 0.0078125 0.01953125
0 0.4515625 0.353515625 0.009375 0.0234375
9 0.41171875 0.29296875 0.0046875 0.01171875
3 0.43046875 0.3671875 0.0109375 0.0234375
2 0.6265625 0.3994140625 0.0625 0.083984375
2 0.56171875 0.375 0.0296875 0.046875
2 0.55078125 0.3642578125 0.0328125 0.044921875
2 0.44609375 0.353515625 0.0265625 0.02734375
2 0.3109375 0.3525390625 0.025 0.009765625
0 0.7265625 0.359375 0.01875 0.046875
2 0.19921875 0.3828125 0.0390625 0.0390625
2 0.40234375 0.3564453125 0.0203125 0.025390625
0 0.25390625 0.375 0.0140625 0.0234375
2 0.15625 0.3916015625 0.059375 0.044921875
0 0.41640625 0.35546875 0.0109375 0.02734375
0 0.2046875 0.357421875 0.009375 0.01171875
3 0.2203125 0.380859375 0.0125 0.03515625
3 0.22734375 0.380859375 0.0109375 0.03515625
0 0.10546875 0.3662109375 0.0109375 0.025390625
3 0.41640625 0.3662109375 0.0109375 0.025390625
0 0.28984375 0.35546875 0.0046875 0.0078125
0 0.2953125 0.3525390625 0.00625 0.009765625
2 0.5703125 0.3828125 0.025 0.05078125
9 0.45703125 0.2841796875 0.0046875 0.017578125
9 0.46796875 0.2841796875 0.0046875 0.017578125
0 0.43046875 0.3525390625 0.0109375 0.029296875
2 0.515625 0.3642578125 0.021875 0.029296875
2 0.315625 0.4033203125 0.103125 0.091796875
2 0.38125 0.3759765625 0.059375 0.056640625
2 0.47578125 0.376953125 0.0546875 0.05859375
2 0.68203125 0.4140625 0.1203125 0.11328125
2 0.5921875 0.38671875 0.05 0.06640625
2 0.49296875 0.361328125 0.0328125 0.04296875
9 0.4625 0.2841796875 0.00625 0.017578125
2 0.52578125 0.3564453125 0.0140625 0.017578125
3 0.45078125 0.365234375 0.0078125 0.01953125
0 0.4515625 0.353515625 0.009375 0.0234375
9 0.41171875 0.29296875 0.0046875 0.01171875
3 0.43046875 0.3671875 0.0109375 0.0234375
2 0.6265625 0.3994140625 0.0625 0.083984375
2 0.56171875 0.375 0.0296875 0.046875
2 0.55078125 0.3642578125 0.0328125 0.044921875
2 0.44609375 0.353515625 0.0265625 0.02734375
2 0.3109375 0.3525390625 0.025 0.009765625
0 0.7265625 0.359375 0.01875 0.046875
2 0.19921875 0.3828125 0.0390625 0.0390625
2 0.40234375 0.3564453125 0.0203125 0.025390625
0 0.25390625 0.375 0.0140625 0.0234375
2 0.15625 0.3916015625 0.059375 0.044921875
0 0.41640625 0.35546875 0.0109375 0.02734375
0 0.2046875 0.357421875 0.009375 0.01171875
3 0.2203125 0.380859375 0.0125 0.03515625
3 0.22734375 0.380859375 0.0109375 0.03515625
0 0.10546875 0.3662109375 0.0109375 0.025390625
3 0.41640625 0.3662109375 0.0109375 0.025390625
0 0.28984375 0.35546875 0.0046875 0.0078125
0 0.2953125 0.3525390625 0.00625 0.009765625
2 0.5703125 0.3828125 0.025 0.05078125
9 0.45703125 0.2841796875 0.0046875 0.017578125
9 0.46796875 0.2841796875 0.0046875 0.017578125
0 0.43046875 0.3525390625 0.0109375 0.029296875
2 0.515625 0.3642578125 0.021875 0.029296875
