2 0.9078125 0.529296875 0.18125 0.421875
2 0.6078125 0.35546875 0.04375 0.05078125
2 0.54453125 0.359375 0.0296875 0.02734375
7 0.5328125 0.341796875 0.01875 0.03125
7 0.50625 0.3408203125 0.009375 0.009765625
2 0.50546875 0.3505859375 0.0109375 0.009765625
2 0.49140625 0.353515625 0.0171875 0.01953125
2 0.22265625 0.369140625 0.0328125 0.02734375
2 0.08046875 0.3779296875 0.0640625 0.056640625
2 0.31328125 0.359375 0.0109375 0.01171875
2 0.32265625 0.3564453125 0.0109375 0.013671875
7 0.059375 0.3623046875 0.11875 0.099609375
2 0.296875 0.353515625 0.025 0.02734375
2 0.36796875 0.3515625 0.0109375 0.01171875
2 0.384375 0.3505859375 0.0125 0.013671875
2 0.39921875 0.349609375 0.0078125 0.0078125
2 0.334375 0.3564453125 0.009375 0.009765625
2 0.9078125 0.529296875 0.18125 0.421875
2 0.6078125 0.35546875 0.04375 0.05078125
2 0.54453125 0.359375 0.0296875 0.02734375
7 0.5328125 0.341796875 0.01875 0.03125
7 0.50625 0.3408203125 0.009375 0.009765625
2 0.50546875 0.3505859375 0.0109375 0.009765625
2 0.49140625 0.353515625 0.0171875 0.01953125
2 0.22265625 0.369140625 0.0328125 0.02734375
2 0.08046875 0.3779296875 0.0640625 0.056640625
2 0.31328125 0.359375 0.0109375 0.01171875
2 0.32265625 0.3564453125 0.0109375 0.013671875
7 0.059375 0.3623046875 0.11875 0.099609375
2 0.296875 0.353515625 0.025 0.02734375
2 0.36796875 0.3515625 0.0109375 0.01171875
2 0.384375 0.3505859375 0.0125 0.013671875
2 0.39921875 0.349609375 0.0078125 0.0078125
2 0.334375 0.3564453125 0.009375 0.009765625
