2 0.72109375 0.4072265625 0.1734375 0.158203125
2 0.61484375 0.3583984375 0.0515625 0.056640625
2 0.540625 0.3583984375 0.03125 0.029296875
7 0.52578125 0.341796875 0.0171875 0.02734375
7 0.5015625 0.33984375 0.009375 0.01171875
2 0.50390625 0.3486328125 0.0109375 0.009765625
2 0.490625 0.353515625 0.01875 0.01953125
7 0.2578125 0.3447265625 0.053125 0.048828125
2 0.2203125 0.3642578125 0.03125 0.025390625
2 0.27890625 0.357421875 0.0234375 0.01953125
2 0.3421875 0.3505859375 0.01875 0.017578125
2 0.37890625 0.3486328125 0.0109375 0.009765625
2 0.39140625 0.349609375 0.0078125 0.0078125
7 0.31640625 0.3447265625 0.0265625 0.029296875
2 0.31953125 0.3515625 0.0171875 0.015625
2 0.4078125 0.3466796875 0.009375 0.009765625
2 0.36484375 0.349609375 0.0109375 0.01171875
2 0.72109375 0.4072265625 0.1734375 0.158203125
2 0.61484375 0.3583984375 0.0515625 0.056640625
2 0.540625 0.3583984375 0.03125 0.029296875
7 0.52578125 0.341796875 0.0171875 0.02734375
7 0.5015625 0.33984375 0.009375 0.01171875
2 0.50390625 0.3486328125 0.0109375 0.009765625
2 0.490625 0.353515625 0.01875 0.01953125
7 0.2578125 0.3447265625 0.053125 0.048828125
2 0.2203125 0.3642578125 0.03125 0.025390625
2 0.27890625 0.357421875 0.0234375 0.01953125
2 0.3421875 0.3505859375 0.01875 0.017578125
2 0.37890625 0.3486328125 0.0109375 0.009765625
2 0.39140625 0.349609375 0.0078125 0.0078125
7 0.31640625 0.3447265625 0.0265625 0.029296875
2 0.31953125 0.3515625 0.0171875 0.015625
2 0.4078125 0.3466796875 0.009375 0.009765625
2 0.36484375 0.349609375 0.0109375 0.01171875
