2 0.396875 0.39453125 0.075 0.0703125
2 0.8671875 0.4814453125 0.25625 0.201171875
2 0.04375 0.412109375 0.0875 0.14453125
2 0.46328125 0.3779296875 0.0453125 0.041015625
2 0.48046875 0.35546875 0.0109375 0.0078125
0 0.66484375 0.3720703125 0.0171875 0.048828125
2 0.48984375 0.3603515625 0.0109375 0.013671875
2 0.5328125 0.37109375 0.021875 0.0234375
2 0.503125 0.359375 0.0125 0.015625
0 0.68203125 0.3720703125 0.0171875 0.044921875
0 0.83671875 0.3583984375 0.0140625 0.041015625
0 0.85625 0.3603515625 0.021875 0.041015625
3 0.9484375 0.576171875 0.1 0.20703125
2 0.5203125 0.359375 0.009375 0.01171875
9 0.45859375 0.302734375 0.0078125 0.01953125
9 0.41796875 0.3046875 0.0078125 0.01953125
11 0.24140625 0.4208984375 0.0109375 0.044921875
11 0.85078125 0.23046875 0.0828125 0.015625
11 0.85078125 0.248046875 0.0828125 0.01171875
11 0.85078125 0.263671875 0.0828125 0.01171875
11 0.8328125 0.279296875 0.046875 0.01171875
11 0.3828125 0.3076171875 0.015625 0.017578125
2 0.34765625 0.375 0.0140625 0.0234375
11 0.859375 0.3076171875 0.01875 0.021484375
11 0.859375 0.2841796875 0.01875 0.021484375
2 0.43203125 0.361328125 0.0109375 0.015625
2 0.33671875 0.3779296875 0.0140625 0.025390625
2 0.325 0.37890625 0.015625 0.02734375
2 0.309375 0.3818359375 0.021875 0.029296875
2 0.2375 0.4013671875 0.0875 0.080078125
2 0.28671875 0.3837890625 0.0203125 0.029296875
2 0.396875 0.39453125 0.075 0.0703125
2 0.8671875 0.4814453125 0.25625 0.201171875
2 0.04375 0.412109375 0.0875 0.14453125
2 0.46328125 0.3779296875 0.0453125 0.041015625
2 0.48046875 0.35546875 0.0109375 0.0078125
0 0.66484375 0.3720703125 0.0171875 0.048828125
2 0.48984375 0.3603515625 0.0109375 0.013671875
2 0.5328125 0.37109375 0.021875 0.0234375
2 0.503125 0.359375 0.0125 0.015625
0 0.68203125 0.3720703125 0.0171875 0.044921875
0 0.83671875 0.3583984375 0.0140625 0.041015625
0 0.85625 0.3603515625 0.021875 0.041015625
3 0.9484375 0.576171875 0.1 0.20703125
2 0.5203125 0.359375 0.009375 0.01171875
9 0.45859375 0.302734375 0.0078125 0.01953125
9 0.41796875 0.3046875 0.0078125 0.01953125
11 0.24140625 0.4208984375 0.0109375 0.044921875
11 0.85078125 0.23046875 0.0828125 0.015625
11 0.85078125 0.248046875 0.0828125 0.01171875
11 0.85078125 0.263671875 0.0828125 0.01171875
11 0.8328125 0.279296875 0.046875 0.01171875
11 0.3828125 0.3076171875 0.015625 0.017578125
2 0.34765625 0.375 0.0140625 0.0234375
11 0.859375 0.3076171875 0.01875 0.021484375
11 0.859375 0.2841796875 0.01875 0.021484375
2 0.43203125 0.361328125 0.0109375 0.015625
2 0.33671875 0.3779296875 0.0140625 0.025390625
2 0.325 0.37890625 0.015625 0.02734375
2 0.309375 0.3818359375 0.021875 0.029296875
2 0.2375 0.4013671875 0.0875 0.080078125
2 0.28671875 0.3837890625 0.0203125 0.029296875
