2 0.10390625 0.6767578125 0.2078125 0.291015625
2 0.51953125 0.6298828125 0.0234375 0.025390625
7 0.87890625 0.6279296875 0.1953125 0.208984375
7 0.6859375 0.6201171875 0.06875 0.083984375
7 0.59765625 0.6220703125 0.0328125 0.052734375
7 0.6265625 0.623046875 0.028125 0.05078125
2 0.55 0.6279296875 0.0125 0.013671875
7 0.9375 0.630859375 0.121875 0.20703125
2 0.10390625 0.6767578125 0.2078125 0.291015625
2 0.51953125 0.6298828125 0.0234375 0.025390625
7 0.87890625 0.6279296875 0.1953125 0.208984375
7 0.6859375 0.6201171875 0.06875 0.083984375
7 0.59765625 0.6220703125 0.0328125 0.052734375
7 0.6265625 0.623046875 0.028125 0.05078125
2 0.55 0.6279296875 0.0125 0.013671875
7 0.9375 0.630859375 0.121875 0.20703125
