9 0.46953125 0.2578125 0.0140625 0.05078125
9 0.66015625 0.2529296875 0.0140625 0.048828125
11 0.76328125 0.2734375 0.0671875 0.02734375
0 0.6125 0.470703125 0.01875 0.06640625
2 0.43203125 0.4658203125 0.0921875 0.064453125
2 0.33046875 0.4658203125 0.0734375 0.044921875
2 0.1671875 0.46484375 0.084375 0.07421875
9 0.82734375 0.361328125 0.0109375 0.015625
2 0.284375 0.46484375 0.05 0.0390625
2 0.91484375 0.7060546875 0.1671875 0.376953125
0 0.2390625 0.4423828125 0.009375 0.013671875
10 0.5859375 0.4833984375 0.0125 0.037109375
2 0.24296875 0.46484375 0.0453125 0.03515625
9 0.11328125 0.3896484375 0.0109375 0.017578125
9 0.0296875 0.2705078125 0.015625 0.044921875
11 0.0953125 0.30859375 0.028125 0.02734375
11 0.1125 0.3583984375 0.015625 0.037109375
2 0.1140625 0.4697265625 0.03125 0.041015625
11 0.42109375 0.416015625 0.0078125 0.015625
2 0.21796875 0.4638671875 0.0234375 0.033203125
2 0.090625 0.470703125 0.028125 0.04296875
2 0.0703125 0.470703125 0.015625 0.0390625
10 0.12578125 0.490234375 0.0109375 0.03515625
9 0.46953125 0.2578125 0.0140625 0.05078125
9 0.66015625 0.2529296875 0.0140625 0.048828125
11 0.76328125 0.2734375 0.0671875 0.02734375
0 0.6125 0.470703125 0.01875 0.06640625
2 0.43203125 0.4658203125 0.0921875 0.064453125
2 0.33046875 0.4658203125 0.0734375 0.044921875
2 0.1671875 0.46484375 0.084375 0.07421875
9 0.82734375 0.361328125 0.0109375 0.015625
2 0.284375 0.46484375 0.05 0.0390625
2 0.91484375 0.7060546875 0.1671875 0.376953125
0 0.2390625 0.4423828125 0.009375 0.013671875
10 0.5859375 0.4833984375 0.0125 0.037109375
2 0.24296875 0.46484375 0.0453125 0.03515625
9 0.11328125 0.3896484375 0.0109375 0.017578125
9 0.0296875 0.2705078125 0.015625 0.044921875
11 0.0953125 0.30859375 0.028125 0.02734375
11 0.1125 0.3583984375 0.015625 0.037109375
2 0.1140625 0.4697265625 0.03125 0.041015625
11 0.42109375 0.416015625 0.0078125 0.015625
2 0.21796875 0.4638671875 0.0234375 0.033203125
2 0.090625 0.470703125 0.028125 0.04296875
2 0.0703125 0.470703125 0.015625 0.0390625
10 0.12578125 0.490234375 0.0109375 0.03515625
