2 0.58984375 0.3564453125 0.0390625 0.044921875
2 0.53828125 0.359375 0.0296875 0.02734375
7 0.53359375 0.33984375 0.0203125 0.03125
7 0.51484375 0.3427734375 0.0109375 0.017578125
2 0.48359375 0.3505859375 0.0171875 0.017578125
2 0.028125 0.376953125 0.05625 0.03515625
2 0.14296875 0.365234375 0.0359375 0.01953125
2 0.23359375 0.357421875 0.0234375 0.015625
2 0.27734375 0.35546875 0.0109375 0.0078125
2 0.30234375 0.3515625 0.0140625 0.0078125
2 0.50390625 0.34765625 0.0078125 0.0078125
2 0.2625 0.35546875 0.009375 0.0078125
2 0.58984375 0.3564453125 0.0390625 0.044921875
2 0.53828125 0.359375 0.0296875 0.02734375
7 0.53359375 0.33984375 0.0203125 0.03125
7 0.51484375 0.3427734375 0.0109375 0.017578125
2 0.48359375 0.3505859375 0.0171875 0.017578125
2 0.028125 0.376953125 0.05625 0.03515625
2 0.14296875 0.365234375 0.0359375 0.01953125
2 0.23359375 0.357421875 0.0234375 0.015625
2 0.27734375 0.35546875 0.0109375 0.0078125
2 0.30234375 0.3515625 0.0140625 0.0078125
2 0.50390625 0.34765625 0.0078125 0.0078125
2 0.2625 0.35546875 0.009375 0.0078125
