2 0.79375 0.4287109375 0.240625 0.208984375
2 0.6125 0.3544921875 0.046875 0.052734375
2 0.54296875 0.3564453125 0.0296875 0.025390625
7 0.52890625 0.33984375 0.0171875 0.02734375
7 0.5015625 0.3408203125 0.009375 0.009765625
2 0.50390625 0.3466796875 0.0109375 0.009765625
2 0.490625 0.3525390625 0.015625 0.013671875
7 0.00546875 0.3544921875 0.0109375 0.091796875
2 0.17578125 0.3642578125 0.0421875 0.033203125
2 0.30546875 0.3525390625 0.0171875 0.017578125
2 0.346875 0.3515625 0.0125 0.01171875
7 0.1796875 0.3525390625 0.075 0.064453125
2 0.38125 0.3505859375 0.009375 0.009765625
2 0.2890625 0.35546875 0.01875 0.015625
2 0.36484375 0.3466796875 0.0140625 0.013671875
2 0.33828125 0.3505859375 0.0109375 0.013671875
2 0.24921875 0.359375 0.0234375 0.01953125
2 0.396875 0.3486328125 0.00625 0.005859375
2 0.4046875 0.3486328125 0.00625 0.005859375
7 0.34140625 0.33984375 0.0140625 0.0078125
2 0.79375 0.4287109375 0.240625 0.208984375
2 0.6125 0.3544921875 0.046875 0.052734375
2 0.54296875 0.3564453125 0.0296875 0.025390625
7 0.52890625 0.33984375 0.0171875 0.02734375
7 0.5015625 0.3408203125 0.009375 0.009765625
2 0.50390625 0.3466796875 0.0109375 0.009765625
2 0.490625 0.3525390625 0.015625 0.013671875
7 0.00546875 0.3544921875 0.0109375 0.091796875
2 0.17578125 0.3642578125 0.0421875 0.033203125
2 0.30546875 0.3525390625 0.0171875 0.017578125
2 0.346875 0.3515625 0.0125 0.01171875
7 0.1796875 0.3525390625 0.075 0.064453125
2 0.38125 0.3505859375 0.009375 0.009765625
2 0.2890625 0.35546875 0.01875 0.015625
2 0.36484375 0.3466796875 0.0140625 0.013671875
2 0.33828125 0.3505859375 0.0109375 0.013671875
2 0.24921875 0.359375 0.0234375 0.01953125
2 0.396875 0.3486328125 0.00625 0.005859375
2 0.4046875 0.3486328125 0.00625 0.005859375
7 0.34140625 0.33984375 0.0140625 0.0078125
