2 0.9453125 0.57421875 0.10625 0.2578125
2 0.68046875 0.4521484375 0.0453125 0.044921875
2 0.5796875 0.4462890625 0.0125 0.013671875
2 0.521875 0.4462890625 0.021875 0.021484375
0 0.48515625 0.4453125 0.0078125 0.03125
9 0.509375 0.28515625 0.0125 0.0390625
9 0.6125 0.2802734375 0.0125 0.041015625
11 0.5390625 0.2744140625 0.01875 0.029296875
11 0.696875 0.298828125 0.053125 0.01953125
11 0.23359375 0.3173828125 0.0234375 0.029296875
9 0.2203125 0.3759765625 0.009375 0.009765625
9 0.25703125 0.373046875 0.0078125 0.0078125
0 0.56328125 0.4716796875 0.0296875 0.068359375
0 0.24375 0.5146484375 0.040625 0.150390625
0 0.18125 0.5205078125 0.0375 0.162109375
9 0.13984375 0.2177734375 0.0140625 0.052734375
9 0.215625 0.25390625 0.0125 0.04296875
2 0.2703125 0.4609375 0.028125 0.03515625
11 0.23671875 0.388671875 0.0359375 0.01171875
0 0.05546875 0.50390625 0.0484375 0.12890625
2 0.14140625 0.482421875 0.0421875 0.0390625
2 0.33046875 0.45703125 0.0359375 0.03125
2 0.0171875 0.494140625 0.034375 0.0546875
11 0.9796875 0.359375 0.0375 0.05859375
11 0.9703125 0.3115234375 0.05625 0.025390625
9 0.915625 0.2890625 0.025 0.0234375
11 0.73671875 0.33984375 0.0171875 0.03515625
2 0.38828125 0.45703125 0.0109375 0.01953125
2 0.0921875 0.482421875 0.053125 0.04296875
0 0.865625 0.4638671875 0.021875 0.080078125
2 0.4640625 0.4375 0.015625 0.015625
2 0.40546875 0.4521484375 0.0265625 0.025390625
0 0.87578125 0.44140625 0.0171875 0.05859375
2 0.1640625 0.4765625 0.0125 0.03125
2 0.82890625 0.4287109375 0.0453125 0.025390625
2 0.290625 0.462890625 0.015625 0.01953125
0 0.06484375 0.462890625 0.0109375 0.02734375
2 0.9453125 0.57421875 0.10625 0.2578125
2 0.68046875 0.4521484375 0.0453125 0.044921875
2 0.5796875 0.4462890625 0.0125 0.013671875
2 0.521875 0.4462890625 0.021875 0.021484375
0 0.48515625 0.4453125 0.0078125 0.03125
9 0.509375 0.28515625 0.0125 0.0390625
9 0.6125 0.2802734375 0.0125 0.041015625
11 0.5390625 0.2744140625 0.01875 0.029296875
11 0.696875 0.298828125 0.053125 0.01953125
11 0.23359375 0.3173828125 0.0234375 0.029296875
9 0.2203125 0.3759765625 0.009375 0.009765625
9 0.25703125 0.373046875 0.0078125 0.0078125
0 0.56328125 0.4716796875 0.0296875 0.068359375
0 0.24375 0.5146484375 0.040625 0.150390625
0 0.18125 0.5205078125 0.0375 0.162109375
9 0.13984375 0.2177734375 0.0140625 0.052734375
9 0.215625 0.25390625 0.0125 0.04296875
2 0.2703125 0.4609375 0.028125 0.03515625
11 0.23671875 0.388671875 0.0359375 0.01171875
0 0.05546875 0.50390625 0.0484375 0.12890625
2 0.14140625 0.482421875 0.0421875 0.0390625
2 0.33046875 0.45703125 0.0359375 0.03125
2 0.0171875 0.494140625 0.034375 0.0546875
11 0.9796875 0.359375 0.0375 0.05859375
11 0.9703125 0.3115234375 0.05625 0.025390625
9 0.915625 0.2890625 0.025 0.0234375
11 0.73671875 0.33984375 0.0171875 0.03515625
2 0.38828125 0.45703125 0.0109375 0.01953125
2 0.0921875 0.482421875 0.053125 0.04296875
0 0.865625 0.4638671875 0.021875 0.080078125
2 0.4640625 0.4375 0.015625 0.015625
2 0.40546875 0.4521484375 0.0265625 0.025390625
0 0.87578125 0.44140625 0.0171875 0.05859375
2 0.1640625 0.4765625 0.0125 0.03125
2 0.82890625 0.4287109375 0.0453125 0.025390625
2 0.290625 0.462890625 0.015625 0.01953125
0 0.06484375 0.462890625 0.0109375 0.02734375
