2 0.51953125 0.6328125 0.0203125 0.0234375
2 0.52578125 0.6259765625 0.0171875 0.021484375
2 0.53984375 0.6201171875 0.0078125 0.009765625
2 0.54765625 0.6181640625 0.0078125 0.009765625
78 0.8390625 0.6376953125 0.04375 0.154296875
78 0.91875 0.591796875 0.159375 0.6875
2 0.51953125 0.6328125 0.0203125 0.0234375
2 0.52578125 0.6259765625 0.0171875 0.021484375
2 0.53984375 0.6201171875 0.0078125 0.009765625
2 0.54765625 0.6181640625 0.0078125 0.009765625
78 0.8390625 0.6376953125 0.04375 0.154296875
78 0.91875 0.591796875 0.159375 0.6875
