2 0.76953125 0.4228515625 0.2171875 0.197265625
2 0.61328125 0.3583984375 0.0484375 0.052734375
2 0.5421875 0.3603515625 0.03125 0.029296875
7 0.528125 0.341796875 0.015625 0.02734375
7 0.50234375 0.34375 0.0078125 0.01171875
2 0.5046875 0.3515625 0.009375 0.0078125
2 0.49140625 0.353515625 0.0171875 0.01953125
7 0.06953125 0.3564453125 0.1328125 0.087890625
2 0.0203125 0.3876953125 0.040625 0.041015625
2 0.25234375 0.3623046875 0.0265625 0.021484375
2 0.3328125 0.3544921875 0.015625 0.013671875
2 0.3671875 0.353515625 0.009375 0.0078125
7 0.23515625 0.3505859375 0.0546875 0.044921875
2 0.228125 0.3662109375 0.021875 0.017578125
2 0.3921875 0.349609375 0.009375 0.0078125
2 0.31796875 0.3564453125 0.0140625 0.013671875
2 0.37890625 0.349609375 0.0109375 0.01171875
2 0.35625 0.3525390625 0.0125 0.009765625
2 0.28671875 0.3603515625 0.0203125 0.017578125
2 0.40390625 0.349609375 0.0046875 0.00390625
2 0.41171875 0.349609375 0.0046875 0.00390625
7 0.35859375 0.34375 0.0140625 0.0078125
2 0.76953125 0.4228515625 0.2171875 0.197265625
2 0.61328125 0.3583984375 0.0484375 0.052734375
2 0.5421875 0.3603515625 0.03125 0.029296875
7 0.528125 0.341796875 0.015625 0.02734375
7 0.50234375 0.34375 0.0078125 0.01171875
2 0.5046875 0.3515625 0.009375 0.0078125
2 0.49140625 0.353515625 0.0171875 0.01953125
7 0.06953125 0.3564453125 0.1328125 0.087890625
2 0.0203125 0.3876953125 0.040625 0.041015625
2 0.25234375 0.3623046875 0.0265625 0.021484375
2 0.3328125 0.3544921875 0.015625 0.013671875
2 0.3671875 0.353515625 0.009375 0.0078125
7 0.23515625 0.3505859375 0.0546875 0.044921875
2 0.228125 0.3662109375 0.021875 0.017578125
2 0.3921875 0.349609375 0.009375 0.0078125
2 0.31796875 0.3564453125 0.0140625 0.013671875
2 0.37890625 0.349609375 0.0109375 0.01171875
2 0.35625 0.3525390625 0.0125 0.009765625
2 0.28671875 0.3603515625 0.0203125 0.017578125
2 0.40390625 0.349609375 0.0046875 0.00390625
2 0.41171875 0.349609375 0.0046875 0.00390625
7 0.35859375 0.34375 0.0140625 0.0078125
