2 0.75546875 0.4169921875 0.2046875 0.185546875
2 0.61328125 0.3583984375 0.0484375 0.052734375
2 0.54375 0.3603515625 0.03125 0.029296875
7 0.528125 0.341796875 0.015625 0.02734375
7 0.5015625 0.34375 0.009375 0.01171875
2 0.5046875 0.3515625 0.009375 0.0078125
2 0.49296875 0.353515625 0.0171875 0.01953125
7 0.1390625 0.3544921875 0.10625 0.080078125
2 0.12578125 0.3779296875 0.0453125 0.033203125
2 0.284375 0.357421875 0.025 0.0234375
2 0.34921875 0.353515625 0.0140625 0.015625
2 0.37578125 0.3525390625 0.0078125 0.009765625
7 0.2625 0.349609375 0.04375 0.04296875
2 0.26171875 0.359375 0.0203125 0.01953125
2 0.3984375 0.349609375 0.009375 0.0078125
2 0.334375 0.3544921875 0.015625 0.013671875
2 0.38671875 0.349609375 0.0109375 0.01171875
2 0.36640625 0.3525390625 0.0109375 0.009765625
2 0.30703125 0.357421875 0.0171875 0.015625
2 0.41484375 0.3486328125 0.0046875 0.005859375
2 0.42578125 0.34765625 0.0046875 0.00390625
7 0.3703125 0.3427734375 0.01875 0.009765625
2 0.75546875 0.4169921875 0.2046875 0.185546875
2 0.61328125 0.3583984375 0.0484375 0.052734375
2 0.54375 0.3603515625 0.03125 0.029296875
7 0.528125 0.341796875 0.015625 0.02734375
7 0.5015625 0.34375 0.009375 0.01171875
2 0.5046875 0.3515625 0.009375 0.0078125
2 0.49296875 0.353515625 0.0171875 0.01953125
7 0.1390625 0.3544921875 0.10625 0.080078125
2 0.12578125 0.3779296875 0.0453125 0.033203125
2 0.284375 0.357421875 0.025 0.0234375
2 0.34921875 0.353515625 0.0140625 0.015625
2 0.37578125 0.3525390625 0.0078125 0.009765625
7 0.2625 0.349609375 0.04375 0.04296875
2 0.26171875 0.359375 0.0203125 0.01953125
2 0.3984375 0.349609375 0.009375 0.0078125
2 0.334375 0.3544921875 0.015625 0.013671875
2 0.38671875 0.349609375 0.0109375 0.01171875
2 0.36640625 0.3525390625 0.0109375 0.009765625
2 0.30703125 0.357421875 0.0171875 0.015625
2 0.41484375 0.3486328125 0.0046875 0.005859375
2 0.42578125 0.34765625 0.0046875 0.00390625
7 0.3703125 0.3427734375 0.01875 0.009765625
