9 0.5203125 0.115234375 0.01875 0.0703125
9 0.8109375 0.111328125 0.021875 0.07421875
11 0.95625 0.142578125 0.084375 0.04296875
0 0.7328125 0.439453125 0.028125 0.1015625
2 0.48046875 0.4287109375 0.1234375 0.087890625
2 0.35625 0.42578125 0.0875 0.05859375
2 0.12890625 0.4248046875 0.0953125 0.099609375
2 0.303125 0.4228515625 0.05 0.044921875
0 0.259375 0.3955078125 0.009375 0.013671875
10 0.6921875 0.4580078125 0.01875 0.056640625
2 0.26171875 0.4208984375 0.0484375 0.037109375
9 0.0359375 0.318359375 0.0125 0.015625
11 0.0171875 0.2060546875 0.034375 0.029296875
11 0.034375 0.267578125 0.021875 0.05859375
2 0.07265625 0.4296875 0.0234375 0.05859375
11 0.46640625 0.3603515625 0.0078125 0.017578125
2 0.23359375 0.4189453125 0.0359375 0.037109375
10 0.06796875 0.4677734375 0.0109375 0.029296875
2 0.2046875 0.408203125 0.046875 0.046875
11 0.040625 0.3486328125 0.01875 0.013671875
9 0.5203125 0.115234375 0.01875 0.0703125
9 0.8109375 0.111328125 0.021875 0.07421875
11 0.95625 0.142578125 0.084375 0.04296875
0 0.7328125 0.439453125 0.028125 0.1015625
2 0.48046875 0.4287109375 0.1234375 0.087890625
2 0.35625 0.42578125 0.0875 0.05859375
2 0.12890625 0.4248046875 0.0953125 0.099609375
2 0.303125 0.4228515625 0.05 0.044921875
0 0.259375 0.3955078125 0.009375 0.013671875
10 0.6921875 0.4580078125 0.01875 0.056640625
2 0.26171875 0.4208984375 0.0484375 0.037109375
9 0.0359375 0.318359375 0.0125 0.015625
11 0.0171875 0.2060546875 0.034375 0.029296875
11 0.034375 0.267578125 0.021875 0.05859375
2 0.07265625 0.4296875 0.0234375 0.05859375
11 0.46640625 0.3603515625 0.0078125 0.017578125
2 0.23359375 0.4189453125 0.0359375 0.037109375
10 0.06796875 0.4677734375 0.0109375 0.029296875
2 0.2046875 0.408203125 0.046875 0.046875
11 0.040625 0.3486328125 0.01875 0.013671875
