2 0.9265625 0.5830078125 0.14375 0.318359375
2 0.834375 0.49609375 0.1875 0.1875
2 0.6859375 0.478515625 0.046875 0.09375
2 0.64921875 0.44921875 0.0328125 0.03515625
2 0.57734375 0.4521484375 0.0109375 0.013671875
2 0.56015625 0.451171875 0.0140625 0.01171875
2 0.525 0.4482421875 0.01875 0.021484375
0 0.50078125 0.4482421875 0.0078125 0.025390625
2 0.33046875 0.4619140625 0.0203125 0.025390625
2 0.30234375 0.46484375 0.0171875 0.02734375
9 0.525 0.3408203125 0.00625 0.025390625
9 0.5921875 0.3388671875 0.00625 0.025390625
11 0.54609375 0.3330078125 0.0109375 0.017578125
11 0.646875 0.3486328125 0.034375 0.013671875
11 0.35234375 0.365234375 0.0140625 0.01953125
9 0.34375 0.3994140625 0.00625 0.005859375
9 0.365625 0.3994140625 0.00625 0.005859375
11 0.3546875 0.4384765625 0.009375 0.013671875
0 0.4375 0.4609375 0.0125 0.04296875
0 0.27890625 0.4697265625 0.0234375 0.064453125
0 0.259375 0.4697265625 0.021875 0.064453125
9 0.32265625 0.3173828125 0.0078125 0.029296875
9 0.34921875 0.3291015625 0.0078125 0.025390625
2 0.71640625 0.482421875 0.0578125 0.11328125
2 0.22421875 0.4755859375 0.0296875 0.033203125
2 0.3984375 0.4580078125 0.021875 0.021484375
2 0.37109375 0.462890625 0.0234375 0.0234375
2 0.1890625 0.4794921875 0.040625 0.037109375
11 0.35390625 0.408203125 0.0203125 0.0078125
2 0.315625 0.46484375 0.015625 0.0234375
0 0.16484375 0.4697265625 0.0109375 0.044921875
0 0.24453125 0.4716796875 0.0171875 0.064453125
0 0.13125 0.4775390625 0.015625 0.052734375
2 0.9265625 0.5830078125 0.14375 0.318359375
2 0.834375 0.49609375 0.1875 0.1875
2 0.6859375 0.478515625 0.046875 0.09375
2 0.64921875 0.44921875 0.0328125 0.03515625
2 0.57734375 0.4521484375 0.0109375 0.013671875
2 0.56015625 0.451171875 0.0140625 0.01171875
2 0.525 0.4482421875 0.01875 0.021484375
0 0.50078125 0.4482421875 0.0078125 0.025390625
2 0.33046875 0.4619140625 0.0203125 0.025390625
2 0.30234375 0.46484375 0.0171875 0.02734375
9 0.525 0.3408203125 0.00625 0.025390625
9 0.5921875 0.3388671875 0.00625 0.025390625
11 0.54609375 0.3330078125 0.0109375 0.017578125
11 0.646875 0.3486328125 0.034375 0.013671875
11 0.35234375 0.365234375 0.0140625 0.01953125
9 0.34375 0.3994140625 0.00625 0.005859375
9 0.365625 0.3994140625 0.00625 0.005859375
11 0.3546875 0.4384765625 0.009375 0.013671875
0 0.4375 0.4609375 0.0125 0.04296875
0 0.27890625 0.4697265625 0.0234375 0.064453125
0 0.259375 0.4697265625 0.021875 0.064453125
9 0.32265625 0.3173828125 0.0078125 0.029296875
9 0.34921875 0.3291015625 0.0078125 0.025390625
2 0.71640625 0.482421875 0.0578125 0.11328125
2 0.22421875 0.4755859375 0.0296875 0.033203125
2 0.3984375 0.4580078125 0.021875 0.021484375
2 0.37109375 0.462890625 0.0234375 0.0234375
2 0.1890625 0.4794921875 0.040625 0.037109375
11 0.35390625 0.408203125 0.0203125 0.0078125
2 0.315625 0.46484375 0.015625 0.0234375
0 0.16484375 0.4697265625 0.0109375 0.044921875
0 0.24453125 0.4716796875 0.0171875 0.064453125
0 0.13125 0.4775390625 0.015625 0.052734375
