2 0.58515625 0.357421875 0.0390625 0.04296875
2 0.52890625 0.361328125 0.0296875 0.02734375
7 0.53828125 0.33984375 0.0171875 0.0234375
7 0.51484375 0.3486328125 0.0109375 0.017578125
2 0.4875 0.35546875 0.015625 0.01953125
2 0.50078125 0.3525390625 0.0109375 0.009765625
7 0.03828125 0.357421875 0.0765625 0.078125
2 0.08828125 0.3701171875 0.0359375 0.025390625
2 0.1296875 0.3671875 0.046875 0.02734375
2 0.25390625 0.357421875 0.0296875 0.01953125
2 0.2984375 0.35546875 0.021875 0.015625
2 0.32421875 0.3544921875 0.0109375 0.009765625
2 0.353125 0.3525390625 0.0125 0.009765625
2 0.3859375 0.353515625 0.009375 0.0078125
2 0.221875 0.3642578125 0.021875 0.013671875
2 0.58515625 0.357421875 0.0390625 0.04296875
2 0.52890625 0.361328125 0.0296875 0.02734375
7 0.53828125 0.33984375 0.0171875 0.0234375
7 0.51484375 0.3486328125 0.0109375 0.017578125
2 0.4875 0.35546875 0.015625 0.01953125
2 0.50078125 0.3525390625 0.0109375 0.009765625
7 0.03828125 0.357421875 0.0765625 0.078125
2 0.08828125 0.3701171875 0.0359375 0.025390625
2 0.1296875 0.3671875 0.046875 0.02734375
2 0.25390625 0.357421875 0.0296875 0.01953125
2 0.2984375 0.35546875 0.021875 0.015625
2 0.32421875 0.3544921875 0.0109375 0.009765625
2 0.353125 0.3525390625 0.0125 0.009765625
2 0.3859375 0.353515625 0.009375 0.0078125
2 0.221875 0.3642578125 0.021875 0.013671875
