0 0.70625 0.3779296875 0.01875 0.076171875
0 0.6671875 0.3818359375 0.01875 0.072265625
0 0.59140625 0.375 0.0171875 0.05859375
2 0.40234375 0.3837890625 0.0453125 0.048828125
2 0.42578125 0.3759765625 0.0234375 0.037109375
2 0.45703125 0.3671875 0.0140625 0.0234375
2 0.48203125 0.3779296875 0.0359375 0.037109375
2 0.56015625 0.380859375 0.0359375 0.0390625
2 0.53828125 0.375 0.0234375 0.03125
11 0.2703125 0.146484375 0.0375 0.046875
9 0.425 0.158203125 0.015625 0.05078125
9 0.440625 0.1572265625 0.015625 0.048828125
9 0.40859375 0.1591796875 0.0140625 0.048828125
9 0.05625 0.1279296875 0.015625 0.048828125
9 0.03984375 0.1279296875 0.0171875 0.048828125
9 0.02265625 0.1279296875 0.0171875 0.048828125
2 0.309375 0.3779296875 0.01875 0.041015625
2 0.496875 0.373046875 0.021875 0.03125
9 0.46796875 0.3125 0.0046875 0.01171875
3 0.27265625 0.3876953125 0.0203125 0.033203125
0 0.03515625 0.41015625 0.0265625 0.05859375
11 0.91640625 0.3115234375 0.0578125 0.064453125
11 0.91484375 0.2080078125 0.0578125 0.025390625
9 0.93046875 0.24609375 0.0265625 0.02734375
2 0.1765625 0.3984375 0.053125 0.04296875
9 0.6578125 0.28515625 0.0125 0.015625
2 0.5109375 0.3671875 0.015625 0.01953125
9 0.88984375 0.24609375 0.0296875 0.02734375
0 0.078125 0.3896484375 0.0125 0.037109375
0 0.121875 0.376953125 0.0125 0.015625
2 0.3671875 0.3740234375 0.034375 0.041015625
11 0.6578125 0.3193359375 0.021875 0.025390625
3 0.45 0.380859375 0.0125 0.02734375
0 0.45 0.375 0.015625 0.03515625
10 0.909375 0.40234375 0.0125 0.02734375
0 0.15078125 0.384765625 0.0109375 0.03515625
0 0.09140625 0.3896484375 0.0109375 0.013671875
0 0.09921875 0.3876953125 0.0109375 0.013671875
0 0.7453125 0.37890625 0.015625 0.0625
3 0.0390625 0.42578125 0.065625 0.05078125
0 0.2734375 0.3818359375 0.0125 0.037109375
2 0.33203125 0.37890625 0.0515625 0.0546875
0 0.70625 0.3779296875 0.01875 0.076171875
0 0.6671875 0.3818359375 0.01875 0.072265625
0 0.59140625 0.375 0.0171875 0.05859375
2 0.40234375 0.3837890625 0.0453125 0.048828125
2 0.42578125 0.3759765625 0.0234375 0.037109375
2 0.45703125 0.3671875 0.0140625 0.0234375
2 0.48203125 0.3779296875 0.0359375 0.037109375
2 0.56015625 0.380859375 0.0359375 0.0390625
2 0.53828125 0.375 0.0234375 0.03125
11 0.2703125 0.146484375 0.0375 0.046875
9 0.425 0.158203125 0.015625 0.05078125
9 0.440625 0.1572265625 0.015625 0.048828125
9 0.40859375 0.1591796875 0.0140625 0.048828125
9 0.05625 0.1279296875 0.015625 0.048828125
9 0.03984375 0.1279296875 0.0171875 0.048828125
9 0.02265625 0.1279296875 0.0171875 0.048828125
2 0.309375 0.3779296875 0.01875 0.041015625
2 0.496875 0.373046875 0.021875 0.03125
9 0.46796875 0.3125 0.0046875 0.01171875
3 0.27265625 0.3876953125 0.0203125 0.033203125
0 0.03515625 0.41015625 0.0265625 0.05859375
11 0.91640625 0.3115234375 0.0578125 0.064453125
11 0.91484375 0.2080078125 0.0578125 0.025390625
9 0.93046875 0.24609375 0.0265625 0.02734375
2 0.1765625 0.3984375 0.053125 0.04296875
9 0.6578125 0.28515625 0.0125 0.015625
2 0.5109375 0.3671875 0.015625 0.01953125
9 0.88984375 0.24609375 0.0296875 0.02734375
0 0.078125 0.3896484375 0.0125 0.037109375
0 0.121875 0.376953125 0.0125 0.015625
2 0.3671875 0.3740234375 0.034375 0.041015625
11 0.6578125 0.3193359375 0.021875 0.025390625
3 0.45 0.380859375 0.0125 0.02734375
0 0.45 0.375 0.015625 0.03515625
10 0.909375 0.40234375 0.0125 0.02734375
0 0.15078125 0.384765625 0.0109375 0.03515625
0 0.09140625 0.3896484375 0.0109375 0.013671875
0 0.09921875 0.3876953125 0.0109375 0.013671875
0 0.7453125 0.37890625 0.015625 0.0625
3 0.0390625 0.42578125 0.065625 0.05078125
0 0.2734375 0.3818359375 0.0125 0.037109375
2 0.33203125 0.37890625 0.0515625 0.0546875
