2 0.3953125 0.634765625 0.090625 0.0859375
2 0.525 0.6298828125 0.01875 0.021484375
7 0.9453125 0.5966796875 0.10625 0.302734375
7 0.75859375 0.6220703125 0.0796875 0.138671875
7 0.66953125 0.6201171875 0.0578125 0.076171875
7 0.59453125 0.623046875 0.0296875 0.05078125
7 0.62109375 0.6220703125 0.0265625 0.048828125
2 0.5484375 0.6298828125 0.0125 0.013671875
7 0.85390625 0.64453125 0.1390625 0.15234375
2 0.3953125 0.634765625 0.090625 0.0859375
2 0.525 0.6298828125 0.01875 0.021484375
7 0.9453125 0.5966796875 0.10625 0.302734375
7 0.75859375 0.6220703125 0.0796875 0.138671875
7 0.66953125 0.6201171875 0.0578125 0.076171875
7 0.59453125 0.623046875 0.0296875 0.05078125
7 0.62109375 0.6220703125 0.0265625 0.048828125
2 0.5484375 0.6298828125 0.0125 0.013671875
7 0.85390625 0.64453125 0.1390625 0.15234375
