0 0.73828125 0.3740234375 0.0203125 0.083984375
0 0.6921875 0.380859375 0.021875 0.08203125
0 0.60625 0.373046875 0.01875 0.06640625
2 0.40078125 0.37890625 0.0515625 0.05078125
2 0.42734375 0.3720703125 0.0234375 0.037109375
2 0.45859375 0.359375 0.0140625 0.0234375
2 0.48515625 0.373046875 0.0390625 0.0390625
2 0.5671875 0.375 0.040625 0.0390625
2 0.54140625 0.3701171875 0.0234375 0.033203125
11 0.23515625 0.1025390625 0.0421875 0.060546875
9 0.4171875 0.115234375 0.015625 0.0546875
9 0.43984375 0.1181640625 0.0109375 0.052734375
9 0.39609375 0.1220703125 0.0109375 0.052734375
0 0.7796875 0.3798828125 0.01875 0.072265625
2 0.4984375 0.3681640625 0.021875 0.033203125
9 0.4703125 0.3046875 0.00625 0.015625
3 0.24609375 0.3876953125 0.0234375 0.037109375
2 0.15546875 0.3955078125 0.0578125 0.044921875
2 0.51171875 0.3603515625 0.0140625 0.021484375
9 0.9921875 0.21484375 0.0125 0.04296875
0 0.04296875 0.3857421875 0.0140625 0.037109375
0 0.09375 0.373046875 0.0125 0.015625
2 0.353125 0.3701171875 0.040625 0.044921875
11 0.67734375 0.3037109375 0.0296875 0.041015625
10 0.96171875 0.404296875 0.0140625 0.03125
0 0.246875 0.3759765625 0.01875 0.041015625
0 0.06484375 0.3857421875 0.0109375 0.013671875
0 0.0734375 0.3828125 0.009375 0.01171875
1 0.1125 0.4072265625 0.015625 0.021484375
9 0.68046875 0.2705078125 0.0109375 0.013671875
9 0.4203125 0.3017578125 0.00625 0.013671875
2 0.3078125 0.3779296875 0.065625 0.060546875
3 0.45078125 0.3681640625 0.0109375 0.021484375
0 0.45078125 0.3623046875 0.0109375 0.025390625
0 0.73828125 0.3740234375 0.0203125 0.083984375
0 0.6921875 0.380859375 0.021875 0.08203125
0 0.60625 0.373046875 0.01875 0.06640625
2 0.40078125 0.37890625 0.0515625 0.05078125
2 0.42734375 0.3720703125 0.0234375 0.037109375
2 0.45859375 0.359375 0.0140625 0.0234375
2 0.48515625 0.373046875 0.0390625 0.0390625
2 0.5671875 0.375 0.040625 0.0390625
2 0.54140625 0.3701171875 0.0234375 0.033203125
11 0.23515625 0.1025390625 0.0421875 0.060546875
9 0.4171875 0.115234375 0.015625 0.0546875
9 0.43984375 0.1181640625 0.0109375 0.052734375
9 0.39609375 0.1220703125 0.0109375 0.052734375
0 0.7796875 0.3798828125 0.01875 0.072265625
2 0.4984375 0.3681640625 0.021875 0.033203125
9 0.4703125 0.3046875 0.00625 0.015625
3 0.24609375 0.3876953125 0.0234375 0.037109375
2 0.15546875 0.3955078125 0.0578125 0.044921875
2 0.51171875 0.3603515625 0.0140625 0.021484375
9 0.9921875 0.21484375 0.0125 0.04296875
0 0.04296875 0.3857421875 0.0140625 0.037109375
0 0.09375 0.373046875 0.0125 0.015625
2 0.353125 0.3701171875 0.040625 0.044921875
11 0.67734375 0.3037109375 0.0296875 0.041015625
10 0.96171875 0.404296875 0.0140625 0.03125
0 0.246875 0.3759765625 0.01875 0.041015625
0 0.06484375 0.3857421875 0.0109375 0.013671875
0 0.0734375 0.3828125 0.009375 0.01171875
1 0.1125 0.4072265625 0.015625 0.021484375
9 0.68046875 0.2705078125 0.0109375 0.013671875
9 0.4203125 0.3017578125 0.00625 0.013671875
2 0.3078125 0.3779296875 0.065625 0.060546875
3 0.45078125 0.3681640625 0.0109375 0.021484375
0 0.45078125 0.3623046875 0.0109375 0.025390625
