2 0.334375 0.39453125 0.096875 0.0859375
2 0.56640625 0.37109375 0.0453125 0.04296875
2 0.50859375 0.435546875 0.1609375 0.1484375
2 0.40859375 0.3671875 0.0484375 0.046875
2 0.2640625 0.37890625 0.078125 0.078125
2 0.18671875 0.3759765625 0.0609375 0.052734375
2 0.459375 0.3525390625 0.021875 0.021484375
3 0.4578125 0.361328125 0.009375 0.015625
0 0.4578125 0.3544921875 0.009375 0.021484375
0 0.43046875 0.3544921875 0.0078125 0.017578125
3 0.43046875 0.359375 0.0078125 0.015625
9 0.43515625 0.138671875 0.0140625 0.05859375
9 0.4109375 0.1357421875 0.015625 0.052734375
9 0.38828125 0.1396484375 0.0140625 0.056640625
0 0.82890625 0.3828125 0.0265625 0.0859375
0 0.90703125 0.4052734375 0.0265625 0.111328125
0 0.8484375 0.3798828125 0.025 0.087890625
9 0.1875 0.185546875 0.0125 0.0390625
9 0.2046875 0.1884765625 0.0125 0.037109375
9 0.17421875 0.1845703125 0.0109375 0.037109375
0 0.1125 0.384765625 0.015625 0.02734375
2 0.5484375 0.353515625 0.034375 0.0234375
11 0.1390625 0.3349609375 0.00625 0.009765625
11 0.1390625 0.34765625 0.00625 0.01171875
2 0.4359375 0.3544921875 0.00625 0.013671875
2 0.4921875 0.353515625 0.028125 0.015625
2 0.5234375 0.353515625 0.015625 0.015625
0 0.234375 0.3603515625 0.00625 0.025390625
0 0.2390625 0.3525390625 0.00625 0.017578125
2 0.4734375 0.3544921875 0.00625 0.013671875
0 0.228125 0.3583984375 0.00625 0.025390625
2 0.37890625 0.3603515625 0.0234375 0.029296875
9 0.83671875 0.26953125 0.0140625 0.01953125
0 0.14765625 0.373046875 0.0078125 0.03125
0 0.0703125 0.375 0.015625 0.0390625
3 0.22265625 0.384765625 0.0140625 0.02734375
11 0.1140625 0.3251953125 0.028125 0.005859375
11 0.1140625 0.318359375 0.03125 0.0078125
2 0.334375 0.39453125 0.096875 0.0859375
2 0.56640625 0.37109375 0.0453125 0.04296875
2 0.50859375 0.435546875 0.1609375 0.1484375
2 0.40859375 0.3671875 0.0484375 0.046875
2 0.2640625 0.37890625 0.078125 0.078125
2 0.18671875 0.3759765625 0.0609375 0.052734375
2 0.459375 0.3525390625 0.021875 0.021484375
3 0.4578125 0.361328125 0.009375 0.015625
0 0.4578125 0.3544921875 0.009375 0.021484375
0 0.43046875 0.3544921875 0.0078125 0.017578125
3 0.43046875 0.359375 0.0078125 0.015625
9 0.43515625 0.138671875 0.0140625 0.05859375
9 0.4109375 0.1357421875 0.015625 0.052734375
9 0.38828125 0.1396484375 0.0140625 0.056640625
0 0.82890625 0.3828125 0.0265625 0.0859375
0 0.90703125 0.4052734375 0.0265625 0.111328125
0 0.8484375 0.3798828125 0.025 0.087890625
9 0.1875 0.185546875 0.0125 0.0390625
9 0.2046875 0.1884765625 0.0125 0.037109375
9 0.17421875 0.1845703125 0.0109375 0.037109375
0 0.1125 0.384765625 0.015625 0.02734375
2 0.5484375 0.353515625 0.034375 0.0234375
11 0.1390625 0.3349609375 0.00625 0.009765625
11 0.1390625 0.34765625 0.00625 0.01171875
2 0.4359375 0.3544921875 0.00625 0.013671875
2 0.4921875 0.353515625 0.028125 0.015625
2 0.5234375 0.353515625 0.015625 0.015625
0 0.234375 0.3603515625 0.00625 0.025390625
0 0.2390625 0.3525390625 0.00625 0.017578125
2 0.4734375 0.3544921875 0.00625 0.013671875
0 0.228125 0.3583984375 0.00625 0.025390625
2 0.37890625 0.3603515625 0.0234375 0.029296875
9 0.83671875 0.26953125 0.0140625 0.01953125
0 0.14765625 0.373046875 0.0078125 0.03125
0 0.0703125 0.375 0.015625 0.0390625
3 0.22265625 0.384765625 0.0140625 0.02734375
11 0.1140625 0.3251953125 0.028125 0.005859375
11 0.1140625 0.318359375 0.03125 0.0078125
