9 0.50703125 0.306640625 0.0078125 0.03125
9 0.6328125 0.3056640625 0.009375 0.033203125
11 0.7015625 0.318359375 0.04375 0.01953125
0 0.6015625 0.44921875 0.0125 0.046875
0 0.50546875 0.4501953125 0.0046875 0.033203125
2 0.47265625 0.4453125 0.0671875 0.046875
2 0.39140625 0.447265625 0.0578125 0.03515625
2 0.28984375 0.5048828125 0.1546875 0.142578125
2 0.15234375 0.5625 0.2734375 0.18359375
2 0.2828125 0.4267578125 0.059375 0.017578125
2 0.12421875 0.447265625 0.1296875 0.05078125
11 0.24375 0.375 0.034375 0.05078125
9 0.86640625 0.2578125 0.0171875 0.046875
9 0.8421875 0.2666015625 0.0125 0.044921875
9 0.7453125 0.3759765625 0.00625 0.013671875
11 0.9109375 0.259765625 0.028125 0.03515625
11 0.1265625 0.392578125 0.015625 0.015625
9 0.14765625 0.3583984375 0.0109375 0.029296875
2 0.0578125 0.4658203125 0.115625 0.060546875
9 0.1171875 0.3623046875 0.0125 0.037109375
2 0.03515625 0.4990234375 0.0703125 0.068359375
2 0.00703125 0.51171875 0.0140625 0.078125
2 0.228125 0.43359375 0.015625 0.015625
2 0.35234375 0.4453125 0.0390625 0.03125
2 0.96328125 0.6982421875 0.0703125 0.201171875
0 0.31796875 0.427734375 0.0078125 0.01171875
9 0.50703125 0.306640625 0.0078125 0.03125
9 0.6328125 0.3056640625 0.009375 0.033203125
11 0.7015625 0.318359375 0.04375 0.01953125
0 0.6015625 0.44921875 0.0125 0.046875
0 0.50546875 0.4501953125 0.0046875 0.033203125
2 0.47265625 0.4453125 0.0671875 0.046875
2 0.39140625 0.447265625 0.0578125 0.03515625
2 0.28984375 0.5048828125 0.1546875 0.142578125
2 0.15234375 0.5625 0.2734375 0.18359375
2 0.2828125 0.4267578125 0.059375 0.017578125
2 0.12421875 0.447265625 0.1296875 0.05078125
11 0.24375 0.375 0.034375 0.05078125
9 0.86640625 0.2578125 0.0171875 0.046875
9 0.8421875 0.2666015625 0.0125 0.044921875
9 0.7453125 0.3759765625 0.00625 0.013671875
11 0.9109375 0.259765625 0.028125 0.03515625
11 0.1265625 0.392578125 0.015625 0.015625
9 0.14765625 0.3583984375 0.0109375 0.029296875
2 0.0578125 0.4658203125 0.115625 0.060546875
9 0.1171875 0.3623046875 0.0125 0.037109375
2 0.03515625 0.4990234375 0.0703125 0.068359375
2 0.00703125 0.51171875 0.0140625 0.078125
2 0.228125 0.43359375 0.015625 0.015625
2 0.35234375 0.4453125 0.0390625 0.03125
2 0.96328125 0.6982421875 0.0703125 0.201171875
0 0.31796875 0.427734375 0.0078125 0.01171875
