2 0.75390625 0.5087890625 0.0703125 0.064453125
9 0.4796875 0.201171875 0.01875 0.078125
9 0.68359375 0.185546875 0.0234375 0.078125
11 0.84453125 0.22265625 0.1078125 0.04296875
11 0.9265625 0.306640625 0.040625 0.06640625
0 0.984375 0.5576171875 0.028125 0.138671875
0 0.9703125 0.521484375 0.0375 0.12109375
2 0.57890625 0.5087890625 0.0421875 0.048828125
11 0.64765625 0.4306640625 0.0171875 0.029296875
2 0.06875 0.5556640625 0.08125 0.080078125
0 0.48515625 0.4970703125 0.0109375 0.037109375
2 0.13515625 0.5224609375 0.0484375 0.041015625
2 0.32578125 0.5068359375 0.0390625 0.025390625
2 0.17265625 0.525390625 0.0359375 0.03515625
2 0.20078125 0.515625 0.0421875 0.04296875
2 0.2328125 0.5146484375 0.028125 0.033203125
2 0.90234375 0.4873046875 0.0515625 0.037109375
9 0.32421875 0.40625 0.0046875 0.01953125
11 0.359375 0.40625 0.025 0.01171875
11 0.37109375 0.458984375 0.0203125 0.0078125
9 0.32109375 0.4521484375 0.0046875 0.017578125
2 0.08984375 0.52734375 0.0578125 0.04296875
2 0.021875 0.5400390625 0.04375 0.056640625
2 0.98671875 0.4755859375 0.0234375 0.033203125
2 0.75390625 0.5087890625 0.0703125 0.064453125
9 0.4796875 0.201171875 0.01875 0.078125
9 0.68359375 0.185546875 0.0234375 0.078125
11 0.84453125 0.22265625 0.1078125 0.04296875
11 0.9265625 0.306640625 0.040625 0.06640625
0 0.984375 0.5576171875 0.028125 0.138671875
0 0.9703125 0.521484375 0.0375 0.12109375
2 0.57890625 0.5087890625 0.0421875 0.048828125
11 0.64765625 0.4306640625 0.0171875 0.029296875
2 0.06875 0.5556640625 0.08125 0.080078125
0 0.48515625 0.4970703125 0.0109375 0.037109375
2 0.13515625 0.5224609375 0.0484375 0.041015625
2 0.32578125 0.5068359375 0.0390625 0.025390625
2 0.17265625 0.525390625 0.0359375 0.03515625
2 0.20078125 0.515625 0.0421875 0.04296875
2 0.2328125 0.5146484375 0.028125 0.033203125
2 0.90234375 0.4873046875 0.0515625 0.037109375
9 0.32421875 0.40625 0.0046875 0.01953125
11 0.359375 0.40625 0.025 0.01171875
11 0.37109375 0.458984375 0.0203125 0.0078125
9 0.32109375 0.4521484375 0.0046875 0.017578125
2 0.08984375 0.52734375 0.0578125 0.04296875
2 0.021875 0.5400390625 0.04375 0.056640625
2 0.98671875 0.4755859375 0.0234375 0.033203125
