9 0.53359375 0.1123046875 0.0234375 0.076171875
9 0.83515625 0.1044921875 0.0234375 0.076171875
11 0.9703125 0.138671875 0.05625 0.04296875
0 0.753125 0.451171875 0.03125 0.10546875
2 0.49140625 0.4375 0.1265625 0.08984375
2 0.3640625 0.435546875 0.090625 0.0546875
2 0.13046875 0.4375 0.0953125 0.1015625
2 0.3125 0.4326171875 0.053125 0.044921875
0 0.2671875 0.4052734375 0.009375 0.013671875
10 0.71015625 0.4677734375 0.0171875 0.060546875
2 0.2703125 0.431640625 0.05 0.0390625
9 0.03203125 0.3232421875 0.0109375 0.017578125
11 0.0140625 0.2041015625 0.028125 0.021484375
11 0.0328125 0.267578125 0.021875 0.05859375
2 0.06171875 0.443359375 0.0421875 0.0625
11 0.478125 0.369140625 0.009375 0.01953125
2 0.24140625 0.4287109375 0.0359375 0.037109375
10 0.06484375 0.478515625 0.0140625 0.03125
2 0.2140625 0.41796875 0.046875 0.04296875
11 0.034375 0.3505859375 0.01875 0.013671875
9 0.53359375 0.1123046875 0.0234375 0.076171875
9 0.83515625 0.1044921875 0.0234375 0.076171875
11 0.9703125 0.138671875 0.05625 0.04296875
0 0.753125 0.451171875 0.03125 0.10546875
2 0.49140625 0.4375 0.1265625 0.08984375
2 0.3640625 0.435546875 0.090625 0.0546875
2 0.13046875 0.4375 0.0953125 0.1015625
2 0.3125 0.4326171875 0.053125 0.044921875
0 0.2671875 0.4052734375 0.009375 0.013671875
10 0.71015625 0.4677734375 0.0171875 0.060546875
2 0.2703125 0.431640625 0.05 0.0390625
9 0.03203125 0.3232421875 0.0109375 0.017578125
11 0.0140625 0.2041015625 0.028125 0.021484375
11 0.0328125 0.267578125 0.021875 0.05859375
2 0.06171875 0.443359375 0.0421875 0.0625
11 0.478125 0.369140625 0.009375 0.01953125
2 0.24140625 0.4287109375 0.0359375 0.037109375
10 0.06484375 0.478515625 0.0140625 0.03125
2 0.2140625 0.41796875 0.046875 0.04296875
11 0.034375 0.3505859375 0.01875 0.013671875
