2 0.590625 0.3564453125 0.040625 0.044921875
2 0.53828125 0.359375 0.0296875 0.02734375
7 0.53203125 0.33984375 0.0203125 0.03125
7 0.51484375 0.3447265625 0.0109375 0.017578125
2 0.48359375 0.3525390625 0.0171875 0.017578125
2 0.10390625 0.369140625 0.0390625 0.02734375
2 0.1921875 0.36328125 0.028125 0.015625
2 0.26796875 0.357421875 0.0203125 0.01171875
2 0.2984375 0.35546875 0.009375 0.0078125
2 0.32109375 0.353515625 0.0140625 0.0078125
2 0.50390625 0.349609375 0.0078125 0.0078125
2 0.590625 0.3564453125 0.040625 0.044921875
2 0.53828125 0.359375 0.0296875 0.02734375
7 0.53203125 0.33984375 0.0203125 0.03125
7 0.51484375 0.3447265625 0.0109375 0.017578125
2 0.48359375 0.3525390625 0.0171875 0.017578125
2 0.10390625 0.369140625 0.0390625 0.02734375
2 0.1921875 0.36328125 0.028125 0.015625
2 0.26796875 0.357421875 0.0203125 0.01171875
2 0.2984375 0.35546875 0.009375 0.0078125
2 0.32109375 0.353515625 0.0140625 0.0078125
2 0.50390625 0.349609375 0.0078125 0.0078125
