2 0.596875 0.3564453125 0.04375 0.048828125
2 0.53828125 0.3603515625 0.0296875 0.029296875
7 0.5296875 0.3427734375 0.01875 0.029296875
7 0.50703125 0.345703125 0.0109375 0.015625
2 0.48671875 0.35546875 0.0171875 0.01953125
2 0.02109375 0.3916015625 0.0421875 0.041015625
2 0.246875 0.365234375 0.028125 0.0234375
2 0.30625 0.3564453125 0.021875 0.021484375
2 0.34296875 0.3544921875 0.0109375 0.009765625
2 0.209375 0.3681640625 0.021875 0.017578125
2 0.3578125 0.3515625 0.009375 0.0078125
2 0.28359375 0.359375 0.0203125 0.01953125
2 0.1046875 0.375 0.04375 0.03515625
2 0.3296875 0.357421875 0.0125 0.01171875
2 0.3703125 0.3505859375 0.00625 0.005859375
2 0.05546875 0.384765625 0.0359375 0.02734375
2 0.596875 0.3564453125 0.04375 0.048828125
2 0.53828125 0.3603515625 0.0296875 0.029296875
7 0.5296875 0.3427734375 0.01875 0.029296875
7 0.50703125 0.345703125 0.0109375 0.015625
2 0.48671875 0.35546875 0.0171875 0.01953125
2 0.02109375 0.3916015625 0.0421875 0.041015625
2 0.246875 0.365234375 0.028125 0.0234375
2 0.30625 0.3564453125 0.021875 0.021484375
2 0.34296875 0.3544921875 0.0109375 0.009765625
2 0.209375 0.3681640625 0.021875 0.017578125
2 0.3578125 0.3515625 0.009375 0.0078125
2 0.28359375 0.359375 0.0203125 0.01953125
2 0.1046875 0.375 0.04375 0.03515625
2 0.3296875 0.357421875 0.0125 0.01171875
2 0.3703125 0.3505859375 0.00625 0.005859375
2 0.05546875 0.384765625 0.0359375 0.02734375
