2 0.403125 0.63671875 0.08125 0.08203125
2 0.525 0.6318359375 0.01875 0.021484375
7 0.93828125 0.60546875 0.1203125 0.296875
7 0.75078125 0.6240234375 0.0765625 0.134765625
7 0.66640625 0.6240234375 0.0546875 0.076171875
7 0.59296875 0.625 0.0296875 0.05078125
7 0.61953125 0.6259765625 0.0265625 0.048828125
2 0.5484375 0.6318359375 0.0125 0.013671875
7 0.82890625 0.6435546875 0.1109375 0.150390625
2 0.403125 0.63671875 0.08125 0.08203125
2 0.525 0.6318359375 0.01875 0.021484375
7 0.93828125 0.60546875 0.1203125 0.296875
7 0.75078125 0.6240234375 0.0765625 0.134765625
7 0.66640625 0.6240234375 0.0546875 0.076171875
7 0.59296875 0.625 0.0296875 0.05078125
7 0.61953125 0.6259765625 0.0265625 0.048828125
2 0.5484375 0.6318359375 0.0125 0.013671875
7 0.82890625 0.6435546875 0.1109375 0.150390625
