0 0.67890625 0.3681640625 0.0171875 0.068359375
0 0.64296875 0.3720703125 0.0171875 0.064453125
0 0.58046875 0.3662109375 0.0171875 0.052734375
2 0.40390625 0.3759765625 0.0453125 0.044921875
2 0.425 0.3701171875 0.028125 0.033203125
2 0.45546875 0.361328125 0.0140625 0.0234375
2 0.48203125 0.3720703125 0.0359375 0.037109375
2 0.553125 0.3720703125 0.03125 0.037109375
2 0.53828125 0.3701171875 0.0234375 0.029296875
11 0.30078125 0.17578125 0.0296875 0.0390625
9 0.43125 0.181640625 0.0125 0.04296875
9 0.44453125 0.1826171875 0.0140625 0.041015625
9 0.41796875 0.1826171875 0.0140625 0.041015625
9 0.128125 0.1591796875 0.0125 0.044921875
9 0.11328125 0.16015625 0.0140625 0.046875
9 0.09609375 0.1572265625 0.0140625 0.044921875
2 0.3359375 0.3701171875 0.025 0.037109375
2 0.49375 0.3671875 0.025 0.03125
9 0.46796875 0.30859375 0.0046875 0.01171875
3 0.30078125 0.3837890625 0.0171875 0.029296875
0 0.1421875 0.396484375 0.021875 0.05078125
11 0.81171875 0.310546875 0.0421875 0.05078125
11 0.8140625 0.2333984375 0.046875 0.021484375
9 0.828125 0.263671875 0.01875 0.0234375
9 0.63359375 0.287109375 0.0078125 0.01171875
2 0.5109375 0.361328125 0.015625 0.01953125
9 0.79375 0.26171875 0.021875 0.0234375
10 0.11796875 0.4072265625 0.0078125 0.025390625
0 0.89296875 0.412109375 0.0421875 0.0703125
0 0.1171875 0.3837890625 0.0125 0.033203125
0 0.15234375 0.3720703125 0.0109375 0.013671875
2 0.37890625 0.3642578125 0.0234375 0.029296875
11 0.63359375 0.3115234375 0.0203125 0.025390625
3 0.4515625 0.369140625 0.009375 0.0234375
0 0.4515625 0.36328125 0.0125 0.02734375
10 0.8578125 0.3828125 0.0125 0.03515625
2 0.2015625 0.390625 0.05 0.0390625
3 0.14453125 0.40625 0.0421875 0.046875
0 0.7140625 0.369140625 0.015625 0.05859375
2 0.353125 0.373046875 0.04375 0.04296875
0 0.67890625 0.3681640625 0.0171875 0.068359375
0 0.64296875 0.3720703125 0.0171875 0.064453125
0 0.58046875 0.3662109375 0.0171875 0.052734375
2 0.40390625 0.3759765625 0.0453125 0.044921875
2 0.425 0.3701171875 0.028125 0.033203125
2 0.45546875 0.361328125 0.0140625 0.0234375
2 0.48203125 0.3720703125 0.0359375 0.037109375
2 0.553125 0.3720703125 0.03125 0.037109375
2 0.53828125 0.3701171875 0.0234375 0.029296875
11 0.30078125 0.17578125 0.0296875 0.0390625
9 0.43125 0.181640625 0.0125 0.04296875
9 0.44453125 0.1826171875 0.0140625 0.041015625
9 0.41796875 0.1826171875 0.0140625 0.041015625
9 0.128125 0.1591796875 0.0125 0.044921875
9 0.11328125 0.16015625 0.0140625 0.046875
9 0.09609375 0.1572265625 0.0140625 0.044921875
2 0.3359375 0.3701171875 0.025 0.037109375
2 0.49375 0.3671875 0.025 0.03125
9 0.46796875 0.30859375 0.0046875 0.01171875
3 0.30078125 0.3837890625 0.0171875 0.029296875
0 0.1421875 0.396484375 0.021875 0.05078125
11 0.81171875 0.310546875 0.0421875 0.05078125
11 0.8140625 0.2333984375 0.046875 0.021484375
9 0.828125 0.263671875 0.01875 0.0234375
9 0.63359375 0.287109375 0.0078125 0.01171875
2 0.5109375 0.361328125 0.015625 0.01953125
9 0.79375 0.26171875 0.021875 0.0234375
10 0.11796875 0.4072265625 0.0078125 0.025390625
0 0.89296875 0.412109375 0.0421875 0.0703125
0 0.1171875 0.3837890625 0.0125 0.033203125
0 0.15234375 0.3720703125 0.0109375 0.013671875
2 0.37890625 0.3642578125 0.0234375 0.029296875
11 0.63359375 0.3115234375 0.0203125 0.025390625
3 0.4515625 0.369140625 0.009375 0.0234375
0 0.4515625 0.36328125 0.0125 0.02734375
10 0.8578125 0.3828125 0.0125 0.03515625
2 0.2015625 0.390625 0.05 0.0390625
3 0.14453125 0.40625 0.0421875 0.046875
0 0.7140625 0.369140625 0.015625 0.05859375
2 0.353125 0.373046875 0.04375 0.04296875
