2 0.58671875 0.3544921875 0.0390625 0.044921875
2 0.53359375 0.3564453125 0.0296875 0.029296875
7 0.53515625 0.3330078125 0.0171875 0.017578125
7 0.51640625 0.3447265625 0.0109375 0.017578125
2 0.484375 0.3515625 0.015625 0.01953125
2 0.04296875 0.375 0.0328125 0.0234375
2 0.0765625 0.37109375 0.040625 0.01953125
2 0.503125 0.349609375 0.009375 0.0078125
2 0.01953125 0.3779296875 0.0265625 0.021484375
2 0.21015625 0.359375 0.0203125 0.015625
2 0.2828125 0.3515625 0.015625 0.01171875
7 0.3203125 0.3427734375 0.03125 0.029296875
2 0.35 0.349609375 0.009375 0.0078125
2 0.3609375 0.34765625 0.009375 0.0078125
2 0.13828125 0.365234375 0.0328125 0.01953125
2 0.58671875 0.3544921875 0.0390625 0.044921875
2 0.53359375 0.3564453125 0.0296875 0.029296875
7 0.53515625 0.3330078125 0.0171875 0.017578125
7 0.51640625 0.3447265625 0.0109375 0.017578125
2 0.484375 0.3515625 0.015625 0.01953125
2 0.04296875 0.375 0.0328125 0.0234375
2 0.0765625 0.37109375 0.040625 0.01953125
2 0.503125 0.349609375 0.009375 0.0078125
2 0.01953125 0.3779296875 0.0265625 0.021484375
2 0.21015625 0.359375 0.0203125 0.015625
2 0.2828125 0.3515625 0.015625 0.01171875
7 0.3203125 0.3427734375 0.03125 0.029296875
2 0.35 0.349609375 0.009375 0.0078125
2 0.3609375 0.34765625 0.009375 0.0078125
2 0.13828125 0.365234375 0.0328125 0.01953125
