2 0.5890625 0.3564453125 0.040625 0.044921875
2 0.53828125 0.361328125 0.0296875 0.02734375
7 0.53203125 0.34375 0.0203125 0.03125
7 0.51484375 0.345703125 0.0109375 0.01953125
2 0.48359375 0.3525390625 0.0171875 0.017578125
2 0.1296875 0.3671875 0.04375 0.0234375
2 0.20625 0.36328125 0.028125 0.015625
2 0.009375 0.3935546875 0.01875 0.041015625
2 0.27421875 0.357421875 0.0171875 0.01171875
2 0.303125 0.35546875 0.009375 0.0078125
2 0.3265625 0.3544921875 0.009375 0.005859375
2 0.50390625 0.3515625 0.0078125 0.0078125
2 0.5890625 0.3564453125 0.040625 0.044921875
2 0.53828125 0.361328125 0.0296875 0.02734375
7 0.53203125 0.34375 0.0203125 0.03125
7 0.51484375 0.345703125 0.0109375 0.01953125
2 0.48359375 0.3525390625 0.0171875 0.017578125
2 0.1296875 0.3671875 0.04375 0.0234375
2 0.20625 0.36328125 0.028125 0.015625
2 0.009375 0.3935546875 0.01875 0.041015625
2 0.27421875 0.357421875 0.0171875 0.01171875
2 0.303125 0.35546875 0.009375 0.0078125
2 0.3265625 0.3544921875 0.009375 0.005859375
2 0.50390625 0.3515625 0.0078125 0.0078125
