2 0.97265625 0.5986328125 0.0515625 0.279296875
2 0.76875 0.5068359375 0.10625 0.150390625
2 0.659375 0.455078125 0.0375 0.03515625
2 0.57578125 0.453125 0.0109375 0.01171875
2 0.51953125 0.451171875 0.0203125 0.0234375
0 0.49140625 0.4521484375 0.0046875 0.025390625
2 0.27109375 0.46875 0.0203125 0.0234375
9 0.5171875 0.3271484375 0.009375 0.033203125
9 0.596875 0.3232421875 0.009375 0.033203125
11 0.54140625 0.3173828125 0.0140625 0.021484375
11 0.6640625 0.3359375 0.040625 0.015625
11 0.3046875 0.3505859375 0.01875 0.021484375
9 0.29375 0.39453125 0.00625 0.0078125
9 0.32109375 0.392578125 0.0078125 0.0078125
0 0.46953125 0.47265625 0.0265625 0.05078125
0 0.25078125 0.4814453125 0.0234375 0.091796875
0 0.2265625 0.484375 0.03125 0.09375
9 0.2546875 0.283203125 0.009375 0.03515625
9 0.2953125 0.3037109375 0.009375 0.033203125
2 0.88828125 0.5322265625 0.2203125 0.216796875
2 0.109375 0.4912109375 0.084375 0.056640625
2 0.33203125 0.470703125 0.0296875 0.02734375
11 0.30625 0.4052734375 0.025 0.009765625
0 0.03671875 0.482421875 0.0140625 0.05078125
0 0.171875 0.486328125 0.025 0.078125
0 0.02734375 0.48828125 0.0171875 0.05859375
0 0.10703125 0.4599609375 0.0109375 0.017578125
2 0.2 0.4794921875 0.028125 0.029296875
2 0.38125 0.462890625 0.0125 0.015625
2 0.97265625 0.5986328125 0.0515625 0.279296875
2 0.76875 0.5068359375 0.10625 0.150390625
2 0.659375 0.455078125 0.0375 0.03515625
2 0.57578125 0.453125 0.0109375 0.01171875
2 0.51953125 0.451171875 0.0203125 0.0234375
0 0.49140625 0.4521484375 0.0046875 0.025390625
2 0.27109375 0.46875 0.0203125 0.0234375
9 0.5171875 0.3271484375 0.009375 0.033203125
9 0.596875 0.3232421875 0.009375 0.033203125
11 0.54140625 0.3173828125 0.0140625 0.021484375
11 0.6640625 0.3359375 0.040625 0.015625
11 0.3046875 0.3505859375 0.01875 0.021484375
9 0.29375 0.39453125 0.00625 0.0078125
9 0.32109375 0.392578125 0.0078125 0.0078125
0 0.46953125 0.47265625 0.0265625 0.05078125
0 0.25078125 0.4814453125 0.0234375 0.091796875
0 0.2265625 0.484375 0.03125 0.09375
9 0.2546875 0.283203125 0.009375 0.03515625
9 0.2953125 0.3037109375 0.009375 0.033203125
2 0.88828125 0.5322265625 0.2203125 0.216796875
2 0.109375 0.4912109375 0.084375 0.056640625
2 0.33203125 0.470703125 0.0296875 0.02734375
11 0.30625 0.4052734375 0.025 0.009765625
0 0.03671875 0.482421875 0.0140625 0.05078125
0 0.171875 0.486328125 0.025 0.078125
0 0.02734375 0.48828125 0.0171875 0.05859375
0 0.10703125 0.4599609375 0.0109375 0.017578125
2 0.2 0.4794921875 0.028125 0.029296875
2 0.38125 0.462890625 0.0125 0.015625
