2 0.796875 0.4306640625 0.24375 0.212890625
2 0.6125 0.3544921875 0.046875 0.048828125
2 0.54296875 0.35546875 0.0296875 0.02734375
7 0.528125 0.33984375 0.015625 0.02734375
7 0.503125 0.3388671875 0.009375 0.009765625
2 0.50390625 0.3466796875 0.0109375 0.009765625
2 0.490625 0.3515625 0.015625 0.015625
2 0.159375 0.3662109375 0.04375 0.041015625
2 0.3015625 0.353515625 0.01875 0.01953125
2 0.34375 0.3515625 0.0125 0.01171875
7 0.17109375 0.3515625 0.0765625 0.05859375
2 0.38125 0.3505859375 0.009375 0.009765625
2 0.28671875 0.3564453125 0.0203125 0.017578125
2 0.36484375 0.3466796875 0.0140625 0.013671875
2 0.33671875 0.3505859375 0.0109375 0.013671875
2 0.2421875 0.361328125 0.025 0.0234375
2 0.396875 0.3486328125 0.00625 0.005859375
2 0.4046875 0.3486328125 0.00625 0.005859375
7 0.33984375 0.33984375 0.0140625 0.0078125
2 0.796875 0.4306640625 0.24375 0.212890625
2 0.6125 0.3544921875 0.046875 0.048828125
2 0.54296875 0.35546875 0.0296875 0.02734375
7 0.528125 0.33984375 0.015625 0.02734375
7 0.503125 0.3388671875 0.009375 0.009765625
2 0.50390625 0.3466796875 0.0109375 0.009765625
2 0.490625 0.3515625 0.015625 0.015625
2 0.159375 0.3662109375 0.04375 0.041015625
2 0.3015625 0.353515625 0.01875 0.01953125
2 0.34375 0.3515625 0.0125 0.01171875
7 0.17109375 0.3515625 0.0765625 0.05859375
2 0.38125 0.3505859375 0.009375 0.009765625
2 0.28671875 0.3564453125 0.0203125 0.017578125
2 0.36484375 0.3466796875 0.0140625 0.013671875
2 0.33671875 0.3505859375 0.0109375 0.013671875
2 0.2421875 0.361328125 0.025 0.0234375
2 0.396875 0.3486328125 0.00625 0.005859375
2 0.4046875 0.3486328125 0.00625 0.005859375
7 0.33984375 0.33984375 0.0140625 0.0078125
