2 0.8109375 0.4384765625 0.259375 0.224609375
2 0.61171875 0.359375 0.0484375 0.05078125
2 0.54375 0.361328125 0.03125 0.02734375
7 0.52890625 0.341796875 0.0171875 0.02734375
7 0.503125 0.3427734375 0.009375 0.009765625
2 0.5046875 0.3505859375 0.0125 0.009765625
2 0.490625 0.353515625 0.015625 0.01953125
2 0.0859375 0.3779296875 0.05 0.044921875
2 0.278125 0.3583984375 0.021875 0.021484375
7 0.13203125 0.35546875 0.0890625 0.06640625
2 0.375 0.353515625 0.0125 0.01171875
2 0.2625 0.361328125 0.01875 0.01953125
2 0.35390625 0.3515625 0.0171875 0.015625
2 0.32734375 0.35546875 0.0171875 0.015625
2 0.2140625 0.365234375 0.028125 0.0234375
2 0.39140625 0.349609375 0.0046875 0.00390625
2 0.39921875 0.349609375 0.0046875 0.00390625
7 0.32890625 0.34375 0.0140625 0.0078125
2 0.8109375 0.4384765625 0.259375 0.224609375
2 0.61171875 0.359375 0.0484375 0.05078125
2 0.54375 0.361328125 0.03125 0.02734375
7 0.52890625 0.341796875 0.0171875 0.02734375
7 0.503125 0.3427734375 0.009375 0.009765625
2 0.5046875 0.3505859375 0.0125 0.009765625
2 0.490625 0.353515625 0.015625 0.01953125
2 0.0859375 0.3779296875 0.05 0.044921875
2 0.278125 0.3583984375 0.021875 0.021484375
7 0.13203125 0.35546875 0.0890625 0.06640625
2 0.375 0.353515625 0.0125 0.01171875
2 0.2625 0.361328125 0.01875 0.01953125
2 0.35390625 0.3515625 0.0171875 0.015625
2 0.32734375 0.35546875 0.0171875 0.015625
2 0.2140625 0.365234375 0.028125 0.0234375
2 0.39140625 0.349609375 0.0046875 0.00390625
2 0.39921875 0.349609375 0.0046875 0.00390625
7 0.32890625 0.34375 0.0140625 0.0078125
