2 0.51796875 0.6318359375 0.0265625 0.033203125
7 0.9765625 0.6123046875 0.04375 0.298828125
7 0.72109375 0.6240234375 0.0921875 0.099609375
7 0.6140625 0.6220703125 0.0375 0.060546875
7 0.64609375 0.623046875 0.0296875 0.05859375
2 0.55859375 0.6298828125 0.0109375 0.013671875
2 0.51796875 0.6318359375 0.0265625 0.033203125
7 0.9765625 0.6123046875 0.04375 0.298828125
7 0.72109375 0.6240234375 0.0921875 0.099609375
7 0.6140625 0.6220703125 0.0375 0.060546875
7 0.64609375 0.623046875 0.0296875 0.05859375
2 0.55859375 0.6298828125 0.0109375 0.013671875
