2 0.59609375 0.353515625 0.0421875 0.046875
2 0.53828125 0.3564453125 0.0296875 0.029296875
7 0.528125 0.3408203125 0.01875 0.029296875
7 0.50703125 0.3427734375 0.0109375 0.017578125
2 0.48515625 0.3515625 0.0171875 0.01953125
2 0.1796875 0.37109375 0.0375 0.02734375
2 0.2703125 0.357421875 0.028125 0.02734375
2 0.32265625 0.35546875 0.0109375 0.01171875
2 0.1484375 0.3720703125 0.028125 0.021484375
2 0.34296875 0.3505859375 0.0140625 0.009765625
2 0.24453125 0.361328125 0.0234375 0.0234375
2 0.0109375 0.3857421875 0.021875 0.041015625
2 0.30859375 0.3583984375 0.0171875 0.017578125
2 0.35703125 0.349609375 0.0078125 0.0078125
2 0.59609375 0.353515625 0.0421875 0.046875
2 0.53828125 0.3564453125 0.0296875 0.029296875
7 0.528125 0.3408203125 0.01875 0.029296875
7 0.50703125 0.3427734375 0.0109375 0.017578125
2 0.48515625 0.3515625 0.0171875 0.01953125
2 0.1796875 0.37109375 0.0375 0.02734375
2 0.2703125 0.357421875 0.028125 0.02734375
2 0.32265625 0.35546875 0.0109375 0.01171875
2 0.1484375 0.3720703125 0.028125 0.021484375
2 0.34296875 0.3505859375 0.0140625 0.009765625
2 0.24453125 0.361328125 0.0234375 0.0234375
2 0.0109375 0.3857421875 0.021875 0.041015625
2 0.30859375 0.3583984375 0.0171875 0.017578125
2 0.35703125 0.349609375 0.0078125 0.0078125
