0 0.77734375 0.4228515625 0.0390625 0.169921875
2 0.35234375 0.392578125 0.0796875 0.07421875
2 0.39140625 0.37890625 0.0453125 0.05078125
2 0.45859375 0.3583984375 0.0140625 0.021484375
2 0.48046875 0.380859375 0.0484375 0.05078125
2 0.62734375 0.40234375 0.0765625 0.078125
2 0.56796875 0.3828125 0.0359375 0.05078125
2 0.49375 0.369140625 0.03125 0.0390625
9 0.465625 0.296875 0.00625 0.015625
2 0.51796875 0.3583984375 0.0171875 0.021484375
2 0.0703125 0.416015625 0.140625 0.15234375
11 0.9796875 0.2724609375 0.0375 0.076171875
9 0.4125 0.298828125 0.00625 0.015625
2 0.59375 0.39453125 0.04375 0.0625
2 0.55078125 0.373046875 0.0265625 0.0390625
2 0.5421875 0.3671875 0.025 0.03515625
2 0.4421875 0.357421875 0.021875 0.02734375
2 0.32421875 0.3662109375 0.0359375 0.033203125
0 0.69140625 0.3779296875 0.0140625 0.048828125
2 0.23671875 0.37890625 0.0296875 0.03515625
2 0.409375 0.359375 0.021875 0.02734375
0 0.278125 0.373046875 0.0125 0.0234375
2 0.20546875 0.3837890625 0.0453125 0.037109375
0 0.41484375 0.3603515625 0.0109375 0.021484375
0 0.234375 0.357421875 0.009375 0.01171875
2 0.153125 0.388671875 0.053125 0.0859375
3 0.4515625 0.3720703125 0.009375 0.017578125
0 0.45234375 0.361328125 0.0109375 0.0234375
3 0.4296875 0.3720703125 0.0125 0.021484375
0 0.42890625 0.359375 0.0109375 0.0234375
0 0.77734375 0.4228515625 0.0390625 0.169921875
2 0.35234375 0.392578125 0.0796875 0.07421875
2 0.39140625 0.37890625 0.0453125 0.05078125
2 0.45859375 0.3583984375 0.0140625 0.021484375
2 0.48046875 0.380859375 0.0484375 0.05078125
2 0.62734375 0.40234375 0.0765625 0.078125
2 0.56796875 0.3828125 0.0359375 0.05078125
2 0.49375 0.369140625 0.03125 0.0390625
9 0.465625 0.296875 0.00625 0.015625
2 0.51796875 0.3583984375 0.0171875 0.021484375
2 0.0703125 0.416015625 0.140625 0.15234375
11 0.9796875 0.2724609375 0.0375 0.076171875
9 0.4125 0.298828125 0.00625 0.015625
2 0.59375 0.39453125 0.04375 0.0625
2 0.55078125 0.373046875 0.0265625 0.0390625
2 0.5421875 0.3671875 0.025 0.03515625
2 0.4421875 0.357421875 0.021875 0.02734375
2 0.32421875 0.3662109375 0.0359375 0.033203125
0 0.69140625 0.3779296875 0.0140625 0.048828125
2 0.23671875 0.37890625 0.0296875 0.03515625
2 0.409375 0.359375 0.021875 0.02734375
0 0.278125 0.373046875 0.0125 0.0234375
2 0.20546875 0.3837890625 0.0453125 0.037109375
0 0.41484375 0.3603515625 0.0109375 0.021484375
0 0.234375 0.357421875 0.009375 0.01171875
2 0.153125 0.388671875 0.053125 0.0859375
3 0.4515625 0.3720703125 0.009375 0.017578125
0 0.45234375 0.361328125 0.0109375 0.0234375
3 0.4296875 0.3720703125 0.0125 0.021484375
0 0.42890625 0.359375 0.0109375 0.0234375
