2 0.80546875 0.515625 0.1390625 0.17578125
2 0.6609375 0.44921875 0.040625 0.0390625
2 0.57578125 0.4453125 0.0109375 0.01171875
2 0.5171875 0.4462890625 0.021875 0.021484375
0 0.4875 0.447265625 0.00625 0.02734375
9 0.5125 0.3115234375 0.009375 0.033203125
9 0.5984375 0.30859375 0.009375 0.03515625
11 0.53828125 0.302734375 0.0140625 0.0234375
11 0.6671875 0.3251953125 0.04375 0.017578125
11 0.28984375 0.337890625 0.0203125 0.0234375
9 0.27734375 0.384765625 0.0078125 0.0078125
9 0.30546875 0.384765625 0.0078125 0.0078125
0 0.4828125 0.4677734375 0.025 0.056640625
0 0.2453125 0.4794921875 0.034375 0.095703125
0 0.21640625 0.482421875 0.0390625 0.1015625
9 0.23125 0.2744140625 0.009375 0.029296875
9 0.2796875 0.2900390625 0.009375 0.037109375
2 0.90859375 0.5498046875 0.1796875 0.259765625
2 0.03515625 0.4892578125 0.0703125 0.056640625
2 0.3203125 0.4677734375 0.034375 0.025390625
11 0.290625 0.3974609375 0.028125 0.009765625
0 0.00625 0.4599609375 0.0125 0.017578125
0 0.146875 0.4833984375 0.021875 0.087890625
0 0.0921875 0.45703125 0.009375 0.015625
2 0.18671875 0.478515625 0.0328125 0.03515625
2 0.371875 0.45703125 0.015625 0.015625
2 0.1015625 0.4853515625 0.059375 0.048828125
11 0.94765625 0.3251953125 0.0234375 0.041015625
11 0.98125 0.35546875 0.021875 0.046875
11 0.83515625 0.3876953125 0.0296875 0.033203125
11 0.834375 0.359375 0.04375 0.0234375
9 0.7984375 0.3359375 0.01875 0.015625
9 0.83671875 0.3369140625 0.0234375 0.021484375
11 0.7015625 0.3564453125 0.015625 0.029296875
2 0.4109375 0.455078125 0.01875 0.015625
2 0.15 0.48046875 0.046875 0.04296875
2 0.80546875 0.515625 0.1390625 0.17578125
2 0.6609375 0.44921875 0.040625 0.0390625
2 0.57578125 0.4453125 0.0109375 0.01171875
2 0.5171875 0.4462890625 0.021875 0.021484375
0 0.4875 0.447265625 0.00625 0.02734375
9 0.5125 0.3115234375 0.009375 0.033203125
9 0.5984375 0.30859375 0.009375 0.03515625
11 0.53828125 0.302734375 0.0140625 0.0234375
11 0.6671875 0.3251953125 0.04375 0.017578125
11 0.28984375 0.337890625 0.0203125 0.0234375
9 0.27734375 0.384765625 0.0078125 0.0078125
9 0.30546875 0.384765625 0.0078125 0.0078125
0 0.4828125 0.4677734375 0.025 0.056640625
0 0.2453125 0.4794921875 0.034375 0.095703125
0 0.21640625 0.482421875 0.0390625 0.1015625
9 0.23125 0.2744140625 0.009375 0.029296875
9 0.2796875 0.2900390625 0.009375 0.037109375
2 0.90859375 0.5498046875 0.1796875 0.259765625
2 0.03515625 0.4892578125 0.0703125 0.056640625
2 0.3203125 0.4677734375 0.034375 0.025390625
11 0.290625 0.3974609375 0.028125 0.009765625
0 0.00625 0.4599609375 0.0125 0.017578125
0 0.146875 0.4833984375 0.021875 0.087890625
0 0.0921875 0.45703125 0.009375 0.015625
2 0.18671875 0.478515625 0.0328125 0.03515625
2 0.371875 0.45703125 0.015625 0.015625
2 0.1015625 0.4853515625 0.059375 0.048828125
11 0.94765625 0.3251953125 0.0234375 0.041015625
11 0.98125 0.35546875 0.021875 0.046875
11 0.83515625 0.3876953125 0.0296875 0.033203125
11 0.834375 0.359375 0.04375 0.0234375
9 0.7984375 0.3359375 0.01875 0.015625
9 0.83671875 0.3369140625 0.0234375 0.021484375
11 0.7015625 0.3564453125 0.015625 0.029296875
2 0.4109375 0.455078125 0.01875 0.015625
2 0.15 0.48046875 0.046875 0.04296875
