2 0.58515625 0.357421875 0.0390625 0.04296875
2 0.53203125 0.361328125 0.0296875 0.02734375
7 0.53828125 0.33984375 0.0171875 0.0234375
7 0.51484375 0.3505859375 0.0109375 0.017578125
2 0.4875 0.357421875 0.015625 0.01953125
2 0.5015625 0.35546875 0.009375 0.0078125
7 0.146875 0.35546875 0.084375 0.05859375
2 0.2109375 0.365234375 0.025 0.01953125
2 0.23828125 0.361328125 0.0296875 0.01953125
2 0.30390625 0.3583984375 0.0171875 0.013671875
2 0.33515625 0.35546875 0.0140625 0.01171875
2 0.35390625 0.3564453125 0.0109375 0.009765625
2 0.375 0.353515625 0.0125 0.01171875
2 0.39765625 0.3564453125 0.0109375 0.009765625
2 0.275 0.3603515625 0.0125 0.009765625
2 0.58515625 0.357421875 0.0390625 0.04296875
2 0.53203125 0.361328125 0.0296875 0.02734375
7 0.53828125 0.33984375 0.0171875 0.0234375
7 0.51484375 0.3505859375 0.0109375 0.017578125
2 0.4875 0.357421875 0.015625 0.01953125
2 0.5015625 0.35546875 0.009375 0.0078125
7 0.146875 0.35546875 0.084375 0.05859375
2 0.2109375 0.365234375 0.025 0.01953125
2 0.23828125 0.361328125 0.0296875 0.01953125
2 0.30390625 0.3583984375 0.0171875 0.013671875
2 0.33515625 0.35546875 0.0140625 0.01171875
2 0.35390625 0.3564453125 0.0109375 0.009765625
2 0.375 0.353515625 0.0125 0.01171875
2 0.39765625 0.3564453125 0.0109375 0.009765625
2 0.275 0.3603515625 0.0125 0.009765625
