2 0.70234375 0.4619140625 0.0515625 0.048828125
2 0.57890625 0.45703125 0.0296875 0.015625
2 0.50234375 0.4609375 0.0171875 0.015625
0 0.490625 0.4560546875 0.009375 0.033203125
9 0.5078125 0.2724609375 0.0125 0.048828125
9 0.62890625 0.265625 0.0140625 0.046875
11 0.54453125 0.259765625 0.0203125 0.03125
11 0.7265625 0.287109375 0.0625 0.02734375
11 0.1859375 0.3115234375 0.028125 0.037109375
9 0.1734375 0.376953125 0.009375 0.01171875
9 0.215625 0.3740234375 0.0125 0.013671875
0 0.76171875 0.486328125 0.0203125 0.078125
0 0.025 0.5751953125 0.05 0.228515625
9 0.0453125 0.1796875 0.01875 0.06640625
9 0.15859375 0.236328125 0.0140625 0.046875
11 0.1921875 0.39453125 0.040625 0.015625
11 0.77578125 0.3359375 0.0234375 0.03515625
0 0.87421875 0.48046875 0.0234375 0.08203125
0 0.82421875 0.4619140625 0.0234375 0.064453125
2 0.44375 0.482421875 0.109375 0.05859375
2 0.0984375 0.49609375 0.053125 0.04296875
2 0.13828125 0.494140625 0.0359375 0.0546875
0 0.06484375 0.54296875 0.0515625 0.1796875
2 0.2515625 0.4638671875 0.021875 0.017578125
11 0.62890625 0.3974609375 0.0140625 0.021484375
2 0.2671875 0.48046875 0.05625 0.046875
2 0.2140625 0.4765625 0.03125 0.02734375
2 0.546875 0.458984375 0.021875 0.015625
2 0.32578125 0.474609375 0.0359375 0.03515625
2 0.2375 0.4775390625 0.021875 0.029296875
2 0.70234375 0.4619140625 0.0515625 0.048828125
2 0.57890625 0.45703125 0.0296875 0.015625
2 0.50234375 0.4609375 0.0171875 0.015625
0 0.490625 0.4560546875 0.009375 0.033203125
9 0.5078125 0.2724609375 0.0125 0.048828125
9 0.62890625 0.265625 0.0140625 0.046875
11 0.54453125 0.259765625 0.0203125 0.03125
11 0.7265625 0.287109375 0.0625 0.02734375
11 0.1859375 0.3115234375 0.028125 0.037109375
9 0.1734375 0.376953125 0.009375 0.01171875
9 0.215625 0.3740234375 0.0125 0.013671875
0 0.76171875 0.486328125 0.0203125 0.078125
0 0.025 0.5751953125 0.05 0.228515625
9 0.0453125 0.1796875 0.01875 0.06640625
9 0.15859375 0.236328125 0.0140625 0.046875
11 0.1921875 0.39453125 0.040625 0.015625
11 0.77578125 0.3359375 0.0234375 0.03515625
0 0.87421875 0.48046875 0.0234375 0.08203125
0 0.82421875 0.4619140625 0.0234375 0.064453125
2 0.44375 0.482421875 0.109375 0.05859375
2 0.0984375 0.49609375 0.053125 0.04296875
2 0.13828125 0.494140625 0.0359375 0.0546875
0 0.06484375 0.54296875 0.0515625 0.1796875
2 0.2515625 0.4638671875 0.021875 0.017578125
11 0.62890625 0.3974609375 0.0140625 0.021484375
2 0.2671875 0.48046875 0.05625 0.046875
2 0.2140625 0.4765625 0.03125 0.02734375
2 0.546875 0.458984375 0.021875 0.015625
2 0.32578125 0.474609375 0.0359375 0.03515625
2 0.2375 0.4775390625 0.021875 0.029296875
