9 0.4703125 0.2685546875 0.0125 0.044921875
9 0.65234375 0.265625 0.0140625 0.046875
11 0.7515625 0.283203125 0.065625 0.02734375
0 0.6078125 0.4716796875 0.01875 0.068359375
2 0.434375 0.4658203125 0.090625 0.060546875
2 0.334375 0.4677734375 0.071875 0.044921875
2 0.17734375 0.466796875 0.0828125 0.0703125
9 0.99453125 0.177734375 0.0078125 0.0625
9 0.81328125 0.365234375 0.0109375 0.015625
2 0.2890625 0.4658203125 0.046875 0.037109375
2 0.9015625 0.6953125 0.19375 0.36328125
0 0.24375 0.4443359375 0.009375 0.013671875
10 0.58125 0.482421875 0.0125 0.03515625
2 0.24765625 0.4638671875 0.0453125 0.033203125
9 0.12734375 0.3935546875 0.0109375 0.017578125
9 0.05234375 0.2744140625 0.0140625 0.041015625
9 0.0078125 0.2587890625 0.015625 0.048828125
11 0.109375 0.31640625 0.028125 0.02734375
11 0.125 0.3623046875 0.015625 0.037109375
2 0.125 0.46484375 0.034375 0.0390625
11 0.4234375 0.4189453125 0.00625 0.013671875
9 0.4703125 0.2685546875 0.0125 0.044921875
9 0.65234375 0.265625 0.0140625 0.046875
11 0.7515625 0.283203125 0.065625 0.02734375
0 0.6078125 0.4716796875 0.01875 0.068359375
2 0.434375 0.4658203125 0.090625 0.060546875
2 0.334375 0.4677734375 0.071875 0.044921875
2 0.17734375 0.466796875 0.0828125 0.0703125
9 0.99453125 0.177734375 0.0078125 0.0625
9 0.81328125 0.365234375 0.0109375 0.015625
2 0.2890625 0.4658203125 0.046875 0.037109375
2 0.9015625 0.6953125 0.19375 0.36328125
0 0.24375 0.4443359375 0.009375 0.013671875
10 0.58125 0.482421875 0.0125 0.03515625
2 0.24765625 0.4638671875 0.0453125 0.033203125
9 0.12734375 0.3935546875 0.0109375 0.017578125
9 0.05234375 0.2744140625 0.0140625 0.041015625
9 0.0078125 0.2587890625 0.015625 0.048828125
11 0.109375 0.31640625 0.028125 0.02734375
11 0.125 0.3623046875 0.015625 0.037109375
2 0.125 0.46484375 0.034375 0.0390625
11 0.4234375 0.4189453125 0.00625 0.013671875
