2 0.51875 0.619140625 0.025 0.03125
2 0.5453125 0.623046875 0.0125 0.015625
7 0.7453125 0.619140625 0.11875 0.12109375
7 0.6703125 0.6162109375 0.040625 0.076171875
7 0.63984375 0.61328125 0.0265625 0.0546875
7 0.59453125 0.6142578125 0.0234375 0.037109375
7 0.61640625 0.615234375 0.0203125 0.0390625
2 0.55859375 0.62109375 0.0078125 0.0078125
2 0.51875 0.619140625 0.025 0.03125
2 0.5453125 0.623046875 0.0125 0.015625
7 0.7453125 0.619140625 0.11875 0.12109375
7 0.6703125 0.6162109375 0.040625 0.076171875
7 0.63984375 0.61328125 0.0265625 0.0546875
7 0.59453125 0.6142578125 0.0234375 0.037109375
7 0.61640625 0.615234375 0.0203125 0.0390625
2 0.55859375 0.62109375 0.0078125 0.0078125
