2 0.51875 0.638671875 0.025 0.03125
7 0.928125 0.640625 0.140625 0.28515625
7 0.70546875 0.6298828125 0.0828125 0.099609375
7 0.60703125 0.6298828125 0.0359375 0.060546875
7 0.6375 0.6318359375 0.03125 0.056640625
2 0.55390625 0.6376953125 0.0109375 0.013671875
2 0.51875 0.638671875 0.025 0.03125
7 0.928125 0.640625 0.140625 0.28515625
7 0.70546875 0.6298828125 0.0828125 0.099609375
7 0.60703125 0.6298828125 0.0359375 0.060546875
7 0.6375 0.6318359375 0.03125 0.056640625
2 0.55390625 0.6376953125 0.0109375 0.013671875
