9 0.496875 0.3056640625 0.009375 0.033203125
9 0.634375 0.3046875 0.009375 0.03515625
11 0.71015625 0.3193359375 0.0484375 0.021484375
0 0.60078125 0.462890625 0.0140625 0.05078125
2 0.46328125 0.458984375 0.0734375 0.05078125
2 0.37734375 0.4599609375 0.0609375 0.037109375
2 0.203125 0.5400390625 0.225 0.185546875
2 0.09609375 0.6357421875 0.1921875 0.279296875
2 0.25859375 0.45703125 0.0671875 0.0546875
2 0.05546875 0.47265625 0.1109375 0.07421875
11 0.18203125 0.3828125 0.0203125 0.07421875
9 0.89921875 0.24609375 0.0171875 0.046875
9 0.86953125 0.2578125 0.0171875 0.046875
9 0.7578125 0.3837890625 0.00625 0.013671875
11 0.95625 0.2451171875 0.0375 0.044921875
11 0.05625 0.3994140625 0.01875 0.013671875
9 0.046875 0.365234375 0.0125 0.0390625
2 0.334375 0.458984375 0.04375 0.03125
2 0.92890625 0.6689453125 0.1390625 0.283203125
0 0.29765625 0.44140625 0.0078125 0.01171875
11 0.97578125 0.3984375 0.0171875 0.015625
10 0.58046875 0.4716796875 0.0109375 0.029296875
2 0.30390625 0.4560546875 0.0234375 0.025390625
9 0.9953125 0.359375 0.00625 0.03515625
9 0.0765625 0.361328125 0.015625 0.0390625
9 0.496875 0.3056640625 0.009375 0.033203125
9 0.634375 0.3046875 0.009375 0.03515625
11 0.71015625 0.3193359375 0.0484375 0.021484375
0 0.60078125 0.462890625 0.0140625 0.05078125
2 0.46328125 0.458984375 0.0734375 0.05078125
2 0.37734375 0.4599609375 0.0609375 0.037109375
2 0.203125 0.5400390625 0.225 0.185546875
2 0.09609375 0.6357421875 0.1921875 0.279296875
2 0.25859375 0.45703125 0.0671875 0.0546875
2 0.05546875 0.47265625 0.1109375 0.07421875
11 0.18203125 0.3828125 0.0203125 0.07421875
9 0.89921875 0.24609375 0.0171875 0.046875
9 0.86953125 0.2578125 0.0171875 0.046875
9 0.7578125 0.3837890625 0.00625 0.013671875
11 0.95625 0.2451171875 0.0375 0.044921875
11 0.05625 0.3994140625 0.01875 0.013671875
9 0.046875 0.365234375 0.0125 0.0390625
2 0.334375 0.458984375 0.04375 0.03125
2 0.92890625 0.6689453125 0.1390625 0.283203125
0 0.29765625 0.44140625 0.0078125 0.01171875
11 0.97578125 0.3984375 0.0171875 0.015625
10 0.58046875 0.4716796875 0.0109375 0.029296875
2 0.30390625 0.4560546875 0.0234375 0.025390625
9 0.9953125 0.359375 0.00625 0.03515625
9 0.0765625 0.361328125 0.015625 0.0390625
