2 0.4 0.3916015625 0.071875 0.068359375
2 0.7828125 0.4521484375 0.178125 0.162109375
2 0.1046875 0.3984375 0.128125 0.1171875
2 0.4625 0.375 0.046875 0.04296875
2 0.48046875 0.3583984375 0.0140625 0.017578125
0 0.6546875 0.369140625 0.015625 0.046875
2 0.49609375 0.3583984375 0.0109375 0.013671875
2 0.5390625 0.3671875 0.021875 0.0234375
2 0.509375 0.359375 0.0125 0.015625
0 0.67421875 0.3720703125 0.0171875 0.044921875
0 0.79921875 0.3564453125 0.0140625 0.033203125
0 0.821875 0.359375 0.021875 0.03515625
3 0.93984375 0.53515625 0.1171875 0.18359375
3 0.85390625 0.494140625 0.1453125 0.15234375
2 0.25234375 0.3798828125 0.0296875 0.041015625
2 0.5265625 0.357421875 0.009375 0.01171875
9 0.46640625 0.3017578125 0.0078125 0.017578125
9 0.43203125 0.302734375 0.0078125 0.01953125
11 0.2796875 0.408203125 0.009375 0.0390625
11 0.80859375 0.2373046875 0.0765625 0.013671875
11 0.80859375 0.251953125 0.0765625 0.01171875
11 0.80859375 0.267578125 0.0765625 0.01171875
11 0.79140625 0.283203125 0.0421875 0.01171875
11 0.3890625 0.306640625 0.0125 0.015625
2 0.359375 0.3671875 0.0125 0.01953125
11 0.8203125 0.310546875 0.01875 0.01953125
11 0.8203125 0.2880859375 0.01875 0.021484375
2 0.42890625 0.3603515625 0.0140625 0.017578125
2 0.2890625 0.3896484375 0.06875 0.064453125
2 0.35078125 0.3720703125 0.0140625 0.025390625
0 0.24140625 0.3671875 0.0078125 0.015625
3 0.92578125 0.509765625 0.1453125 0.18359375
0 0.1890625 0.3779296875 0.009375 0.029296875
2 0.3390625 0.375 0.015625 0.02734375
2 0.32578125 0.376953125 0.0171875 0.02734375
2 0.4 0.3916015625 0.071875 0.068359375
2 0.7828125 0.4521484375 0.178125 0.162109375
2 0.1046875 0.3984375 0.128125 0.1171875
2 0.4625 0.375 0.046875 0.04296875
2 0.48046875 0.3583984375 0.0140625 0.017578125
0 0.6546875 0.369140625 0.015625 0.046875
2 0.49609375 0.3583984375 0.0109375 0.013671875
2 0.5390625 0.3671875 0.021875 0.0234375
2 0.509375 0.359375 0.0125 0.015625
0 0.67421875 0.3720703125 0.0171875 0.044921875
0 0.79921875 0.3564453125 0.0140625 0.033203125
0 0.821875 0.359375 0.021875 0.03515625
3 0.93984375 0.53515625 0.1171875 0.18359375
3 0.85390625 0.494140625 0.1453125 0.15234375
2 0.25234375 0.3798828125 0.0296875 0.041015625
2 0.5265625 0.357421875 0.009375 0.01171875
9 0.46640625 0.3017578125 0.0078125 0.017578125
9 0.43203125 0.302734375 0.0078125 0.01953125
11 0.2796875 0.408203125 0.009375 0.0390625
11 0.80859375 0.2373046875 0.0765625 0.013671875
11 0.80859375 0.251953125 0.0765625 0.01171875
11 0.80859375 0.267578125 0.0765625 0.01171875
11 0.79140625 0.283203125 0.0421875 0.01171875
11 0.3890625 0.306640625 0.0125 0.015625
2 0.359375 0.3671875 0.0125 0.01953125
11 0.8203125 0.310546875 0.01875 0.01953125
11 0.8203125 0.2880859375 0.01875 0.021484375
2 0.42890625 0.3603515625 0.0140625 0.017578125
2 0.2890625 0.3896484375 0.06875 0.064453125
2 0.35078125 0.3720703125 0.0140625 0.025390625
0 0.24140625 0.3671875 0.0078125 0.015625
3 0.92578125 0.509765625 0.1453125 0.18359375
0 0.1890625 0.3779296875 0.009375 0.029296875
2 0.3390625 0.375 0.015625 0.02734375
2 0.32578125 0.376953125 0.0171875 0.02734375
