2 0.93359375 0.59765625 0.1296875 0.3359375
2 0.678125 0.4501953125 0.046875 0.044921875
2 0.57890625 0.447265625 0.0140625 0.015625
2 0.5203125 0.4482421875 0.021875 0.021484375
0 0.48515625 0.447265625 0.0078125 0.03125
9 0.50859375 0.2890625 0.0109375 0.04296875
9 0.6109375 0.2841796875 0.0125 0.041015625
11 0.5390625 0.2763671875 0.01875 0.029296875
11 0.69375 0.302734375 0.053125 0.01953125
11 0.23984375 0.3212890625 0.0234375 0.029296875
9 0.2265625 0.3759765625 0.009375 0.009765625
9 0.26015625 0.3759765625 0.0078125 0.009765625
0 0.55 0.470703125 0.01875 0.06640625
0 0.2515625 0.5146484375 0.040625 0.146484375
0 0.19296875 0.5185546875 0.0421875 0.154296875
9 0.14921875 0.2255859375 0.0140625 0.048828125
9 0.221875 0.2578125 0.0125 0.04296875
2 0.27265625 0.4609375 0.0234375 0.03515625
11 0.24296875 0.390625 0.0359375 0.01171875
0 0.05703125 0.5029296875 0.0296875 0.126953125
2 0.1421875 0.482421875 0.040625 0.0390625
2 0.3375 0.4599609375 0.0375 0.033203125
2 0.0234375 0.494140625 0.046875 0.0546875
11 0.96875 0.3603515625 0.0375 0.052734375
11 0.965625 0.3173828125 0.059375 0.025390625
9 0.90625 0.29296875 0.025 0.0234375
9 0.9671875 0.2822265625 0.021875 0.021484375
11 0.73359375 0.345703125 0.0171875 0.03515625
2 0.3921875 0.455078125 0.01875 0.02734375
2 0.0953125 0.482421875 0.053125 0.04296875
0 0.8609375 0.4619140625 0.021875 0.080078125
2 0.465625 0.4375 0.01875 0.01953125
2 0.40859375 0.451171875 0.0203125 0.0234375
0 0.87734375 0.4423828125 0.0203125 0.056640625
2 0.171875 0.4775390625 0.01875 0.029296875
2 0.8234375 0.4287109375 0.046875 0.025390625
0 0.06796875 0.46484375 0.0109375 0.02734375
2 0.93359375 0.59765625 0.1296875 0.3359375
2 0.678125 0.4501953125 0.046875 0.044921875
2 0.57890625 0.447265625 0.0140625 0.015625
2 0.5203125 0.4482421875 0.021875 0.021484375
0 0.48515625 0.447265625 0.0078125 0.03125
9 0.50859375 0.2890625 0.0109375 0.04296875
9 0.6109375 0.2841796875 0.0125 0.041015625
11 0.5390625 0.2763671875 0.01875 0.029296875
11 0.69375 0.302734375 0.053125 0.01953125
11 0.23984375 0.3212890625 0.0234375 0.029296875
9 0.2265625 0.3759765625 0.009375 0.009765625
9 0.26015625 0.3759765625 0.0078125 0.009765625
0 0.55 0.470703125 0.01875 0.06640625
0 0.2515625 0.5146484375 0.040625 0.146484375
0 0.19296875 0.5185546875 0.0421875 0.154296875
9 0.14921875 0.2255859375 0.0140625 0.048828125
9 0.221875 0.2578125 0.0125 0.04296875
2 0.27265625 0.4609375 0.0234375 0.03515625
11 0.24296875 0.390625 0.0359375 0.01171875
0 0.05703125 0.5029296875 0.0296875 0.126953125
2 0.1421875 0.482421875 0.040625 0.0390625
2 0.3375 0.4599609375 0.0375 0.033203125
2 0.0234375 0.494140625 0.046875 0.0546875
11 0.96875 0.3603515625 0.0375 0.052734375
11 0.965625 0.3173828125 0.059375 0.025390625
9 0.90625 0.29296875 0.025 0.0234375
9 0.9671875 0.2822265625 0.021875 0.021484375
11 0.73359375 0.345703125 0.0171875 0.03515625
2 0.3921875 0.455078125 0.01875 0.02734375
2 0.0953125 0.482421875 0.053125 0.04296875
0 0.8609375 0.4619140625 0.021875 0.080078125
2 0.465625 0.4375 0.01875 0.01953125
2 0.40859375 0.451171875 0.0203125 0.0234375
0 0.87734375 0.4423828125 0.0203125 0.056640625
2 0.171875 0.4775390625 0.01875 0.029296875
2 0.8234375 0.4287109375 0.046875 0.025390625
0 0.06796875 0.46484375 0.0109375 0.02734375
