2 0.73125 0.4111328125 0.184375 0.166015625
2 0.6140625 0.359375 0.05 0.0546875
2 0.54140625 0.3603515625 0.0328125 0.029296875
7 0.52578125 0.341796875 0.0171875 0.02734375
7 0.5015625 0.33984375 0.009375 0.01171875
2 0.50390625 0.3486328125 0.0109375 0.009765625
2 0.4921875 0.3525390625 0.01875 0.021484375
7 0.228125 0.34765625 0.06875 0.05859375
2 0.1671875 0.3720703125 0.040625 0.029296875
2 0.24296875 0.3623046875 0.0296875 0.021484375
2 0.32734375 0.353515625 0.0203125 0.01953125
2 0.36953125 0.3505859375 0.0109375 0.009765625
2 0.38828125 0.349609375 0.0078125 0.0078125
7 0.30234375 0.345703125 0.0328125 0.03515625
2 0.3046875 0.35546875 0.01875 0.015625
2 0.4078125 0.3486328125 0.009375 0.009765625
2 0.35625 0.3515625 0.0125 0.01171875
2 0.39765625 0.34765625 0.0078125 0.0078125
2 0.38046875 0.349609375 0.0078125 0.0078125
2 0.340625 0.353515625 0.009375 0.01171875
2 0.73125 0.4111328125 0.184375 0.166015625
2 0.6140625 0.359375 0.05 0.0546875
2 0.54140625 0.3603515625 0.0328125 0.029296875
7 0.52578125 0.341796875 0.0171875 0.02734375
7 0.5015625 0.33984375 0.009375 0.01171875
2 0.50390625 0.3486328125 0.0109375 0.009765625
2 0.4921875 0.3525390625 0.01875 0.021484375
7 0.228125 0.34765625 0.06875 0.05859375
2 0.1671875 0.3720703125 0.040625 0.029296875
2 0.24296875 0.3623046875 0.0296875 0.021484375
2 0.32734375 0.353515625 0.0203125 0.01953125
2 0.36953125 0.3505859375 0.0109375 0.009765625
2 0.38828125 0.349609375 0.0078125 0.0078125
7 0.30234375 0.345703125 0.0328125 0.03515625
2 0.3046875 0.35546875 0.01875 0.015625
2 0.4078125 0.3486328125 0.009375 0.009765625
2 0.35625 0.3515625 0.0125 0.01171875
2 0.39765625 0.34765625 0.0078125 0.0078125
2 0.38046875 0.349609375 0.0078125 0.0078125
2 0.340625 0.353515625 0.009375 0.01171875
