2 0.953125 0.5390625 0.090625 0.3046875
2 0.60546875 0.35546875 0.0453125 0.046875
2 0.54375 0.3583984375 0.03125 0.029296875
7 0.53125 0.34375 0.01875 0.03125
7 0.50546875 0.3447265625 0.0140625 0.017578125
2 0.49140625 0.3544921875 0.0171875 0.021484375
2 0.01640625 0.392578125 0.0328125 0.04296875
2 0.2515625 0.3623046875 0.028125 0.025390625
2 0.21484375 0.359375 0.0390625 0.0390625
2 0.33359375 0.357421875 0.0171875 0.015625
2 0.359375 0.3515625 0.015625 0.015625
2 0.38359375 0.3505859375 0.0109375 0.009765625
2 0.296875 0.3583984375 0.015625 0.013671875
2 0.39375 0.3505859375 0.009375 0.009765625
2 0.3484375 0.35546875 0.0125 0.01171875
2 0.953125 0.5390625 0.090625 0.3046875
2 0.60546875 0.35546875 0.0453125 0.046875
2 0.54375 0.3583984375 0.03125 0.029296875
7 0.53125 0.34375 0.01875 0.03125
7 0.50546875 0.3447265625 0.0140625 0.017578125
2 0.49140625 0.3544921875 0.0171875 0.021484375
2 0.01640625 0.392578125 0.0328125 0.04296875
2 0.2515625 0.3623046875 0.028125 0.025390625
2 0.21484375 0.359375 0.0390625 0.0390625
2 0.33359375 0.357421875 0.0171875 0.015625
2 0.359375 0.3515625 0.015625 0.015625
2 0.38359375 0.3505859375 0.0109375 0.009765625
2 0.296875 0.3583984375 0.015625 0.013671875
2 0.39375 0.3505859375 0.009375 0.009765625
2 0.3484375 0.35546875 0.0125 0.01171875
