2 0.703125 0.3994140625 0.15625 0.142578125
2 0.61640625 0.35546875 0.0515625 0.05859375
2 0.5390625 0.3583984375 0.03125 0.029296875
7 0.52421875 0.33984375 0.0171875 0.02734375
7 0.5 0.337890625 0.009375 0.01171875
2 0.50390625 0.3466796875 0.0109375 0.009765625
2 0.490625 0.349609375 0.01875 0.01953125
2 0.04453125 0.3857421875 0.0578125 0.044921875
7 0.29921875 0.3427734375 0.0265625 0.037109375
2 0.30078125 0.3544921875 0.0171875 0.013671875
2 0.33125 0.3525390625 0.015625 0.013671875
2 0.36953125 0.34765625 0.0140625 0.015625
2 0.3953125 0.3447265625 0.009375 0.009765625
2 0.40546875 0.34765625 0.0078125 0.0078125
7 0.33984375 0.337890625 0.0140625 0.015625
2 0.346875 0.349609375 0.015625 0.01171875
2 0.41484375 0.345703125 0.0078125 0.0078125
2 0.38125 0.3486328125 0.009375 0.009765625
2 0.703125 0.3994140625 0.15625 0.142578125
2 0.61640625 0.35546875 0.0515625 0.05859375
2 0.5390625 0.3583984375 0.03125 0.029296875
7 0.52421875 0.33984375 0.0171875 0.02734375
7 0.5 0.337890625 0.009375 0.01171875
2 0.50390625 0.3466796875 0.0109375 0.009765625
2 0.490625 0.349609375 0.01875 0.01953125
2 0.04453125 0.3857421875 0.0578125 0.044921875
7 0.29921875 0.3427734375 0.0265625 0.037109375
2 0.30078125 0.3544921875 0.0171875 0.013671875
2 0.33125 0.3525390625 0.015625 0.013671875
2 0.36953125 0.34765625 0.0140625 0.015625
2 0.3953125 0.3447265625 0.009375 0.009765625
2 0.40546875 0.34765625 0.0078125 0.0078125
7 0.33984375 0.337890625 0.0140625 0.015625
2 0.346875 0.349609375 0.015625 0.01171875
2 0.41484375 0.345703125 0.0078125 0.0078125
2 0.38125 0.3486328125 0.009375 0.009765625
