2 0.58515625 0.34765625 0.0390625 0.04296875
2 0.53203125 0.3515625 0.0296875 0.02734375
7 0.53671875 0.33203125 0.0171875 0.0234375
7 0.51484375 0.3388671875 0.0109375 0.017578125
2 0.48828125 0.345703125 0.0171875 0.01953125
2 0.503125 0.34375 0.009375 0.0078125
7 0.18984375 0.341796875 0.0703125 0.05078125
2 0.24453125 0.3505859375 0.0203125 0.013671875
2 0.26796875 0.34765625 0.0171875 0.015625
2 0.321875 0.34375 0.015625 0.01171875
2 0.34765625 0.3427734375 0.0140625 0.009765625
2 0.36484375 0.34375 0.0109375 0.0078125
2 0.3828125 0.341796875 0.009375 0.0078125
2 0.40078125 0.3447265625 0.0078125 0.005859375
2 0.2921875 0.3505859375 0.0125 0.009765625
2 0.58515625 0.34765625 0.0390625 0.04296875
2 0.53203125 0.3515625 0.0296875 0.02734375
7 0.53671875 0.33203125 0.0171875 0.0234375
7 0.51484375 0.3388671875 0.0109375 0.017578125
2 0.48828125 0.345703125 0.0171875 0.01953125
2 0.503125 0.34375 0.009375 0.0078125
7 0.18984375 0.341796875 0.0703125 0.05078125
2 0.24453125 0.3505859375 0.0203125 0.013671875
2 0.26796875 0.34765625 0.0171875 0.015625
2 0.321875 0.34375 0.015625 0.01171875
2 0.34765625 0.3427734375 0.0140625 0.009765625
2 0.36484375 0.34375 0.0109375 0.0078125
2 0.3828125 0.341796875 0.009375 0.0078125
2 0.40078125 0.3447265625 0.0078125 0.005859375
2 0.2921875 0.3505859375 0.0125 0.009765625
