9 0.5125 0.341796875 0.00625 0.02734375
9 0.62578125 0.33984375 0.0078125 0.02734375
11 0.68828125 0.349609375 0.0390625 0.015625
0 0.60078125 0.470703125 0.0109375 0.04296875
0 0.515625 0.4677734375 0.009375 0.037109375
2 0.4828125 0.4677734375 0.0625 0.041015625
2 0.4078125 0.47265625 0.05 0.04296875
2 0.35625 0.513671875 0.109375 0.109375
2 0.278125 0.552734375 0.171875 0.125
2 0.309375 0.4658203125 0.053125 0.044921875
2 0.18671875 0.4892578125 0.1171875 0.080078125
2 0.071875 0.6259765625 0.14375 0.283203125
11 0.30390625 0.4169921875 0.0328125 0.044921875
9 0.82578125 0.2998046875 0.0140625 0.037109375
9 0.80625 0.3095703125 0.0125 0.037109375
9 0.72734375 0.40234375 0.0046875 0.01171875
11 0.85859375 0.3017578125 0.0203125 0.029296875
11 0.1296875 0.3828125 0.03125 0.0546875
11 0.19453125 0.42578125 0.0109375 0.01171875
9 0.20703125 0.3994140625 0.0109375 0.025390625
9 0.2859375 0.4208984375 0.00625 0.009765625
2 0.15625 0.5029296875 0.09375 0.072265625
9 0.1875 0.4013671875 0.009375 0.029296875
2 0.15625 0.513671875 0.046875 0.0625
2 0.053125 0.5107421875 0.10625 0.103515625
2 0.26484375 0.470703125 0.0296875 0.03515625
9 0.5125 0.341796875 0.00625 0.02734375
9 0.62578125 0.33984375 0.0078125 0.02734375
11 0.68828125 0.349609375 0.0390625 0.015625
0 0.60078125 0.470703125 0.0109375 0.04296875
0 0.515625 0.4677734375 0.009375 0.037109375
2 0.4828125 0.4677734375 0.0625 0.041015625
2 0.4078125 0.47265625 0.05 0.04296875
2 0.35625 0.513671875 0.109375 0.109375
2 0.278125 0.552734375 0.171875 0.125
2 0.309375 0.4658203125 0.053125 0.044921875
2 0.18671875 0.4892578125 0.1171875 0.080078125
2 0.071875 0.6259765625 0.14375 0.283203125
11 0.30390625 0.4169921875 0.0328125 0.044921875
9 0.82578125 0.2998046875 0.0140625 0.037109375
9 0.80625 0.3095703125 0.0125 0.037109375
9 0.72734375 0.40234375 0.0046875 0.01171875
11 0.85859375 0.3017578125 0.0203125 0.029296875
11 0.1296875 0.3828125 0.03125 0.0546875
11 0.19453125 0.42578125 0.0109375 0.01171875
9 0.20703125 0.3994140625 0.0109375 0.025390625
9 0.2859375 0.4208984375 0.00625 0.009765625
2 0.15625 0.5029296875 0.09375 0.072265625
9 0.1875 0.4013671875 0.009375 0.029296875
2 0.15625 0.513671875 0.046875 0.0625
2 0.053125 0.5107421875 0.10625 0.103515625
2 0.26484375 0.470703125 0.0296875 0.03515625
