2 0.8015625 0.43359375 0.246875 0.21875
2 0.6125 0.35546875 0.046875 0.05078125
2 0.5421875 0.359375 0.03125 0.02734375
7 0.52890625 0.33984375 0.0171875 0.03125
7 0.503125 0.3388671875 0.009375 0.009765625
2 0.5046875 0.34765625 0.0125 0.01171875
2 0.490625 0.3505859375 0.015625 0.017578125
2 0.1484375 0.3681640625 0.04375 0.041015625
2 0.29375 0.357421875 0.021875 0.01953125
7 0.16015625 0.3544921875 0.0828125 0.068359375
2 0.38046875 0.3505859375 0.0109375 0.009765625
2 0.28046875 0.3583984375 0.0203125 0.017578125
2 0.36171875 0.349609375 0.0171875 0.015625
2 0.33671875 0.353515625 0.0171875 0.015625
2 0.234375 0.3623046875 0.025 0.021484375
2 0.39453125 0.34765625 0.0046875 0.00390625
2 0.403125 0.3466796875 0.00625 0.005859375
7 0.33671875 0.341796875 0.0140625 0.0078125
2 0.8015625 0.43359375 0.246875 0.21875
2 0.6125 0.35546875 0.046875 0.05078125
2 0.5421875 0.359375 0.03125 0.02734375
7 0.52890625 0.33984375 0.0171875 0.03125
7 0.503125 0.3388671875 0.009375 0.009765625
2 0.5046875 0.34765625 0.0125 0.01171875
2 0.490625 0.3505859375 0.015625 0.017578125
2 0.1484375 0.3681640625 0.04375 0.041015625
2 0.29375 0.357421875 0.021875 0.01953125
7 0.16015625 0.3544921875 0.0828125 0.068359375
2 0.38046875 0.3505859375 0.0109375 0.009765625
2 0.28046875 0.3583984375 0.0203125 0.017578125
2 0.36171875 0.349609375 0.0171875 0.015625
2 0.33671875 0.353515625 0.0171875 0.015625
2 0.234375 0.3623046875 0.025 0.021484375
2 0.39453125 0.34765625 0.0046875 0.00390625
2 0.403125 0.3466796875 0.00625 0.005859375
7 0.33671875 0.341796875 0.0140625 0.0078125
