9 0.54140625 0.1220703125 0.0203125 0.076171875
9 0.8515625 0.1181640625 0.021875 0.080078125
11 0.9796875 0.15234375 0.0375 0.04296875
0 0.765625 0.4716796875 0.03125 0.111328125
2 0.496875 0.4580078125 0.128125 0.091796875
2 0.36875 0.455078125 0.090625 0.05859375
2 0.13046875 0.453125 0.0984375 0.10546875
2 0.31640625 0.451171875 0.0515625 0.046875
0 0.271875 0.4248046875 0.009375 0.013671875
10 0.721875 0.4892578125 0.01875 0.060546875
2 0.27421875 0.4462890625 0.0484375 0.037109375
9 0.02890625 0.3388671875 0.0109375 0.017578125
11 0.0140625 0.2216796875 0.028125 0.021484375
11 0.03203125 0.2890625 0.0265625 0.0703125
11 0.484375 0.38671875 0.009375 0.01953125
2 0.24609375 0.447265625 0.0359375 0.0390625
10 0.06328125 0.4853515625 0.0140625 0.044921875
2 0.21640625 0.4375 0.0453125 0.04296875
11 0.0296875 0.3662109375 0.01875 0.013671875
9 0.54140625 0.1220703125 0.0203125 0.076171875
9 0.8515625 0.1181640625 0.021875 0.080078125
11 0.9796875 0.15234375 0.0375 0.04296875
0 0.765625 0.4716796875 0.03125 0.111328125
2 0.496875 0.4580078125 0.128125 0.091796875
2 0.36875 0.455078125 0.090625 0.05859375
2 0.13046875 0.453125 0.0984375 0.10546875
2 0.31640625 0.451171875 0.0515625 0.046875
0 0.271875 0.4248046875 0.009375 0.013671875
10 0.721875 0.4892578125 0.01875 0.060546875
2 0.27421875 0.4462890625 0.0484375 0.037109375
9 0.02890625 0.3388671875 0.0109375 0.017578125
11 0.0140625 0.2216796875 0.028125 0.021484375
11 0.03203125 0.2890625 0.0265625 0.0703125
11 0.484375 0.38671875 0.009375 0.01953125
2 0.24609375 0.447265625 0.0359375 0.0390625
10 0.06328125 0.4853515625 0.0140625 0.044921875
2 0.21640625 0.4375 0.0453125 0.04296875
11 0.0296875 0.3662109375 0.01875 0.013671875
