2 0.59765625 0.3544921875 0.0421875 0.048828125
2 0.53828125 0.3564453125 0.0296875 0.029296875
7 0.528125 0.3408203125 0.01875 0.029296875
7 0.50703125 0.3447265625 0.0109375 0.017578125
2 0.48515625 0.353515625 0.0171875 0.01953125
2 0.2234375 0.365234375 0.03125 0.0234375
2 0.29375 0.353515625 0.025 0.0234375
2 0.33515625 0.353515625 0.0109375 0.01171875
2 0.1875 0.3662109375 0.025 0.017578125
2 0.35078125 0.3486328125 0.0109375 0.009765625
2 0.2703125 0.3564453125 0.021875 0.021484375
2 0.0640625 0.375 0.05 0.0390625
2 0.32265625 0.3544921875 0.0140625 0.013671875
2 0.36484375 0.349609375 0.0078125 0.0078125
2 0.01171875 0.388671875 0.0234375 0.03515625
2 0.59765625 0.3544921875 0.0421875 0.048828125
2 0.53828125 0.3564453125 0.0296875 0.029296875
7 0.528125 0.3408203125 0.01875 0.029296875
7 0.50703125 0.3447265625 0.0109375 0.017578125
2 0.48515625 0.353515625 0.0171875 0.01953125
2 0.2234375 0.365234375 0.03125 0.0234375
2 0.29375 0.353515625 0.025 0.0234375
2 0.33515625 0.353515625 0.0109375 0.01171875
2 0.1875 0.3662109375 0.025 0.017578125
2 0.35078125 0.3486328125 0.0109375 0.009765625
2 0.2703125 0.3564453125 0.021875 0.021484375
2 0.0640625 0.375 0.05 0.0390625
2 0.32265625 0.3544921875 0.0140625 0.013671875
2 0.36484375 0.349609375 0.0078125 0.0078125
2 0.01171875 0.388671875 0.0234375 0.03515625
