2 0.69140625 0.39453125 0.1453125 0.13671875
2 0.61796875 0.353515625 0.0484375 0.05859375
2 0.5390625 0.3564453125 0.03125 0.029296875
7 0.52421875 0.337890625 0.0171875 0.02734375
7 0.5 0.337890625 0.009375 0.01171875
2 0.503125 0.345703125 0.009375 0.0078125
2 0.490625 0.349609375 0.01875 0.01953125
2 0.17421875 0.3681640625 0.0390625 0.029296875
7 0.3234375 0.3408203125 0.028125 0.037109375
2 0.33046875 0.3525390625 0.0171875 0.013671875
2 0.3515625 0.3515625 0.015625 0.01171875
2 0.38046875 0.3466796875 0.0140625 0.013671875
2 0.40234375 0.34375 0.0109375 0.01171875
2 0.41171875 0.345703125 0.0078125 0.0078125
7 0.35546875 0.3388671875 0.0203125 0.013671875
2 0.3609375 0.34765625 0.009375 0.01171875
2 0.41953125 0.34375 0.0078125 0.0078125
2 0.69140625 0.39453125 0.1453125 0.13671875
2 0.61796875 0.353515625 0.0484375 0.05859375
2 0.5390625 0.3564453125 0.03125 0.029296875
7 0.52421875 0.337890625 0.0171875 0.02734375
7 0.5 0.337890625 0.009375 0.01171875
2 0.503125 0.345703125 0.009375 0.0078125
2 0.490625 0.349609375 0.01875 0.01953125
2 0.17421875 0.3681640625 0.0390625 0.029296875
7 0.3234375 0.3408203125 0.028125 0.037109375
2 0.33046875 0.3525390625 0.0171875 0.013671875
2 0.3515625 0.3515625 0.015625 0.01171875
2 0.38046875 0.3466796875 0.0140625 0.013671875
2 0.40234375 0.34375 0.0109375 0.01171875
2 0.41171875 0.345703125 0.0078125 0.0078125
7 0.35546875 0.3388671875 0.0203125 0.013671875
2 0.3609375 0.34765625 0.009375 0.01171875
2 0.41953125 0.34375 0.0078125 0.0078125
