2 0.58515625 0.359375 0.0390625 0.04296875
2 0.53046875 0.36328125 0.0296875 0.02734375
7 0.53828125 0.341796875 0.0171875 0.0234375
7 0.51484375 0.3505859375 0.0109375 0.017578125
2 0.4875 0.357421875 0.015625 0.01953125
2 0.50078125 0.3544921875 0.0109375 0.009765625
7 0.0265625 0.357421875 0.053125 0.078125
2 0.05703125 0.376953125 0.0421875 0.03125
2 0.10234375 0.369140625 0.0515625 0.03125
2 0.2453125 0.359375 0.034375 0.01953125
2 0.290625 0.35546875 0.021875 0.015625
2 0.3203125 0.3544921875 0.0125 0.009765625
2 0.35078125 0.353515625 0.0140625 0.01171875
2 0.38515625 0.3544921875 0.0109375 0.009765625
2 0.2109375 0.3671875 0.025 0.015625
2 0.58515625 0.359375 0.0390625 0.04296875
2 0.53046875 0.36328125 0.0296875 0.02734375
7 0.53828125 0.341796875 0.0171875 0.0234375
7 0.51484375 0.3505859375 0.0109375 0.017578125
2 0.4875 0.357421875 0.015625 0.01953125
2 0.50078125 0.3544921875 0.0109375 0.009765625
7 0.0265625 0.357421875 0.053125 0.078125
2 0.05703125 0.376953125 0.0421875 0.03125
2 0.10234375 0.369140625 0.0515625 0.03125
2 0.2453125 0.359375 0.034375 0.01953125
2 0.290625 0.35546875 0.021875 0.015625
2 0.3203125 0.3544921875 0.0125 0.009765625
2 0.35078125 0.353515625 0.0140625 0.01171875
2 0.38515625 0.3544921875 0.0109375 0.009765625
2 0.2109375 0.3671875 0.025 0.015625
