2 0.79140625 0.4287109375 0.2390625 0.212890625
2 0.6125 0.3564453125 0.046875 0.048828125
2 0.54296875 0.3564453125 0.0296875 0.025390625
7 0.52734375 0.33984375 0.0171875 0.02734375
7 0.5015625 0.3408203125 0.009375 0.009765625
2 0.50390625 0.3466796875 0.0109375 0.009765625
2 0.490625 0.3525390625 0.015625 0.013671875
7 0.0125 0.3583984375 0.025 0.099609375
2 0.18046875 0.3623046875 0.0421875 0.033203125
2 0.30859375 0.3544921875 0.0171875 0.017578125
2 0.3484375 0.3515625 0.0125 0.01171875
7 0.18515625 0.3525390625 0.0734375 0.056640625
2 0.3828125 0.3486328125 0.009375 0.009765625
2 0.29140625 0.35546875 0.0171875 0.015625
2 0.36796875 0.3486328125 0.0140625 0.013671875
2 0.340625 0.3515625 0.0125 0.01171875
2 0.25234375 0.359375 0.0234375 0.01953125
2 0.396875 0.3486328125 0.00625 0.005859375
2 0.4046875 0.3486328125 0.00625 0.005859375
7 0.34453125 0.341796875 0.0140625 0.0078125
2 0.79140625 0.4287109375 0.2390625 0.212890625
2 0.6125 0.3564453125 0.046875 0.048828125
2 0.54296875 0.3564453125 0.0296875 0.025390625
7 0.52734375 0.33984375 0.0171875 0.02734375
7 0.5015625 0.3408203125 0.009375 0.009765625
2 0.50390625 0.3466796875 0.0109375 0.009765625
2 0.490625 0.3525390625 0.015625 0.013671875
7 0.0125 0.3583984375 0.025 0.099609375
2 0.18046875 0.3623046875 0.0421875 0.033203125
2 0.30859375 0.3544921875 0.0171875 0.017578125
2 0.3484375 0.3515625 0.0125 0.01171875
7 0.18515625 0.3525390625 0.0734375 0.056640625
2 0.3828125 0.3486328125 0.009375 0.009765625
2 0.29140625 0.35546875 0.0171875 0.015625
2 0.36796875 0.3486328125 0.0140625 0.013671875
2 0.340625 0.3515625 0.0125 0.01171875
2 0.25234375 0.359375 0.0234375 0.01953125
2 0.396875 0.3486328125 0.00625 0.005859375
2 0.4046875 0.3486328125 0.00625 0.005859375
7 0.34453125 0.341796875 0.0140625 0.0078125
