9 0.5015625 0.3076171875 0.009375 0.033203125
9 0.6328125 0.3076171875 0.009375 0.033203125
11 0.70546875 0.3203125 0.0453125 0.01953125
0 0.60078125 0.4580078125 0.0109375 0.048828125
2 0.46796875 0.455078125 0.0703125 0.046875
2 0.3828125 0.453125 0.059375 0.03515625
2 0.2453125 0.521484375 0.190625 0.1640625
2 0.12109375 0.59375 0.2421875 0.2265625
2 0.2703125 0.4384765625 0.0625 0.029296875
2 0.08046875 0.458984375 0.1390625 0.05859375
11 0.2140625 0.380859375 0.01875 0.06640625
9 0.88359375 0.255859375 0.0171875 0.046875
9 0.85703125 0.265625 0.0140625 0.04296875
9 0.7515625 0.3828125 0.00625 0.015625
11 0.9359375 0.255859375 0.034375 0.0390625
11 0.08828125 0.3955078125 0.0171875 0.017578125
2 0.02734375 0.46875 0.0546875 0.04296875
9 0.0796875 0.36328125 0.0125 0.0390625
2 0.3421875 0.453125 0.04375 0.03125
2 0.94296875 0.68359375 0.1109375 0.24609375
0 0.30703125 0.4345703125 0.0078125 0.009765625
11 0.94296875 0.3974609375 0.0140625 0.013671875
10 0.58203125 0.466796875 0.0078125 0.02734375
2 0.31328125 0.451171875 0.0234375 0.0234375
9 0.978125 0.3603515625 0.009375 0.029296875
9 0.5015625 0.3076171875 0.009375 0.033203125
9 0.6328125 0.3076171875 0.009375 0.033203125
11 0.70546875 0.3203125 0.0453125 0.01953125
0 0.60078125 0.4580078125 0.0109375 0.048828125
2 0.46796875 0.455078125 0.0703125 0.046875
2 0.3828125 0.453125 0.059375 0.03515625
2 0.2453125 0.521484375 0.190625 0.1640625
2 0.12109375 0.59375 0.2421875 0.2265625
2 0.2703125 0.4384765625 0.0625 0.029296875
2 0.08046875 0.458984375 0.1390625 0.05859375
11 0.2140625 0.380859375 0.01875 0.06640625
9 0.88359375 0.255859375 0.0171875 0.046875
9 0.85703125 0.265625 0.0140625 0.04296875
9 0.7515625 0.3828125 0.00625 0.015625
11 0.9359375 0.255859375 0.034375 0.0390625
11 0.08828125 0.3955078125 0.0171875 0.017578125
2 0.02734375 0.46875 0.0546875 0.04296875
9 0.0796875 0.36328125 0.0125 0.0390625
2 0.3421875 0.453125 0.04375 0.03125
2 0.94296875 0.68359375 0.1109375 0.24609375
0 0.30703125 0.4345703125 0.0078125 0.009765625
11 0.94296875 0.3974609375 0.0140625 0.013671875
10 0.58203125 0.466796875 0.0078125 0.02734375
2 0.31328125 0.451171875 0.0234375 0.0234375
9 0.978125 0.3603515625 0.009375 0.029296875
