2 0.58515625 0.359375 0.0390625 0.04296875
2 0.53046875 0.36328125 0.0296875 0.02734375
7 0.53828125 0.341796875 0.0171875 0.0234375
7 0.51484375 0.3505859375 0.0109375 0.017578125
2 0.4875 0.357421875 0.015625 0.01953125
2 0.50078125 0.3544921875 0.0109375 0.009765625
2 0.01015625 0.3798828125 0.0203125 0.033203125
2 0.0484375 0.373046875 0.0625 0.03515625
2 0.21953125 0.359375 0.0265625 0.01953125
2 0.278125 0.35546875 0.021875 0.015625
2 0.309375 0.3564453125 0.0125 0.009765625
2 0.34453125 0.353515625 0.0140625 0.01171875
2 0.3796875 0.353515625 0.009375 0.0078125
2 0.190625 0.3671875 0.025 0.015625
2 0.23984375 0.359375 0.0140625 0.015625
2 0.3703125 0.35546875 0.009375 0.0078125
2 0.58515625 0.359375 0.0390625 0.04296875
2 0.53046875 0.36328125 0.0296875 0.02734375
7 0.53828125 0.341796875 0.0171875 0.0234375
7 0.51484375 0.3505859375 0.0109375 0.017578125
2 0.4875 0.357421875 0.015625 0.01953125
2 0.50078125 0.3544921875 0.0109375 0.009765625
2 0.01015625 0.3798828125 0.0203125 0.033203125
2 0.0484375 0.373046875 0.0625 0.03515625
2 0.21953125 0.359375 0.0265625 0.01953125
2 0.278125 0.35546875 0.021875 0.015625
2 0.309375 0.3564453125 0.0125 0.009765625
2 0.34453125 0.353515625 0.0140625 0.01171875
2 0.3796875 0.353515625 0.009375 0.0078125
2 0.190625 0.3671875 0.025 0.015625
2 0.23984375 0.359375 0.0140625 0.015625
2 0.3703125 0.35546875 0.009375 0.0078125
