0 0.71796875 0.3779296875 0.0203125 0.076171875
0 0.6765625 0.3837890625 0.021875 0.076171875
0 0.59765625 0.375 0.0171875 0.0625
2 0.4015625 0.3837890625 0.05 0.048828125
2 0.4265625 0.3759765625 0.025 0.037109375
2 0.45859375 0.365234375 0.0140625 0.0234375
2 0.48359375 0.376953125 0.0390625 0.03515625
2 0.5609375 0.3818359375 0.0375 0.041015625
2 0.53828125 0.375 0.0234375 0.03125
11 0.25625 0.1318359375 0.0375 0.052734375
9 0.41875 0.14453125 0.015625 0.0546875
9 0.4421875 0.1455078125 0.0125 0.052734375
9 0.40390625 0.146484375 0.0140625 0.05078125
0 0.7578125 0.380859375 0.01875 0.0625
2 0.496875 0.373046875 0.021875 0.03125
9 0.46953125 0.3125 0.0046875 0.01171875
3 0.2609375 0.392578125 0.021875 0.03125
3 0.01484375 0.4365234375 0.0296875 0.037109375
0 0.00625 0.4140625 0.0125 0.05078125
11 0.9625 0.314453125 0.06875 0.078125
11 0.95859375 0.1982421875 0.0578125 0.029296875
9 0.97265625 0.240234375 0.0328125 0.0390625
2 0.16796875 0.3974609375 0.0578125 0.044921875
2 0.5109375 0.3671875 0.015625 0.01953125
9 0.9265625 0.2392578125 0.0375 0.041015625
0 0.0640625 0.388671875 0.015625 0.03515625
0 0.1109375 0.376953125 0.0125 0.015625
2 0.3640625 0.3740234375 0.0375 0.041015625
11 0.665625 0.3134765625 0.021875 0.025390625
10 0.93125 0.404296875 0.0125 0.02734375
0 0.14140625 0.3828125 0.0140625 0.03515625
0 0.2625 0.3837890625 0.0125 0.037109375
0 0.08203125 0.3896484375 0.0109375 0.013671875
0 0.08984375 0.3876953125 0.0109375 0.013671875
0 0.0421875 0.400390625 0.0125 0.0234375
1 0.13125 0.4091796875 0.015625 0.021484375
9 0.0328125 0.1123046875 0.015625 0.048828125
9 0.01484375 0.1123046875 0.0171875 0.048828125
9 0.66640625 0.28125 0.0109375 0.015625
2 0.321875 0.380859375 0.053125 0.0546875
3 0.45234375 0.373046875 0.0109375 0.01953125
0 0.45234375 0.365234375 0.0109375 0.0234375
0 0.71796875 0.3779296875 0.0203125 0.076171875
0 0.6765625 0.3837890625 0.021875 0.076171875
0 0.59765625 0.375 0.0171875 0.0625
2 0.4015625 0.3837890625 0.05 0.048828125
2 0.4265625 0.3759765625 0.025 0.037109375
2 0.45859375 0.365234375 0.0140625 0.0234375
2 0.48359375 0.376953125 0.0390625 0.03515625
2 0.5609375 0.3818359375 0.0375 0.041015625
2 0.53828125 0.375 0.0234375 0.03125
11 0.25625 0.1318359375 0.0375 0.052734375
9 0.41875 0.14453125 0.015625 0.0546875
9 0.4421875 0.1455078125 0.0125 0.052734375
9 0.40390625 0.146484375 0.0140625 0.05078125
0 0.7578125 0.380859375 0.01875 0.0625
2 0.496875 0.373046875 0.021875 0.03125
9 0.46953125 0.3125 0.0046875 0.01171875
3 0.2609375 0.392578125 0.021875 0.03125
3 0.01484375 0.4365234375 0.0296875 0.037109375
0 0.00625 0.4140625 0.0125 0.05078125
11 0.9625 0.314453125 0.06875 0.078125
11 0.95859375 0.1982421875 0.0578125 0.029296875
9 0.97265625 0.240234375 0.0328125 0.0390625
2 0.16796875 0.3974609375 0.0578125 0.044921875
2 0.5109375 0.3671875 0.015625 0.01953125
9 0.9265625 0.2392578125 0.0375 0.041015625
0 0.0640625 0.388671875 0.015625 0.03515625
0 0.1109375 0.376953125 0.0125 0.015625
2 0.3640625 0.3740234375 0.0375 0.041015625
11 0.665625 0.3134765625 0.021875 0.025390625
10 0.93125 0.404296875 0.0125 0.02734375
0 0.14140625 0.3828125 0.0140625 0.03515625
0 0.2625 0.3837890625 0.0125 0.037109375
0 0.08203125 0.3896484375 0.0109375 0.013671875
0 0.08984375 0.3876953125 0.0109375 0.013671875
0 0.0421875 0.400390625 0.0125 0.0234375
1 0.13125 0.4091796875 0.015625 0.021484375
9 0.0328125 0.1123046875 0.015625 0.048828125
9 0.01484375 0.1123046875 0.0171875 0.048828125
9 0.66640625 0.28125 0.0109375 0.015625
2 0.321875 0.380859375 0.053125 0.0546875
3 0.45234375 0.373046875 0.0109375 0.01953125
0 0.45234375 0.365234375 0.0109375 0.0234375
