2 0.51953125 0.630859375 0.0234375 0.02734375
7 0.9171875 0.6328125 0.1625 0.2578125
7 0.7015625 0.6240234375 0.078125 0.091796875
7 0.60390625 0.623046875 0.0328125 0.0546875
7 0.634375 0.6240234375 0.028125 0.052734375
2 0.553125 0.6279296875 0.009375 0.013671875
2 0.51953125 0.630859375 0.0234375 0.02734375
7 0.9171875 0.6328125 0.1625 0.2578125
7 0.7015625 0.6240234375 0.078125 0.091796875
7 0.60390625 0.623046875 0.0328125 0.0546875
7 0.634375 0.6240234375 0.028125 0.052734375
2 0.553125 0.6279296875 0.009375 0.013671875
