3 0.978125 0.6044921875 0.040625 0.201171875
3 0.92890625 0.53125 0.1390625 0.1875
3 0.86875 0.5185546875 0.13125 0.142578125
2 0.834375 0.4599609375 0.221875 0.208984375
2 0.715625 0.421875 0.13125 0.14453125
3 0.596875 0.39453125 0.046875 0.046875
3 0.6078125 0.3994140625 0.05 0.048828125
0 0.5921875 0.3564453125 0.009375 0.029296875
0 0.571875 0.3642578125 0.009375 0.037109375
0 0.54140625 0.361328125 0.0078125 0.03515625
2 0.0578125 0.4150390625 0.1125 0.087890625
2 0.24765625 0.38671875 0.0890625 0.08203125
2 0.35703125 0.369140625 0.0390625 0.0390625
2 0.409375 0.3720703125 0.040625 0.044921875
2 0.43203125 0.36328125 0.0265625 0.02734375
2 0.446875 0.359375 0.01875 0.0234375
2 0.47265625 0.3681640625 0.0359375 0.037109375
2 0.48671875 0.3603515625 0.0265625 0.033203125
2 0.5234375 0.3662109375 0.025 0.025390625
2 0.5140625 0.3623046875 0.01875 0.021484375
11 0.38359375 0.2529296875 0.0140625 0.021484375
11 0.75859375 0.291015625 0.0265625 0.04296875
9 0.45078125 0.2548828125 0.0078125 0.021484375
9 0.459375 0.2548828125 0.00625 0.021484375
9 0.44375 0.2548828125 0.00625 0.021484375
9 0.30078125 0.24609375 0.0078125 0.0234375
9 0.2921875 0.2451171875 0.009375 0.025390625
9 0.56796875 0.3115234375 0.0046875 0.005859375
9 0.28359375 0.24609375 0.0078125 0.0234375
2 0.3859375 0.359375 0.01875 0.0234375
2 0.02109375 0.404296875 0.0421875 0.0546875
0 0.146875 0.3779296875 0.0125 0.033203125
0 0.13125 0.3779296875 0.0125 0.037109375
3 0.646875 0.3994140625 0.034375 0.099609375
2 0.29453125 0.3720703125 0.0203125 0.025390625
3 0.96171875 0.5791015625 0.0734375 0.197265625
0 0.65 0.36328125 0.021875 0.02734375
0 0.6171875 0.3583984375 0.009375 0.029296875
3 0.978125 0.6044921875 0.040625 0.201171875
3 0.92890625 0.53125 0.1390625 0.1875
3 0.86875 0.5185546875 0.13125 0.142578125
2 0.834375 0.4599609375 0.221875 0.208984375
2 0.715625 0.421875 0.13125 0.14453125
3 0.596875 0.39453125 0.046875 0.046875
3 0.6078125 0.3994140625 0.05 0.048828125
0 0.5921875 0.3564453125 0.009375 0.029296875
0 0.571875 0.3642578125 0.009375 0.037109375
0 0.54140625 0.361328125 0.0078125 0.03515625
2 0.0578125 0.4150390625 0.1125 0.087890625
2 0.24765625 0.38671875 0.0890625 0.08203125
2 0.35703125 0.369140625 0.0390625 0.0390625
2 0.409375 0.3720703125 0.040625 0.044921875
2 0.43203125 0.36328125 0.0265625 0.02734375
2 0.446875 0.359375 0.01875 0.0234375
2 0.47265625 0.3681640625 0.0359375 0.037109375
2 0.48671875 0.3603515625 0.0265625 0.033203125
2 0.5234375 0.3662109375 0.025 0.025390625
2 0.5140625 0.3623046875 0.01875 0.021484375
11 0.38359375 0.2529296875 0.0140625 0.021484375
11 0.75859375 0.291015625 0.0265625 0.04296875
9 0.45078125 0.2548828125 0.0078125 0.021484375
9 0.459375 0.2548828125 0.00625 0.021484375
9 0.44375 0.2548828125 0.00625 0.021484375
9 0.30078125 0.24609375 0.0078125 0.0234375
9 0.2921875 0.2451171875 0.009375 0.025390625
9 0.56796875 0.3115234375 0.0046875 0.005859375
9 0.28359375 0.24609375 0.0078125 0.0234375
2 0.3859375 0.359375 0.01875 0.0234375
2 0.02109375 0.404296875 0.0421875 0.0546875
0 0.146875 0.3779296875 0.0125 0.033203125
0 0.13125 0.3779296875 0.0125 0.037109375
3 0.646875 0.3994140625 0.034375 0.099609375
2 0.29453125 0.3720703125 0.0203125 0.025390625
3 0.96171875 0.5791015625 0.0734375 0.197265625
0 0.65 0.36328125 0.021875 0.02734375
0 0.6171875 0.3583984375 0.009375 0.029296875
