2 0.72890625 0.4892578125 0.0609375 0.056640625
9 0.490625 0.2392578125 0.01875 0.060546875
9 0.65390625 0.228515625 0.0171875 0.0625
11 0.53828125 0.2177734375 0.0265625 0.041015625
11 0.78828125 0.255859375 0.0828125 0.03515625
11 0.0390625 0.2880859375 0.0375 0.048828125
9 0.02578125 0.3779296875 0.0171875 0.017578125
9 0.0796875 0.375 0.01875 0.015625
11 0.04921875 0.400390625 0.0609375 0.01953125
11 0.85234375 0.3232421875 0.0296875 0.052734375
0 0.90625 0.5205078125 0.03125 0.107421875
0 0.88515625 0.4931640625 0.0296875 0.091796875
2 0.57265625 0.494140625 0.0453125 0.05078125
11 0.63984375 0.4169921875 0.0171875 0.029296875
2 0.1421875 0.52734375 0.078125 0.0625
2 0.084375 0.5234375 0.059375 0.05859375
0 0.48671875 0.4814453125 0.0109375 0.037109375
2 0.19765625 0.5068359375 0.0328125 0.033203125
2 0.34140625 0.4951171875 0.0234375 0.017578125
11 0.04453125 0.330078125 0.0265625 0.03125
2 0.17109375 0.505859375 0.0328125 0.03125
2 0.9375 0.45703125 0.053125 0.03125
2 0.87109375 0.4638671875 0.0234375 0.021484375
2 0.22265625 0.5009765625 0.0390625 0.041015625
2 0.2453125 0.498046875 0.01875 0.03515625
2 0.72890625 0.4892578125 0.0609375 0.056640625
9 0.490625 0.2392578125 0.01875 0.060546875
9 0.65390625 0.228515625 0.0171875 0.0625
11 0.53828125 0.2177734375 0.0265625 0.041015625
11 0.78828125 0.255859375 0.0828125 0.03515625
11 0.0390625 0.2880859375 0.0375 0.048828125
9 0.02578125 0.3779296875 0.0171875 0.017578125
9 0.0796875 0.375 0.01875 0.015625
11 0.04921875 0.400390625 0.0609375 0.01953125
11 0.85234375 0.3232421875 0.0296875 0.052734375
0 0.90625 0.5205078125 0.03125 0.107421875
0 0.88515625 0.4931640625 0.0296875 0.091796875
2 0.57265625 0.494140625 0.0453125 0.05078125
11 0.63984375 0.4169921875 0.0171875 0.029296875
2 0.1421875 0.52734375 0.078125 0.0625
2 0.084375 0.5234375 0.059375 0.05859375
0 0.48671875 0.4814453125 0.0109375 0.037109375
2 0.19765625 0.5068359375 0.0328125 0.033203125
2 0.34140625 0.4951171875 0.0234375 0.017578125
11 0.04453125 0.330078125 0.0265625 0.03125
2 0.17109375 0.505859375 0.0328125 0.03125
2 0.9375 0.45703125 0.053125 0.03125
2 0.87109375 0.4638671875 0.0234375 0.021484375
2 0.22265625 0.5009765625 0.0390625 0.041015625
2 0.2453125 0.498046875 0.01875 0.03515625
