9 0.48671875 0.296875 0.0109375 0.0390625
9 0.63828125 0.294921875 0.0109375 0.0390625
11 0.72109375 0.310546875 0.0546875 0.0234375
0 0.6 0.4697265625 0.015625 0.056640625
2 0.45078125 0.4638671875 0.0796875 0.052734375
2 0.359375 0.4638671875 0.065625 0.037109375
2 0.115625 0.5908203125 0.23125 0.271484375
2 0.23359375 0.4619140625 0.0703125 0.060546875
11 0.05703125 0.365234375 0.0421875 0.09375
9 0.95 0.216796875 0.021875 0.05859375
9 0.90859375 0.2353515625 0.0203125 0.048828125
9 0.77265625 0.3798828125 0.0078125 0.013671875
2 0.315625 0.462890625 0.04375 0.03515625
2 0.9078125 0.681640625 0.18125 0.3515625
0 0.27578125 0.443359375 0.0078125 0.01171875
10 0.57890625 0.478515625 0.0109375 0.03125
2 0.28203125 0.4619140625 0.0328125 0.029296875
9 0.19140625 0.3994140625 0.0078125 0.013671875
9 0.134375 0.2998046875 0.015625 0.033203125
9 0.10703125 0.2890625 0.0140625 0.0390625
11 0.17578125 0.330078125 0.0203125 0.01953125
11 0.1875 0.3671875 0.015625 0.03515625
2 0.17890625 0.45703125 0.0359375 0.03125
9 0.48671875 0.296875 0.0109375 0.0390625
9 0.63828125 0.294921875 0.0109375 0.0390625
11 0.72109375 0.310546875 0.0546875 0.0234375
0 0.6 0.4697265625 0.015625 0.056640625
2 0.45078125 0.4638671875 0.0796875 0.052734375
2 0.359375 0.4638671875 0.065625 0.037109375
2 0.115625 0.5908203125 0.23125 0.271484375
2 0.23359375 0.4619140625 0.0703125 0.060546875
11 0.05703125 0.365234375 0.0421875 0.09375
9 0.95 0.216796875 0.021875 0.05859375
9 0.90859375 0.2353515625 0.0203125 0.048828125
9 0.77265625 0.3798828125 0.0078125 0.013671875
2 0.315625 0.462890625 0.04375 0.03515625
2 0.9078125 0.681640625 0.18125 0.3515625
0 0.27578125 0.443359375 0.0078125 0.01171875
10 0.57890625 0.478515625 0.0109375 0.03125
2 0.28203125 0.4619140625 0.0328125 0.029296875
9 0.19140625 0.3994140625 0.0078125 0.013671875
9 0.134375 0.2998046875 0.015625 0.033203125
9 0.10703125 0.2890625 0.0140625 0.0390625
11 0.17578125 0.330078125 0.0203125 0.01953125
11 0.1875 0.3671875 0.015625 0.03515625
2 0.17890625 0.45703125 0.0359375 0.03125
