2 0.43828125 0.630859375 0.0609375 0.0625
2 0.5265625 0.6298828125 0.01875 0.021484375
7 0.90546875 0.6220703125 0.1859375 0.263671875
7 0.72734375 0.6220703125 0.0640625 0.119140625
7 0.66171875 0.619140625 0.0515625 0.0703125
7 0.590625 0.62109375 0.028125 0.046875
7 0.6171875 0.623046875 0.025 0.046875
2 0.5484375 0.6298828125 0.0125 0.013671875
7 0.79140625 0.6328125 0.0734375 0.1328125
2 0.43828125 0.630859375 0.0609375 0.0625
2 0.5265625 0.6298828125 0.01875 0.021484375
7 0.90546875 0.6220703125 0.1859375 0.263671875
7 0.72734375 0.6220703125 0.0640625 0.119140625
7 0.66171875 0.619140625 0.0515625 0.0703125
7 0.590625 0.62109375 0.028125 0.046875
7 0.6171875 0.623046875 0.025 0.046875
2 0.5484375 0.6298828125 0.0125 0.013671875
7 0.79140625 0.6328125 0.0734375 0.1328125
