2 0.7046875 0.3994140625 0.159375 0.146484375
2 0.61640625 0.3544921875 0.0515625 0.056640625
2 0.5390625 0.3583984375 0.03125 0.029296875
7 0.52421875 0.33984375 0.0171875 0.02734375
7 0.5 0.337890625 0.009375 0.01171875
2 0.50390625 0.3466796875 0.0109375 0.009765625
2 0.490625 0.349609375 0.01875 0.01953125
2 0.0046875 0.390625 0.009375 0.03515625
7 0.2921875 0.3427734375 0.03125 0.041015625
2 0.28984375 0.3544921875 0.0203125 0.013671875
2 0.321875 0.353515625 0.01875 0.015625
2 0.36484375 0.34765625 0.0140625 0.015625
2 0.3921875 0.3447265625 0.009375 0.009765625
2 0.40390625 0.34765625 0.0078125 0.0078125
7 0.340625 0.337890625 0.021875 0.015625
2 0.34140625 0.3486328125 0.0171875 0.013671875
2 0.41171875 0.345703125 0.0078125 0.0078125
2 0.3796875 0.3486328125 0.009375 0.009765625
2 0.7046875 0.3994140625 0.159375 0.146484375
2 0.61640625 0.3544921875 0.0515625 0.056640625
2 0.5390625 0.3583984375 0.03125 0.029296875
7 0.52421875 0.33984375 0.0171875 0.02734375
7 0.5 0.337890625 0.009375 0.01171875
2 0.50390625 0.3466796875 0.0109375 0.009765625
2 0.490625 0.349609375 0.01875 0.01953125
2 0.0046875 0.390625 0.009375 0.03515625
7 0.2921875 0.3427734375 0.03125 0.041015625
2 0.28984375 0.3544921875 0.0203125 0.013671875
2 0.321875 0.353515625 0.01875 0.015625
2 0.36484375 0.34765625 0.0140625 0.015625
2 0.3921875 0.3447265625 0.009375 0.009765625
2 0.40390625 0.34765625 0.0078125 0.0078125
7 0.340625 0.337890625 0.021875 0.015625
2 0.34140625 0.3486328125 0.0171875 0.013671875
2 0.41171875 0.345703125 0.0078125 0.0078125
2 0.3796875 0.3486328125 0.009375 0.009765625
