2 0.58671875 0.35546875 0.0390625 0.04296875
2 0.53359375 0.357421875 0.0296875 0.02734375
7 0.53671875 0.3359375 0.0171875 0.01953125
7 0.51640625 0.3447265625 0.0109375 0.017578125
2 0.4875 0.353515625 0.015625 0.01953125
2 0.503125 0.349609375 0.009375 0.0078125
2 0.13359375 0.36328125 0.0390625 0.0234375
7 0.246875 0.345703125 0.053125 0.0390625
2 0.29140625 0.3515625 0.0140625 0.01171875
2 0.30859375 0.349609375 0.0140625 0.01171875
2 0.34609375 0.3486328125 0.0109375 0.009765625
2 0.3671875 0.345703125 0.009375 0.0078125
2 0.38046875 0.3486328125 0.0078125 0.005859375
2 0.39375 0.3447265625 0.00625 0.005859375
2 0.40625 0.3486328125 0.00625 0.005859375
2 0.58671875 0.35546875 0.0390625 0.04296875
2 0.53359375 0.357421875 0.0296875 0.02734375
7 0.53671875 0.3359375 0.0171875 0.01953125
7 0.51640625 0.3447265625 0.0109375 0.017578125
2 0.4875 0.353515625 0.015625 0.01953125
2 0.503125 0.349609375 0.009375 0.0078125
2 0.13359375 0.36328125 0.0390625 0.0234375
7 0.246875 0.345703125 0.053125 0.0390625
2 0.29140625 0.3515625 0.0140625 0.01171875
2 0.30859375 0.349609375 0.0140625 0.01171875
2 0.34609375 0.3486328125 0.0109375 0.009765625
2 0.3671875 0.345703125 0.009375 0.0078125
2 0.38046875 0.3486328125 0.0078125 0.005859375
2 0.39375 0.3447265625 0.00625 0.005859375
2 0.40625 0.3486328125 0.00625 0.005859375
