2 0.9453125 0.5859375 0.10625 0.2578125
2 0.88359375 0.533203125 0.2203125 0.20703125
2 0.775 0.484375 0.1375 0.15234375
2 0.6703125 0.4736328125 0.0375 0.080078125
2 0.64375 0.451171875 0.03125 0.03125
2 0.57734375 0.451171875 0.0109375 0.01171875
2 0.559375 0.453125 0.015625 0.01171875
2 0.525 0.44921875 0.01875 0.01953125
0 0.5015625 0.451171875 0.00625 0.0234375
2 0.334375 0.462890625 0.01875 0.0234375
2 0.3109375 0.470703125 0.03125 0.03125
9 0.5265625 0.3515625 0.00625 0.0234375
9 0.58984375 0.3466796875 0.0078125 0.025390625
11 0.54609375 0.3427734375 0.0109375 0.017578125
11 0.640625 0.3583984375 0.034375 0.013671875
11 0.36640625 0.375 0.0140625 0.01953125
9 0.3578125 0.4072265625 0.00625 0.005859375
9 0.378125 0.4052734375 0.00625 0.005859375
11 0.36015625 0.4453125 0.0078125 0.0078125
0 0.43046875 0.462890625 0.0109375 0.0390625
0 0.28828125 0.4736328125 0.0203125 0.056640625
0 0.26953125 0.4736328125 0.0171875 0.060546875
9 0.33984375 0.330078125 0.0078125 0.02734375
9 0.3625 0.3408203125 0.00625 0.021484375
2 0.690625 0.4775390625 0.040625 0.083984375
2 0.24296875 0.4775390625 0.0265625 0.033203125
2 0.41015625 0.4619140625 0.0234375 0.017578125
2 0.38359375 0.4677734375 0.0234375 0.017578125
2 0.2140625 0.4814453125 0.03125 0.033203125
2 0.9453125 0.5859375 0.10625 0.2578125
2 0.88359375 0.533203125 0.2203125 0.20703125
2 0.775 0.484375 0.1375 0.15234375
2 0.6703125 0.4736328125 0.0375 0.080078125
2 0.64375 0.451171875 0.03125 0.03125
2 0.57734375 0.451171875 0.0109375 0.01171875
2 0.559375 0.453125 0.015625 0.01171875
2 0.525 0.44921875 0.01875 0.01953125
0 0.5015625 0.451171875 0.00625 0.0234375
2 0.334375 0.462890625 0.01875 0.0234375
2 0.3109375 0.470703125 0.03125 0.03125
9 0.5265625 0.3515625 0.00625 0.0234375
9 0.58984375 0.3466796875 0.0078125 0.025390625
11 0.54609375 0.3427734375 0.0109375 0.017578125
11 0.640625 0.3583984375 0.034375 0.013671875
11 0.36640625 0.375 0.0140625 0.01953125
9 0.3578125 0.4072265625 0.00625 0.005859375
9 0.378125 0.4052734375 0.00625 0.005859375
11 0.36015625 0.4453125 0.0078125 0.0078125
0 0.43046875 0.462890625 0.0109375 0.0390625
0 0.28828125 0.4736328125 0.0203125 0.056640625
0 0.26953125 0.4736328125 0.0171875 0.060546875
9 0.33984375 0.330078125 0.0078125 0.02734375
9 0.3625 0.3408203125 0.00625 0.021484375
2 0.690625 0.4775390625 0.040625 0.083984375
2 0.24296875 0.4775390625 0.0265625 0.033203125
2 0.41015625 0.4619140625 0.0234375 0.017578125
2 0.38359375 0.4677734375 0.0234375 0.017578125
2 0.2140625 0.4814453125 0.03125 0.033203125
