2 0.590625 0.35546875 0.040625 0.04296875
2 0.5375 0.359375 0.03125 0.02734375
7 0.53125 0.33984375 0.01875 0.03125
7 0.5125 0.3447265625 0.009375 0.017578125
2 0.48203125 0.3515625 0.0171875 0.01953125
2 0.11171875 0.3779296875 0.0515625 0.037109375
2 0.246875 0.353515625 0.021875 0.015625
2 0.2828125 0.3515625 0.015625 0.01171875
2 0.20390625 0.3662109375 0.0328125 0.025390625
2 0.32890625 0.3486328125 0.0109375 0.009765625
2 0.00625 0.3876953125 0.0125 0.029296875
2 0.590625 0.35546875 0.040625 0.04296875
2 0.5375 0.359375 0.03125 0.02734375
7 0.53125 0.33984375 0.01875 0.03125
7 0.5125 0.3447265625 0.009375 0.017578125
2 0.48203125 0.3515625 0.0171875 0.01953125
2 0.11171875 0.3779296875 0.0515625 0.037109375
2 0.246875 0.353515625 0.021875 0.015625
2 0.2828125 0.3515625 0.015625 0.01171875
2 0.20390625 0.3662109375 0.0328125 0.025390625
2 0.32890625 0.3486328125 0.0109375 0.009765625
2 0.00625 0.3876953125 0.0125 0.029296875
