2 0.43359375 0.626953125 0.0609375 0.0625
2 0.5265625 0.6259765625 0.01875 0.021484375
7 0.91015625 0.619140625 0.1765625 0.27734375
7 0.72734375 0.6201171875 0.0640625 0.119140625
7 0.66171875 0.619140625 0.0515625 0.0703125
7 0.590625 0.62109375 0.028125 0.046875
7 0.6171875 0.623046875 0.025 0.046875
2 0.5484375 0.6259765625 0.0125 0.013671875
7 0.79609375 0.630859375 0.0828125 0.1328125
2 0.43359375 0.626953125 0.0609375 0.0625
2 0.5265625 0.6259765625 0.01875 0.021484375
7 0.91015625 0.619140625 0.1765625 0.27734375
7 0.72734375 0.6201171875 0.0640625 0.119140625
7 0.66171875 0.619140625 0.0515625 0.0703125
7 0.590625 0.62109375 0.028125 0.046875
7 0.6171875 0.623046875 0.025 0.046875
2 0.5484375 0.6259765625 0.0125 0.013671875
7 0.79609375 0.630859375 0.0828125 0.1328125
