2 0.58671875 0.3564453125 0.0390625 0.044921875
2 0.53515625 0.3603515625 0.0296875 0.029296875
7 0.53515625 0.3369140625 0.0171875 0.017578125
7 0.51640625 0.3466796875 0.0109375 0.017578125
2 0.48515625 0.3544921875 0.0171875 0.021484375
2 0.503125 0.3525390625 0.009375 0.009765625
2 0.16953125 0.3642578125 0.0328125 0.017578125
2 0.26484375 0.35546875 0.0171875 0.01171875
7 0.30703125 0.345703125 0.0328125 0.02734375
2 0.340625 0.3515625 0.009375 0.0078125
2 0.35390625 0.3505859375 0.0109375 0.009765625
2 0.0796875 0.3720703125 0.04375 0.025390625
2 0.37734375 0.349609375 0.0109375 0.0078125
2 0.390625 0.349609375 0.009375 0.0078125
2 0.58671875 0.3564453125 0.0390625 0.044921875
2 0.53515625 0.3603515625 0.0296875 0.029296875
7 0.53515625 0.3369140625 0.0171875 0.017578125
7 0.51640625 0.3466796875 0.0109375 0.017578125
2 0.48515625 0.3544921875 0.0171875 0.021484375
2 0.503125 0.3525390625 0.009375 0.009765625
2 0.16953125 0.3642578125 0.0328125 0.017578125
2 0.26484375 0.35546875 0.0171875 0.01171875
7 0.30703125 0.345703125 0.0328125 0.02734375
2 0.340625 0.3515625 0.009375 0.0078125
2 0.35390625 0.3505859375 0.0109375 0.009765625
2 0.0796875 0.3720703125 0.04375 0.025390625
2 0.37734375 0.349609375 0.0109375 0.0078125
2 0.390625 0.349609375 0.009375 0.0078125
