2 0.68515625 0.39453125 0.1421875 0.1328125
2 0.61796875 0.357421875 0.0453125 0.05859375
2 0.5390625 0.357421875 0.03125 0.03125
7 0.52421875 0.337890625 0.0171875 0.02734375
7 0.5 0.33984375 0.009375 0.01171875
2 0.503125 0.345703125 0.009375 0.0078125
2 0.490625 0.3505859375 0.01875 0.021484375
2 0.22265625 0.3623046875 0.0328125 0.025390625
7 0.334375 0.3408203125 0.025 0.033203125
2 0.34140625 0.3505859375 0.0140625 0.013671875
2 0.359375 0.349609375 0.0125 0.01171875
2 0.38671875 0.345703125 0.0140625 0.015625
2 0.40546875 0.34375 0.0109375 0.01171875
2 0.4203125 0.34375 0.015625 0.01171875
7 0.3578125 0.3359375 0.015625 0.01953125
2 0.36875 0.345703125 0.009375 0.01171875
2 0.68515625 0.39453125 0.1421875 0.1328125
2 0.61796875 0.357421875 0.0453125 0.05859375
2 0.5390625 0.357421875 0.03125 0.03125
7 0.52421875 0.337890625 0.0171875 0.02734375
7 0.5 0.33984375 0.009375 0.01171875
2 0.503125 0.345703125 0.009375 0.0078125
2 0.490625 0.3505859375 0.01875 0.021484375
2 0.22265625 0.3623046875 0.0328125 0.025390625
7 0.334375 0.3408203125 0.025 0.033203125
2 0.34140625 0.3505859375 0.0140625 0.013671875
2 0.359375 0.349609375 0.0125 0.01171875
2 0.38671875 0.345703125 0.0140625 0.015625
2 0.40546875 0.34375 0.0109375 0.01171875
2 0.4203125 0.34375 0.015625 0.01171875
7 0.3578125 0.3359375 0.015625 0.01953125
2 0.36875 0.345703125 0.009375 0.01171875
