2 0.69140625 0.4501953125 0.0484375 0.044921875
2 0.5859375 0.4443359375 0.0125 0.013671875
2 0.5234375 0.4462890625 0.021875 0.017578125
0 0.48984375 0.4453125 0.0109375 0.03125
9 0.509375 0.2724609375 0.0125 0.044921875
9 0.621875 0.265625 0.0125 0.046875
11 0.54296875 0.2578125 0.0203125 0.03125
11 0.715625 0.2861328125 0.059375 0.025390625
11 0.20703125 0.3076171875 0.0265625 0.033203125
9 0.1921875 0.3681640625 0.009375 0.009765625
9 0.23359375 0.3671875 0.0109375 0.01171875
0 0.63125 0.4736328125 0.021875 0.072265625
0 0.14453125 0.537109375 0.0515625 0.1875
0 0.084375 0.541015625 0.05 0.19921875
9 0.08828125 0.19140625 0.0171875 0.05859375
9 0.18359375 0.236328125 0.0140625 0.046875
11 0.21171875 0.3837890625 0.0390625 0.013671875
0 0.01875 0.5185546875 0.0375 0.158203125
2 0.28984375 0.4609375 0.0359375 0.03515625
11 0.7578125 0.33203125 0.021875 0.03515625
2 0.05390625 0.4853515625 0.0390625 0.041015625
0 0.8890625 0.466796875 0.025 0.0859375
2 0.38671875 0.455078125 0.0234375 0.02734375
0 0.8671875 0.443359375 0.01875 0.0625
2 0.8484375 0.427734375 0.021875 0.0234375
0 0.0421875 0.4609375 0.009375 0.01953125
2 0.828125 0.431640625 0.015625 0.015625
2 0.25390625 0.4765625 0.0796875 0.05859375
2 0.340625 0.4619140625 0.01875 0.029296875
2 0.11640625 0.4814453125 0.0359375 0.037109375
2 0.69140625 0.4501953125 0.0484375 0.044921875
2 0.5859375 0.4443359375 0.0125 0.013671875
2 0.5234375 0.4462890625 0.021875 0.017578125
0 0.48984375 0.4453125 0.0109375 0.03125
9 0.509375 0.2724609375 0.0125 0.044921875
9 0.621875 0.265625 0.0125 0.046875
11 0.54296875 0.2578125 0.0203125 0.03125
11 0.715625 0.2861328125 0.059375 0.025390625
11 0.20703125 0.3076171875 0.0265625 0.033203125
9 0.1921875 0.3681640625 0.009375 0.009765625
9 0.23359375 0.3671875 0.0109375 0.01171875
0 0.63125 0.4736328125 0.021875 0.072265625
0 0.14453125 0.537109375 0.0515625 0.1875
0 0.084375 0.541015625 0.05 0.19921875
9 0.08828125 0.19140625 0.0171875 0.05859375
9 0.18359375 0.236328125 0.0140625 0.046875
11 0.21171875 0.3837890625 0.0390625 0.013671875
0 0.01875 0.5185546875 0.0375 0.158203125
2 0.28984375 0.4609375 0.0359375 0.03515625
11 0.7578125 0.33203125 0.021875 0.03515625
2 0.05390625 0.4853515625 0.0390625 0.041015625
0 0.8890625 0.466796875 0.025 0.0859375
2 0.38671875 0.455078125 0.0234375 0.02734375
0 0.8671875 0.443359375 0.01875 0.0625
2 0.8484375 0.427734375 0.021875 0.0234375
0 0.0421875 0.4609375 0.009375 0.01953125
2 0.828125 0.431640625 0.015625 0.015625
2 0.25390625 0.4765625 0.0796875 0.05859375
2 0.340625 0.4619140625 0.01875 0.029296875
2 0.11640625 0.4814453125 0.0359375 0.037109375
