2 0.76484375 0.4189453125 0.2140625 0.193359375
2 0.61328125 0.3583984375 0.0484375 0.052734375
2 0.54375 0.3603515625 0.03125 0.029296875
7 0.528125 0.341796875 0.015625 0.02734375
7 0.50234375 0.34375 0.0078125 0.01171875
2 0.5046875 0.349609375 0.009375 0.0078125
2 0.49140625 0.353515625 0.0171875 0.01953125
7 0.09140625 0.3525390625 0.1234375 0.083984375
2 0.04765625 0.3876953125 0.0546875 0.041015625
2 0.26328125 0.3623046875 0.0265625 0.021484375
2 0.33828125 0.353515625 0.0140625 0.015625
2 0.36953125 0.3525390625 0.0078125 0.009765625
7 0.24375 0.349609375 0.053125 0.04296875
2 0.2375 0.3642578125 0.021875 0.017578125
2 0.39375 0.349609375 0.009375 0.0078125
2 0.32265625 0.3544921875 0.0140625 0.013671875
2 0.38203125 0.349609375 0.0109375 0.01171875
2 0.3609375 0.3525390625 0.009375 0.009765625
2 0.29375 0.357421875 0.01875 0.015625
2 0.40390625 0.349609375 0.0046875 0.00390625
2 0.41171875 0.349609375 0.0046875 0.00390625
7 0.36328125 0.34375 0.0140625 0.0078125
2 0.76484375 0.4189453125 0.2140625 0.193359375
2 0.61328125 0.3583984375 0.0484375 0.052734375
2 0.54375 0.3603515625 0.03125 0.029296875
7 0.528125 0.341796875 0.015625 0.02734375
7 0.50234375 0.34375 0.0078125 0.01171875
2 0.5046875 0.349609375 0.009375 0.0078125
2 0.49140625 0.353515625 0.0171875 0.01953125
7 0.09140625 0.3525390625 0.1234375 0.083984375
2 0.04765625 0.3876953125 0.0546875 0.041015625
2 0.26328125 0.3623046875 0.0265625 0.021484375
2 0.33828125 0.353515625 0.0140625 0.015625
2 0.36953125 0.3525390625 0.0078125 0.009765625
7 0.24375 0.349609375 0.053125 0.04296875
2 0.2375 0.3642578125 0.021875 0.017578125
2 0.39375 0.349609375 0.009375 0.0078125
2 0.32265625 0.3544921875 0.0140625 0.013671875
2 0.38203125 0.349609375 0.0109375 0.01171875
2 0.3609375 0.3525390625 0.009375 0.009765625
2 0.29375 0.357421875 0.01875 0.015625
2 0.40390625 0.349609375 0.0046875 0.00390625
2 0.41171875 0.349609375 0.0046875 0.00390625
7 0.36328125 0.34375 0.0140625 0.0078125
