2 0.8515625 0.4501953125 0.29375 0.255859375
2 0.6109375 0.359375 0.046875 0.0546875
2 0.54375 0.3623046875 0.03125 0.029296875
7 0.52890625 0.3447265625 0.0171875 0.029296875
7 0.503125 0.3447265625 0.009375 0.009765625
2 0.50546875 0.3544921875 0.0109375 0.009765625
2 0.49140625 0.3564453125 0.0171875 0.021484375
2 0.19453125 0.3701171875 0.0390625 0.033203125
7 0.02890625 0.3671875 0.0578125 0.0859375
2 0.35546875 0.357421875 0.0140625 0.01171875
2 0.32578125 0.35546875 0.0234375 0.01953125
2 0.28671875 0.3642578125 0.0234375 0.021484375
2 0.1109375 0.37890625 0.04375 0.03515625
2 0.38046875 0.353515625 0.0078125 0.0078125
2 0.3890625 0.3564453125 0.009375 0.009765625
7 0.303125 0.345703125 0.034375 0.03125
2 0.36796875 0.3515625 0.0109375 0.01171875
2 0.40078125 0.353515625 0.0078125 0.0078125
2 0.8515625 0.4501953125 0.29375 0.255859375
2 0.6109375 0.359375 0.046875 0.0546875
2 0.54375 0.3623046875 0.03125 0.029296875
7 0.52890625 0.3447265625 0.0171875 0.029296875
7 0.503125 0.3447265625 0.009375 0.009765625
2 0.50546875 0.3544921875 0.0109375 0.009765625
2 0.49140625 0.3564453125 0.0171875 0.021484375
2 0.19453125 0.3701171875 0.0390625 0.033203125
7 0.02890625 0.3671875 0.0578125 0.0859375
2 0.35546875 0.357421875 0.0140625 0.01171875
2 0.32578125 0.35546875 0.0234375 0.01953125
2 0.28671875 0.3642578125 0.0234375 0.021484375
2 0.1109375 0.37890625 0.04375 0.03515625
2 0.38046875 0.353515625 0.0078125 0.0078125
2 0.3890625 0.3564453125 0.009375 0.009765625
7 0.303125 0.345703125 0.034375 0.03125
2 0.36796875 0.3515625 0.0109375 0.01171875
2 0.40078125 0.353515625 0.0078125 0.0078125
