2 0.58515625 0.359375 0.0390625 0.04296875
2 0.53046875 0.361328125 0.0296875 0.02734375
7 0.53828125 0.33984375 0.0171875 0.0234375
7 0.51484375 0.3486328125 0.0109375 0.017578125
2 0.4859375 0.35546875 0.015625 0.01953125
2 0.50078125 0.3525390625 0.0109375 0.009765625
7 0.0359375 0.357421875 0.071875 0.078125
2 0.08046875 0.3720703125 0.0359375 0.025390625
2 0.121875 0.3671875 0.046875 0.02734375
2 0.25234375 0.357421875 0.0296875 0.01953125
2 0.296875 0.35546875 0.021875 0.015625
2 0.32265625 0.3544921875 0.0109375 0.009765625
2 0.353125 0.3525390625 0.0125 0.009765625
2 0.3859375 0.353515625 0.009375 0.0078125
2 0.2203125 0.3623046875 0.021875 0.013671875
2 0.58515625 0.359375 0.0390625 0.04296875
2 0.53046875 0.361328125 0.0296875 0.02734375
7 0.53828125 0.33984375 0.0171875 0.0234375
7 0.51484375 0.3486328125 0.0109375 0.017578125
2 0.4859375 0.35546875 0.015625 0.01953125
2 0.50078125 0.3525390625 0.0109375 0.009765625
7 0.0359375 0.357421875 0.071875 0.078125
2 0.08046875 0.3720703125 0.0359375 0.025390625
2 0.121875 0.3671875 0.046875 0.02734375
2 0.25234375 0.357421875 0.0296875 0.01953125
2 0.296875 0.35546875 0.021875 0.015625
2 0.32265625 0.3544921875 0.0109375 0.009765625
2 0.353125 0.3525390625 0.0125 0.009765625
2 0.3859375 0.353515625 0.009375 0.0078125
2 0.2203125 0.3623046875 0.021875 0.013671875
