2 0.590625 0.3564453125 0.040625 0.044921875
2 0.53828125 0.357421875 0.0296875 0.02734375
7 0.53125 0.33984375 0.01875 0.03125
7 0.51328125 0.3427734375 0.0109375 0.017578125
2 0.48203125 0.3525390625 0.0171875 0.017578125
2 0.0265625 0.3896484375 0.053125 0.041015625
2 0.21640625 0.35546875 0.0265625 0.015625
2 0.26171875 0.353515625 0.0171875 0.01171875
2 0.1546875 0.373046875 0.040625 0.03125
2 0.31484375 0.3505859375 0.0109375 0.009765625
2 0.3296875 0.3515625 0.009375 0.0078125
2 0.35078125 0.3505859375 0.0078125 0.005859375
2 0.053125 0.384765625 0.021875 0.03125
2 0.590625 0.3564453125 0.040625 0.044921875
2 0.53828125 0.357421875 0.0296875 0.02734375
7 0.53125 0.33984375 0.01875 0.03125
7 0.51328125 0.3427734375 0.0109375 0.017578125
2 0.48203125 0.3525390625 0.0171875 0.017578125
2 0.0265625 0.3896484375 0.053125 0.041015625
2 0.21640625 0.35546875 0.0265625 0.015625
2 0.26171875 0.353515625 0.0171875 0.01171875
2 0.1546875 0.373046875 0.040625 0.03125
2 0.31484375 0.3505859375 0.0109375 0.009765625
2 0.3296875 0.3515625 0.009375 0.0078125
2 0.35078125 0.3505859375 0.0078125 0.005859375
2 0.053125 0.384765625 0.021875 0.03125
