2 0.590625 0.3544921875 0.040625 0.044921875
2 0.53828125 0.357421875 0.0296875 0.02734375
7 0.53125 0.33984375 0.01875 0.03125
7 0.51328125 0.3427734375 0.0109375 0.017578125
2 0.48203125 0.3525390625 0.0171875 0.021484375
2 0.078125 0.3828125 0.05625 0.0390625
2 0.23359375 0.353515625 0.0203125 0.015625
2 0.2734375 0.3515625 0.015625 0.01171875
2 0.18515625 0.3671875 0.0390625 0.02734375
2 0.32421875 0.3486328125 0.0109375 0.009765625
2 0.3359375 0.349609375 0.009375 0.0078125
2 0.35546875 0.3466796875 0.0078125 0.005859375
2 0.590625 0.3544921875 0.040625 0.044921875
2 0.53828125 0.357421875 0.0296875 0.02734375
7 0.53125 0.33984375 0.01875 0.03125
7 0.51328125 0.3427734375 0.0109375 0.017578125
2 0.48203125 0.3525390625 0.0171875 0.021484375
2 0.078125 0.3828125 0.05625 0.0390625
2 0.23359375 0.353515625 0.0203125 0.015625
2 0.2734375 0.3515625 0.015625 0.01171875
2 0.18515625 0.3671875 0.0390625 0.02734375
2 0.32421875 0.3486328125 0.0109375 0.009765625
2 0.3359375 0.349609375 0.009375 0.0078125
2 0.35546875 0.3466796875 0.0078125 0.005859375
