2 0.91953125 0.583984375 0.1578125 0.30859375
2 0.67578125 0.4521484375 0.0453125 0.041015625
2 0.5796875 0.4482421875 0.0125 0.013671875
2 0.51875 0.4501953125 0.021875 0.021484375
0 0.48671875 0.44921875 0.0078125 0.03125
9 0.50859375 0.294921875 0.0109375 0.0390625
9 0.60859375 0.2890625 0.0109375 0.0390625
11 0.53828125 0.283203125 0.0171875 0.02734375
11 0.68984375 0.306640625 0.0515625 0.01953125
11 0.24609375 0.3271484375 0.0234375 0.029296875
9 0.23359375 0.380859375 0.0078125 0.0078125
9 0.26796875 0.3798828125 0.0078125 0.009765625
0 0.53984375 0.4736328125 0.0296875 0.064453125
0 0.25546875 0.513671875 0.0359375 0.1328125
0 0.2046875 0.5126953125 0.053125 0.142578125
9 0.16015625 0.234375 0.0140625 0.0546875
9 0.23046875 0.2666015625 0.0109375 0.041015625
2 0.26796875 0.4716796875 0.0203125 0.044921875
11 0.25 0.3935546875 0.03125 0.009765625
0 0.06875 0.50390625 0.03125 0.11328125
0 0.0609375 0.458984375 0.009375 0.015625
2 0.1484375 0.482421875 0.040625 0.0390625
2 0.34765625 0.4619140625 0.0265625 0.025390625
2 0.03515625 0.4931640625 0.0546875 0.052734375
11 0.93828125 0.3662109375 0.0296875 0.044921875
11 0.93828125 0.32421875 0.0609375 0.0234375
9 0.896875 0.306640625 0.025 0.0234375
9 0.9421875 0.2939453125 0.021875 0.021484375
11 0.728125 0.349609375 0.015625 0.03125
2 0.39453125 0.455078125 0.0171875 0.02734375
2 0.10546875 0.484375 0.0484375 0.04296875
0 0.85546875 0.4658203125 0.0234375 0.080078125
2 0.465625 0.439453125 0.01875 0.01953125
2 0.415625 0.4521484375 0.025 0.025390625
0 0.8734375 0.443359375 0.015625 0.05859375
2 0.17578125 0.4794921875 0.0171875 0.029296875
2 0.91953125 0.583984375 0.1578125 0.30859375
2 0.67578125 0.4521484375 0.0453125 0.041015625
2 0.5796875 0.4482421875 0.0125 0.013671875
2 0.51875 0.4501953125 0.021875 0.021484375
0 0.48671875 0.44921875 0.0078125 0.03125
9 0.50859375 0.294921875 0.0109375 0.0390625
9 0.60859375 0.2890625 0.0109375 0.0390625
11 0.53828125 0.283203125 0.0171875 0.02734375
11 0.68984375 0.306640625 0.0515625 0.01953125
11 0.24609375 0.3271484375 0.0234375 0.029296875
9 0.23359375 0.380859375 0.0078125 0.0078125
9 0.26796875 0.3798828125 0.0078125 0.009765625
0 0.53984375 0.4736328125 0.0296875 0.064453125
0 0.25546875 0.513671875 0.0359375 0.1328125
0 0.2046875 0.5126953125 0.053125 0.142578125
9 0.16015625 0.234375 0.0140625 0.0546875
9 0.23046875 0.2666015625 0.0109375 0.041015625
2 0.26796875 0.4716796875 0.0203125 0.044921875
11 0.25 0.3935546875 0.03125 0.009765625
0 0.06875 0.50390625 0.03125 0.11328125
0 0.0609375 0.458984375 0.009375 0.015625
2 0.1484375 0.482421875 0.040625 0.0390625
2 0.34765625 0.4619140625 0.0265625 0.025390625
2 0.03515625 0.4931640625 0.0546875 0.052734375
11 0.93828125 0.3662109375 0.0296875 0.044921875
11 0.93828125 0.32421875 0.0609375 0.0234375
9 0.896875 0.306640625 0.025 0.0234375
9 0.9421875 0.2939453125 0.021875 0.021484375
11 0.728125 0.349609375 0.015625 0.03125
2 0.39453125 0.455078125 0.0171875 0.02734375
2 0.10546875 0.484375 0.0484375 0.04296875
0 0.85546875 0.4658203125 0.0234375 0.080078125
2 0.465625 0.439453125 0.01875 0.01953125
2 0.415625 0.4521484375 0.025 0.025390625
0 0.8734375 0.443359375 0.015625 0.05859375
2 0.17578125 0.4794921875 0.0171875 0.029296875
