2 0.9421875 0.5185546875 0.1125 0.310546875
2 0.60703125 0.357421875 0.0453125 0.05078125
2 0.54375 0.3603515625 0.03125 0.029296875
7 0.53125 0.34375 0.01875 0.03125
7 0.50546875 0.3466796875 0.0140625 0.017578125
2 0.49140625 0.3544921875 0.0171875 0.021484375
2 0.0640625 0.388671875 0.05625 0.04296875
2 0.26875 0.3623046875 0.025 0.021484375
2 0.23671875 0.359375 0.0359375 0.03515625
2 0.34140625 0.357421875 0.0171875 0.015625
2 0.365625 0.353515625 0.015625 0.015625
2 0.3875 0.353515625 0.0125 0.01171875
2 0.30625 0.3583984375 0.015625 0.013671875
2 0.396875 0.3525390625 0.009375 0.009765625
2 0.9421875 0.5185546875 0.1125 0.310546875
2 0.60703125 0.357421875 0.0453125 0.05078125
2 0.54375 0.3603515625 0.03125 0.029296875
7 0.53125 0.34375 0.01875 0.03125
7 0.50546875 0.3466796875 0.0140625 0.017578125
2 0.49140625 0.3544921875 0.0171875 0.021484375
2 0.0640625 0.388671875 0.05625 0.04296875
2 0.26875 0.3623046875 0.025 0.021484375
2 0.23671875 0.359375 0.0359375 0.03515625
2 0.34140625 0.357421875 0.0171875 0.015625
2 0.365625 0.353515625 0.015625 0.015625
2 0.3875 0.353515625 0.0125 0.01171875
2 0.30625 0.3583984375 0.015625 0.013671875
2 0.396875 0.3525390625 0.009375 0.009765625
