2 0.3984375 0.39453125 0.075 0.0703125
2 0.83671875 0.466796875 0.2265625 0.1796875
2 0.05703125 0.404296875 0.1140625 0.12890625
2 0.46328125 0.3779296875 0.0453125 0.041015625
2 0.48125 0.357421875 0.009375 0.01171875
0 0.6640625 0.3701171875 0.015625 0.048828125
2 0.49140625 0.3603515625 0.0109375 0.013671875
2 0.5359375 0.369140625 0.021875 0.0234375
2 0.5046875 0.359375 0.0125 0.015625
0 0.68046875 0.3720703125 0.0171875 0.044921875
0 0.82578125 0.3583984375 0.0140625 0.033203125
0 0.8453125 0.361328125 0.021875 0.03515625
3 0.92890625 0.533203125 0.1390625 0.20703125
2 0.521875 0.359375 0.009375 0.01171875
9 0.46484375 0.302734375 0.0078125 0.01953125
9 0.42890625 0.302734375 0.0078125 0.01953125
11 0.2546875 0.4140625 0.009375 0.0390625
11 0.84453125 0.2353515625 0.0765625 0.013671875
11 0.84453125 0.251953125 0.0765625 0.01171875
11 0.84453125 0.265625 0.0765625 0.01171875
11 0.82734375 0.279296875 0.0421875 0.01171875
11 0.3859375 0.3076171875 0.015625 0.017578125
2 0.35234375 0.37109375 0.0140625 0.0234375
11 0.85 0.3076171875 0.01875 0.021484375
11 0.85 0.2841796875 0.01875 0.021484375
2 0.434375 0.361328125 0.0125 0.015625
2 0.34140625 0.3740234375 0.0140625 0.025390625
0 0.22734375 0.3681640625 0.0078125 0.013671875
3 0.984375 0.6015625 0.028125 0.15234375
2 0.3296875 0.376953125 0.015625 0.02734375
2 0.31484375 0.37890625 0.0203125 0.02734375
2 0.25546875 0.3974609375 0.0828125 0.076171875
2 0.94921875 0.3779296875 0.0109375 0.033203125
2 0.29453125 0.3798828125 0.0140625 0.025390625
2 0.3984375 0.39453125 0.075 0.0703125
2 0.83671875 0.466796875 0.2265625 0.1796875
2 0.05703125 0.404296875 0.1140625 0.12890625
2 0.46328125 0.3779296875 0.0453125 0.041015625
2 0.48125 0.357421875 0.009375 0.01171875
0 0.6640625 0.3701171875 0.015625 0.048828125
2 0.49140625 0.3603515625 0.0109375 0.013671875
2 0.5359375 0.369140625 0.021875 0.0234375
2 0.5046875 0.359375 0.0125 0.015625
0 0.68046875 0.3720703125 0.0171875 0.044921875
0 0.82578125 0.3583984375 0.0140625 0.033203125
0 0.8453125 0.361328125 0.021875 0.03515625
3 0.92890625 0.533203125 0.1390625 0.20703125
2 0.521875 0.359375 0.009375 0.01171875
9 0.46484375 0.302734375 0.0078125 0.01953125
9 0.42890625 0.302734375 0.0078125 0.01953125
11 0.2546875 0.4140625 0.009375 0.0390625
11 0.84453125 0.2353515625 0.0765625 0.013671875
11 0.84453125 0.251953125 0.0765625 0.01171875
11 0.84453125 0.265625 0.0765625 0.01171875
11 0.82734375 0.279296875 0.0421875 0.01171875
11 0.3859375 0.3076171875 0.015625 0.017578125
2 0.35234375 0.37109375 0.0140625 0.0234375
11 0.85 0.3076171875 0.01875 0.021484375
11 0.85 0.2841796875 0.01875 0.021484375
2 0.434375 0.361328125 0.0125 0.015625
2 0.34140625 0.3740234375 0.0140625 0.025390625
0 0.22734375 0.3681640625 0.0078125 0.013671875
3 0.984375 0.6015625 0.028125 0.15234375
2 0.3296875 0.376953125 0.015625 0.02734375
2 0.31484375 0.37890625 0.0203125 0.02734375
2 0.25546875 0.3974609375 0.0828125 0.076171875
2 0.94921875 0.3779296875 0.0109375 0.033203125
2 0.29453125 0.3798828125 0.0140625 0.025390625
