2 0.59375 0.35546875 0.04375 0.046875
2 0.53671875 0.3603515625 0.0296875 0.029296875
7 0.528125 0.3408203125 0.01875 0.029296875
7 0.5078125 0.345703125 0.009375 0.015625
2 0.484375 0.353515625 0.015625 0.01953125
2 0.1140625 0.3798828125 0.04375 0.033203125
2 0.23984375 0.3603515625 0.0328125 0.029296875
2 0.303125 0.3583984375 0.0125 0.013671875
2 0.09140625 0.3798828125 0.0265625 0.025390625
2 0.3328125 0.3525390625 0.009375 0.009765625
2 0.21328125 0.365234375 0.0265625 0.02734375
2 0.2890625 0.3603515625 0.015625 0.013671875
2 0.34921875 0.3515625 0.0078125 0.0078125
2 0.59375 0.35546875 0.04375 0.046875
2 0.53671875 0.3603515625 0.0296875 0.029296875
7 0.528125 0.3408203125 0.01875 0.029296875
7 0.5078125 0.345703125 0.009375 0.015625
2 0.484375 0.353515625 0.015625 0.01953125
2 0.1140625 0.3798828125 0.04375 0.033203125
2 0.23984375 0.3603515625 0.0328125 0.029296875
2 0.303125 0.3583984375 0.0125 0.013671875
2 0.09140625 0.3798828125 0.0265625 0.025390625
2 0.3328125 0.3525390625 0.009375 0.009765625
2 0.21328125 0.365234375 0.0265625 0.02734375
2 0.2890625 0.3603515625 0.015625 0.013671875
2 0.34921875 0.3515625 0.0078125 0.0078125
