2 0.596875 0.3544921875 0.040625 0.048828125
2 0.53828125 0.3603515625 0.0296875 0.029296875
7 0.5296875 0.3427734375 0.01875 0.029296875
7 0.50703125 0.345703125 0.0109375 0.015625
2 0.48671875 0.35546875 0.0171875 0.01953125
2 0.01015625 0.39453125 0.0203125 0.0390625
2 0.2390625 0.365234375 0.028125 0.0234375
2 0.30234375 0.3564453125 0.0234375 0.021484375
2 0.34140625 0.3544921875 0.0109375 0.009765625
2 0.20390625 0.3671875 0.0265625 0.01953125
2 0.35625 0.349609375 0.009375 0.0078125
2 0.27890625 0.359375 0.0203125 0.01953125
2 0.0921875 0.3759765625 0.046875 0.037109375
2 0.328125 0.357421875 0.0125 0.01171875
2 0.36875 0.3515625 0.00625 0.0078125
2 0.0375 0.3857421875 0.04375 0.029296875
2 0.596875 0.3544921875 0.040625 0.048828125
2 0.53828125 0.3603515625 0.0296875 0.029296875
7 0.5296875 0.3427734375 0.01875 0.029296875
7 0.50703125 0.345703125 0.0109375 0.015625
2 0.48671875 0.35546875 0.0171875 0.01953125
2 0.01015625 0.39453125 0.0203125 0.0390625
2 0.2390625 0.365234375 0.028125 0.0234375
2 0.30234375 0.3564453125 0.0234375 0.021484375
2 0.34140625 0.3544921875 0.0109375 0.009765625
2 0.20390625 0.3671875 0.0265625 0.01953125
2 0.35625 0.349609375 0.009375 0.0078125
2 0.27890625 0.359375 0.0203125 0.01953125
2 0.0921875 0.3759765625 0.046875 0.037109375
2 0.328125 0.357421875 0.0125 0.01171875
2 0.36875 0.3515625 0.00625 0.0078125
2 0.0375 0.3857421875 0.04375 0.029296875
