2 0.596875 0.3544921875 0.040625 0.048828125
2 0.53828125 0.3603515625 0.0296875 0.029296875
7 0.5296875 0.3427734375 0.01875 0.029296875
7 0.50703125 0.345703125 0.0109375 0.015625
2 0.48671875 0.35546875 0.0171875 0.01953125
2 0.01796875 0.3916015625 0.0359375 0.041015625
2 0.24375 0.365234375 0.028125 0.0234375
2 0.3046875 0.3564453125 0.021875 0.021484375
2 0.34296875 0.3544921875 0.0109375 0.009765625
2 0.209375 0.3662109375 0.021875 0.017578125
2 0.35625 0.349609375 0.009375 0.0078125
2 0.28203125 0.359375 0.0203125 0.01953125
2 0.1 0.3740234375 0.046875 0.037109375
2 0.3296875 0.357421875 0.0125 0.01171875
2 0.36875 0.3505859375 0.00625 0.005859375
2 0.04921875 0.3857421875 0.0359375 0.029296875
2 0.596875 0.3544921875 0.040625 0.048828125
2 0.53828125 0.3603515625 0.0296875 0.029296875
7 0.5296875 0.3427734375 0.01875 0.029296875
7 0.50703125 0.345703125 0.0109375 0.015625
2 0.48671875 0.35546875 0.0171875 0.01953125
2 0.01796875 0.3916015625 0.0359375 0.041015625
2 0.24375 0.365234375 0.028125 0.0234375
2 0.3046875 0.3564453125 0.021875 0.021484375
2 0.34296875 0.3544921875 0.0109375 0.009765625
2 0.209375 0.3662109375 0.021875 0.017578125
2 0.35625 0.349609375 0.009375 0.0078125
2 0.28203125 0.359375 0.0203125 0.01953125
2 0.1 0.3740234375 0.046875 0.037109375
2 0.3296875 0.357421875 0.0125 0.01171875
2 0.36875 0.3505859375 0.00625 0.005859375
2 0.04921875 0.3857421875 0.0359375 0.029296875
