2 0.92265625 0.4794921875 0.1515625 0.318359375
2 0.60703125 0.357421875 0.0453125 0.05078125
2 0.54375 0.3583984375 0.03125 0.029296875
7 0.53203125 0.3427734375 0.0171875 0.029296875
7 0.5046875 0.3447265625 0.0125 0.017578125
2 0.48984375 0.353515625 0.0171875 0.01953125
2 0.16328125 0.373046875 0.0390625 0.03125
2 0.3 0.3583984375 0.021875 0.017578125
7 0.0109375 0.3515625 0.021875 0.0859375
2 0.271875 0.353515625 0.028125 0.03125
2 0.3578125 0.3525390625 0.015625 0.013671875
2 0.37578125 0.3515625 0.0140625 0.015625
2 0.39296875 0.349609375 0.0078125 0.0078125
2 0.3203125 0.35546875 0.0125 0.01171875
2 0.92265625 0.4794921875 0.1515625 0.318359375
2 0.60703125 0.357421875 0.0453125 0.05078125
2 0.54375 0.3583984375 0.03125 0.029296875
7 0.53203125 0.3427734375 0.0171875 0.029296875
7 0.5046875 0.3447265625 0.0125 0.017578125
2 0.48984375 0.353515625 0.0171875 0.01953125
2 0.16328125 0.373046875 0.0390625 0.03125
2 0.3 0.3583984375 0.021875 0.017578125
7 0.0109375 0.3515625 0.021875 0.0859375
2 0.271875 0.353515625 0.028125 0.03125
2 0.3578125 0.3525390625 0.015625 0.013671875
2 0.37578125 0.3515625 0.0140625 0.015625
2 0.39296875 0.349609375 0.0078125 0.0078125
2 0.3203125 0.35546875 0.0125 0.01171875
