2 0.88828125 0.5029296875 0.2203125 0.361328125
2 0.61015625 0.359375 0.0453125 0.05078125
2 0.54453125 0.361328125 0.0296875 0.02734375
7 0.53125 0.3447265625 0.01875 0.029296875
7 0.50625 0.3427734375 0.009375 0.009765625
2 0.50546875 0.3525390625 0.0109375 0.009765625
2 0.49140625 0.35546875 0.0171875 0.01953125
2 0.2828125 0.36328125 0.021875 0.01953125
2 0.20546875 0.3642578125 0.0390625 0.037109375
2 0.0328125 0.392578125 0.0625 0.04296875
2 0.340625 0.3564453125 0.009375 0.009765625
2 0.35078125 0.357421875 0.0109375 0.01171875
7 0.16796875 0.3544921875 0.0953125 0.072265625
2 0.32578125 0.35546875 0.0203125 0.0234375
2 0.38203125 0.35546875 0.0109375 0.01171875
2 0.39609375 0.349609375 0.0078125 0.0078125
2 0.4078125 0.3525390625 0.00625 0.005859375
2 0.88828125 0.5029296875 0.2203125 0.361328125
2 0.61015625 0.359375 0.0453125 0.05078125
2 0.54453125 0.361328125 0.0296875 0.02734375
7 0.53125 0.3447265625 0.01875 0.029296875
7 0.50625 0.3427734375 0.009375 0.009765625
2 0.50546875 0.3525390625 0.0109375 0.009765625
2 0.49140625 0.35546875 0.0171875 0.01953125
2 0.2828125 0.36328125 0.021875 0.01953125
2 0.20546875 0.3642578125 0.0390625 0.037109375
2 0.0328125 0.392578125 0.0625 0.04296875
2 0.340625 0.3564453125 0.009375 0.009765625
2 0.35078125 0.357421875 0.0109375 0.01171875
7 0.16796875 0.3544921875 0.0953125 0.072265625
2 0.32578125 0.35546875 0.0203125 0.0234375
2 0.38203125 0.35546875 0.0109375 0.01171875
2 0.39609375 0.349609375 0.0078125 0.0078125
2 0.4078125 0.3525390625 0.00625 0.005859375
