2 0.9171875 0.578125 0.1625 0.2265625
2 0.80234375 0.5244140625 0.1609375 0.154296875
2 0.73125 0.5048828125 0.090625 0.111328125
2 0.69453125 0.4873046875 0.0546875 0.087890625
2 0.67578125 0.4765625 0.0734375 0.0859375
2 0.6328125 0.470703125 0.021875 0.0546875
2 0.625 0.4580078125 0.015625 0.025390625
2 0.59921875 0.4541015625 0.0203125 0.021484375
2 0.55859375 0.462890625 0.0234375 0.02734375
2 0.53125 0.4619140625 0.025 0.025390625
0 0.5078125 0.458984375 0.00625 0.0234375
2 0.38515625 0.4677734375 0.0234375 0.021484375
2 0.365625 0.4658203125 0.015625 0.021484375
2 0.3421875 0.4716796875 0.03125 0.029296875
2 0.29140625 0.4755859375 0.0171875 0.025390625
2 0.27265625 0.4755859375 0.0328125 0.025390625
0 0.24765625 0.4775390625 0.0109375 0.041015625
2 0.01015625 0.49609375 0.0203125 0.06640625
2 0.04921875 0.490234375 0.0609375 0.0625
2 0.11484375 0.4833984375 0.0359375 0.037109375
9 0.53359375 0.3740234375 0.0046875 0.013671875
9 0.58359375 0.375 0.0046875 0.015625
11 0.5484375 0.3701171875 0.009375 0.013671875
11 0.62421875 0.3828125 0.0265625 0.01171875
11 0.8109375 0.3798828125 0.021875 0.037109375
11 0.40625 0.396484375 0.0125 0.0234375
9 0.40078125 0.4189453125 0.0078125 0.005859375
9 0.41640625 0.421875 0.0078125 0.0078125
11 0.37734375 0.44921875 0.0078125 0.0078125
2 0.9171875 0.578125 0.1625 0.2265625
2 0.80234375 0.5244140625 0.1609375 0.154296875
2 0.73125 0.5048828125 0.090625 0.111328125
2 0.69453125 0.4873046875 0.0546875 0.087890625
2 0.67578125 0.4765625 0.0734375 0.0859375
2 0.6328125 0.470703125 0.021875 0.0546875
2 0.625 0.4580078125 0.015625 0.025390625
2 0.59921875 0.4541015625 0.0203125 0.021484375
2 0.55859375 0.462890625 0.0234375 0.02734375
2 0.53125 0.4619140625 0.025 0.025390625
0 0.5078125 0.458984375 0.00625 0.0234375
2 0.38515625 0.4677734375 0.0234375 0.021484375
2 0.365625 0.4658203125 0.015625 0.021484375
2 0.3421875 0.4716796875 0.03125 0.029296875
2 0.29140625 0.4755859375 0.0171875 0.025390625
2 0.27265625 0.4755859375 0.0328125 0.025390625
0 0.24765625 0.4775390625 0.0109375 0.041015625
2 0.01015625 0.49609375 0.0203125 0.06640625
2 0.04921875 0.490234375 0.0609375 0.0625
2 0.11484375 0.4833984375 0.0359375 0.037109375
9 0.53359375 0.3740234375 0.0046875 0.013671875
9 0.58359375 0.375 0.0046875 0.015625
11 0.5484375 0.3701171875 0.009375 0.013671875
11 0.62421875 0.3828125 0.0265625 0.01171875
11 0.8109375 0.3798828125 0.021875 0.037109375
11 0.40625 0.396484375 0.0125 0.0234375
9 0.40078125 0.4189453125 0.0078125 0.005859375
9 0.41640625 0.421875 0.0078125 0.0078125
11 0.37734375 0.44921875 0.0078125 0.0078125
