2 0.825 0.4443359375 0.246875 0.208984375
2 0.95390625 0.5380859375 0.0890625 0.240234375
2 0.25 0.4267578125 0.146875 0.126953125
2 0.5515625 0.3662109375 0.040625 0.037109375
2 0.49140625 0.3994140625 0.0921875 0.091796875
2 0.39921875 0.3740234375 0.0578125 0.052734375
2 0.32421875 0.37109375 0.0546875 0.05859375
2 0.24140625 0.3603515625 0.0421875 0.013671875
2 0.453125 0.3525390625 0.01875 0.021484375
2 0.36015625 0.36328125 0.0265625 0.03125
3 0.45234375 0.36328125 0.0078125 0.01953125
0 0.45234375 0.357421875 0.0078125 0.0234375
0 0.425 0.35546875 0.009375 0.01953125
3 0.42578125 0.361328125 0.0078125 0.01953125
9 0.45 0.2041015625 0.009375 0.041015625
9 0.4328125 0.2021484375 0.0125 0.044921875
9 0.41875 0.2041015625 0.009375 0.041015625
0 0.71015625 0.3681640625 0.0203125 0.064453125
0 0.740625 0.3681640625 0.015625 0.052734375
0 0.73125 0.361328125 0.0125 0.05078125
9 0.26171875 0.22265625 0.0140625 0.04296875
9 0.278125 0.2216796875 0.015625 0.041015625
9 0.246875 0.2236328125 0.0125 0.041015625
0 0.20234375 0.36328125 0.0140625 0.0234375
0 0.18046875 0.37890625 0.0109375 0.0234375
0 0.56640625 0.3486328125 0.0078125 0.021484375
2 0.5375 0.357421875 0.028125 0.03125
11 0.19609375 0.3388671875 0.0078125 0.009765625
11 0.1953125 0.349609375 0.00625 0.0078125
2 0.4375 0.357421875 0.0125 0.015625
0 0.27421875 0.3564453125 0.0078125 0.017578125
2 0.825 0.4443359375 0.246875 0.208984375
2 0.95390625 0.5380859375 0.0890625 0.240234375
2 0.25 0.4267578125 0.146875 0.126953125
2 0.5515625 0.3662109375 0.040625 0.037109375
2 0.49140625 0.3994140625 0.0921875 0.091796875
2 0.39921875 0.3740234375 0.0578125 0.052734375
2 0.32421875 0.37109375 0.0546875 0.05859375
2 0.24140625 0.3603515625 0.0421875 0.013671875
2 0.453125 0.3525390625 0.01875 0.021484375
2 0.36015625 0.36328125 0.0265625 0.03125
3 0.45234375 0.36328125 0.0078125 0.01953125
0 0.45234375 0.357421875 0.0078125 0.0234375
0 0.425 0.35546875 0.009375 0.01953125
3 0.42578125 0.361328125 0.0078125 0.01953125
9 0.45 0.2041015625 0.009375 0.041015625
9 0.4328125 0.2021484375 0.0125 0.044921875
9 0.41875 0.2041015625 0.009375 0.041015625
0 0.71015625 0.3681640625 0.0203125 0.064453125
0 0.740625 0.3681640625 0.015625 0.052734375
0 0.73125 0.361328125 0.0125 0.05078125
9 0.26171875 0.22265625 0.0140625 0.04296875
9 0.278125 0.2216796875 0.015625 0.041015625
9 0.246875 0.2236328125 0.0125 0.041015625
0 0.20234375 0.36328125 0.0140625 0.0234375
0 0.18046875 0.37890625 0.0109375 0.0234375
0 0.56640625 0.3486328125 0.0078125 0.021484375
2 0.5375 0.357421875 0.028125 0.03125
11 0.19609375 0.3388671875 0.0078125 0.009765625
11 0.1953125 0.349609375 0.00625 0.0078125
2 0.4375 0.357421875 0.0125 0.015625
0 0.27421875 0.3564453125 0.0078125 0.017578125
