2 0.52109375 0.630859375 0.0203125 0.0234375
2 0.52734375 0.6259765625 0.0171875 0.021484375
2 0.54140625 0.6201171875 0.0078125 0.009765625
2 0.54921875 0.6181640625 0.0078125 0.009765625
78 0.82734375 0.638671875 0.0359375 0.1484375
78 0.90703125 0.5849609375 0.1828125 0.673828125
2 0.52109375 0.630859375 0.0203125 0.0234375
2 0.52734375 0.6259765625 0.0171875 0.021484375
2 0.54140625 0.6201171875 0.0078125 0.009765625
2 0.54921875 0.6181640625 0.0078125 0.009765625
78 0.82734375 0.638671875 0.0359375 0.1484375
78 0.90703125 0.5849609375 0.1828125 0.673828125
