2 0.878125 0.48828125 0.240625 0.2890625
3 0.62734375 0.412109375 0.0578125 0.0703125
3 0.6484375 0.4248046875 0.06875 0.060546875
0 0.60546875 0.365234375 0.0109375 0.0390625
0 0.5828125 0.37109375 0.009375 0.04296875
0 0.55 0.3671875 0.0125 0.03515625
2 0.05 0.4443359375 0.1 0.169921875
2 0.303125 0.38671875 0.059375 0.05859375
2 0.4046875 0.3779296875 0.040625 0.041015625
2 0.428125 0.3701171875 0.025 0.029296875
2 0.4453125 0.3662109375 0.01875 0.025390625
2 0.47265625 0.3740234375 0.0359375 0.037109375
2 0.525 0.369140625 0.025 0.02734375
2 0.51484375 0.3681640625 0.0203125 0.025390625
11 0.36640625 0.24609375 0.0171875 0.0234375
11 0.87578125 0.26953125 0.0390625 0.0625
9 0.44453125 0.2490234375 0.0078125 0.025390625
9 0.45390625 0.2490234375 0.0078125 0.025390625
9 0.43515625 0.2490234375 0.0078125 0.025390625
9 0.27109375 0.2353515625 0.0078125 0.029296875
9 0.26015625 0.236328125 0.0109375 0.02734375
9 0.578125 0.3134765625 0.00625 0.009765625
9 0.24921875 0.236328125 0.0109375 0.02734375
2 0.371875 0.3681640625 0.021875 0.029296875
3 0.73828125 0.45703125 0.0859375 0.09765625
2 0.26640625 0.3828125 0.0328125 0.03125
0 0.6828125 0.376953125 0.021875 0.03125
0 0.63125 0.365234375 0.009375 0.03125
2 0.48515625 0.369140625 0.0234375 0.03125
2 0.128125 0.412109375 0.084375 0.0703125
2 0.3921875 0.37109375 0.025 0.02734375
9 0.46171875 0.3193359375 0.0046875 0.013671875
0 0.24921875 0.37109375 0.0109375 0.0234375
11 0.7328125 0.2626953125 0.059375 0.017578125
11 0.734375 0.2783203125 0.05625 0.013671875
11 0.7328125 0.291015625 0.05625 0.01171875
0 0.7828125 0.375 0.01875 0.0546875
0 0.1015625 0.3818359375 0.009375 0.021484375
0 0.08828125 0.384765625 0.0171875 0.03125
3 0.35390625 0.376953125 0.0109375 0.0234375
2 0.878125 0.48828125 0.240625 0.2890625
3 0.62734375 0.412109375 0.0578125 0.0703125
3 0.6484375 0.4248046875 0.06875 0.060546875
0 0.60546875 0.365234375 0.0109375 0.0390625
0 0.5828125 0.37109375 0.009375 0.04296875
0 0.55 0.3671875 0.0125 0.03515625
2 0.05 0.4443359375 0.1 0.169921875
2 0.303125 0.38671875 0.059375 0.05859375
2 0.4046875 0.3779296875 0.040625 0.041015625
2 0.428125 0.3701171875 0.025 0.029296875
2 0.4453125 0.3662109375 0.01875 0.025390625
2 0.47265625 0.3740234375 0.0359375 0.037109375
2 0.525 0.369140625 0.025 0.02734375
2 0.51484375 0.3681640625 0.0203125 0.025390625
11 0.36640625 0.24609375 0.0171875 0.0234375
11 0.87578125 0.26953125 0.0390625 0.0625
9 0.44453125 0.2490234375 0.0078125 0.025390625
9 0.45390625 0.2490234375 0.0078125 0.025390625
9 0.43515625 0.2490234375 0.0078125 0.025390625
9 0.27109375 0.2353515625 0.0078125 0.029296875
9 0.26015625 0.236328125 0.0109375 0.02734375
9 0.578125 0.3134765625 0.00625 0.009765625
9 0.24921875 0.236328125 0.0109375 0.02734375
2 0.371875 0.3681640625 0.021875 0.029296875
3 0.73828125 0.45703125 0.0859375 0.09765625
2 0.26640625 0.3828125 0.0328125 0.03125
0 0.6828125 0.376953125 0.021875 0.03125
0 0.63125 0.365234375 0.009375 0.03125
2 0.48515625 0.369140625 0.0234375 0.03125
2 0.128125 0.412109375 0.084375 0.0703125
2 0.3921875 0.37109375 0.025 0.02734375
9 0.46171875 0.3193359375 0.0046875 0.013671875
0 0.24921875 0.37109375 0.0109375 0.0234375
11 0.7328125 0.2626953125 0.059375 0.017578125
11 0.734375 0.2783203125 0.05625 0.013671875
11 0.7328125 0.291015625 0.05625 0.01171875
0 0.7828125 0.375 0.01875 0.0546875
0 0.1015625 0.3818359375 0.009375 0.021484375
0 0.08828125 0.384765625 0.0171875 0.03125
3 0.35390625 0.376953125 0.0109375 0.0234375
