2 0.95234375 0.58984375 0.0921875 0.2421875
2 0.68203125 0.4482421875 0.0484375 0.044921875
2 0.58125 0.4443359375 0.0125 0.013671875
2 0.521875 0.4453125 0.021875 0.01953125
0 0.4859375 0.4453125 0.009375 0.02734375
9 0.50859375 0.2822265625 0.0140625 0.041015625
9 0.6140625 0.27734375 0.0125 0.04296875
11 0.540625 0.2685546875 0.01875 0.029296875
11 0.69921875 0.2958984375 0.0546875 0.021484375
11 0.23125 0.3154296875 0.025 0.033203125
9 0.21875 0.3740234375 0.009375 0.009765625
9 0.25390625 0.3681640625 0.0078125 0.009765625
0 0.56796875 0.4697265625 0.0265625 0.068359375
0 0.23984375 0.513671875 0.0484375 0.15625
0 0.1734375 0.51953125 0.0375 0.1640625
9 0.1328125 0.21484375 0.015625 0.0546875
9 0.21328125 0.24609375 0.0109375 0.0390625
2 0.26875 0.4580078125 0.03125 0.033203125
11 0.23359375 0.38671875 0.0359375 0.01171875
0 0.04921875 0.505859375 0.0484375 0.12890625
2 0.13671875 0.478515625 0.0421875 0.0390625
2 0.32734375 0.45703125 0.0359375 0.03125
2 0.01484375 0.48828125 0.0296875 0.046875
11 0.9859375 0.3544921875 0.025 0.060546875
11 0.978125 0.3046875 0.040625 0.02734375
9 0.92890625 0.28125 0.0234375 0.03125
11 0.73984375 0.33984375 0.0171875 0.03515625
2 0.08984375 0.4814453125 0.0578125 0.044921875
0 0.86796875 0.4609375 0.0203125 0.08203125
2 0.465625 0.4345703125 0.015625 0.017578125
2 0.40390625 0.4482421875 0.0296875 0.021484375
0 0.87734375 0.439453125 0.0171875 0.05859375
2 0.83828125 0.4248046875 0.0328125 0.021484375
2 0.28984375 0.458984375 0.0171875 0.01953125
0 0.0640625 0.4609375 0.0125 0.02734375
2 0.8109375 0.4296875 0.01875 0.015625
2 0.95234375 0.58984375 0.0921875 0.2421875
2 0.68203125 0.4482421875 0.0484375 0.044921875
2 0.58125 0.4443359375 0.0125 0.013671875
2 0.521875 0.4453125 0.021875 0.01953125
0 0.4859375 0.4453125 0.009375 0.02734375
9 0.50859375 0.2822265625 0.0140625 0.041015625
9 0.6140625 0.27734375 0.0125 0.04296875
11 0.540625 0.2685546875 0.01875 0.029296875
11 0.69921875 0.2958984375 0.0546875 0.021484375
11 0.23125 0.3154296875 0.025 0.033203125
9 0.21875 0.3740234375 0.009375 0.009765625
9 0.25390625 0.3681640625 0.0078125 0.009765625
0 0.56796875 0.4697265625 0.0265625 0.068359375
0 0.23984375 0.513671875 0.0484375 0.15625
0 0.1734375 0.51953125 0.0375 0.1640625
9 0.1328125 0.21484375 0.015625 0.0546875
9 0.21328125 0.24609375 0.0109375 0.0390625
2 0.26875 0.4580078125 0.03125 0.033203125
11 0.23359375 0.38671875 0.0359375 0.01171875
0 0.04921875 0.505859375 0.0484375 0.12890625
2 0.13671875 0.478515625 0.0421875 0.0390625
2 0.32734375 0.45703125 0.0359375 0.03125
2 0.01484375 0.48828125 0.0296875 0.046875
11 0.9859375 0.3544921875 0.025 0.060546875
11 0.978125 0.3046875 0.040625 0.02734375
9 0.92890625 0.28125 0.0234375 0.03125
11 0.73984375 0.33984375 0.0171875 0.03515625
2 0.08984375 0.4814453125 0.0578125 0.044921875
0 0.86796875 0.4609375 0.0203125 0.08203125
2 0.465625 0.4345703125 0.015625 0.017578125
2 0.40390625 0.4482421875 0.0296875 0.021484375
0 0.87734375 0.439453125 0.0171875 0.05859375
2 0.83828125 0.4248046875 0.0328125 0.021484375
2 0.28984375 0.458984375 0.0171875 0.01953125
0 0.0640625 0.4609375 0.0125 0.02734375
2 0.8109375 0.4296875 0.01875 0.015625
