9 0.48359375 0.296875 0.0109375 0.0390625
9 0.63828125 0.294921875 0.0109375 0.0390625
11 0.72421875 0.310546875 0.0546875 0.0234375
0 0.60078125 0.47265625 0.0140625 0.05859375
2 0.44765625 0.4677734375 0.0796875 0.052734375
2 0.3546875 0.46875 0.065625 0.0390625
2 0.10078125 0.6123046875 0.2015625 0.306640625
2 0.22265625 0.4658203125 0.0703125 0.060546875
11 0.025 0.3671875 0.034375 0.09375
9 0.96328125 0.2119140625 0.0234375 0.060546875
9 0.91953125 0.2333984375 0.0203125 0.052734375
9 0.7765625 0.380859375 0.009375 0.015625
2 0.31171875 0.466796875 0.0421875 0.03515625
2 0.90390625 0.6826171875 0.1890625 0.349609375
0 0.27109375 0.4453125 0.0078125 0.01171875
10 0.57734375 0.484375 0.0109375 0.03125
2 0.275 0.4658203125 0.034375 0.029296875
9 0.18046875 0.4013671875 0.0078125 0.013671875
9 0.12578125 0.2958984375 0.0140625 0.033203125
9 0.09296875 0.287109375 0.0140625 0.0390625
11 0.16640625 0.330078125 0.0203125 0.01953125
11 0.17734375 0.3681640625 0.0140625 0.037109375
2 0.16953125 0.4619140625 0.0359375 0.033203125
9 0.48359375 0.296875 0.0109375 0.0390625
9 0.63828125 0.294921875 0.0109375 0.0390625
11 0.72421875 0.310546875 0.0546875 0.0234375
0 0.60078125 0.47265625 0.0140625 0.05859375
2 0.44765625 0.4677734375 0.0796875 0.052734375
2 0.3546875 0.46875 0.065625 0.0390625
2 0.10078125 0.6123046875 0.2015625 0.306640625
2 0.22265625 0.4658203125 0.0703125 0.060546875
11 0.025 0.3671875 0.034375 0.09375
9 0.96328125 0.2119140625 0.0234375 0.060546875
9 0.91953125 0.2333984375 0.0203125 0.052734375
9 0.7765625 0.380859375 0.009375 0.015625
2 0.31171875 0.466796875 0.0421875 0.03515625
2 0.90390625 0.6826171875 0.1890625 0.349609375
0 0.27109375 0.4453125 0.0078125 0.01171875
10 0.57734375 0.484375 0.0109375 0.03125
2 0.275 0.4658203125 0.034375 0.029296875
9 0.18046875 0.4013671875 0.0078125 0.013671875
9 0.12578125 0.2958984375 0.0140625 0.033203125
9 0.09296875 0.287109375 0.0140625 0.0390625
11 0.16640625 0.330078125 0.0203125 0.01953125
11 0.17734375 0.3681640625 0.0140625 0.037109375
2 0.16953125 0.4619140625 0.0359375 0.033203125
