0 0.75859375 0.369140625 0.0234375 0.08984375
0 0.709375 0.3759765625 0.025 0.087890625
0 0.615625 0.3671875 0.01875 0.07421875
2 0.39765625 0.3720703125 0.0546875 0.052734375
2 0.425 0.365234375 0.025 0.0390625
2 0.45859375 0.353515625 0.0140625 0.0234375
2 0.48515625 0.3671875 0.0390625 0.0390625
2 0.57265625 0.369140625 0.0421875 0.04296875
2 0.54296875 0.3642578125 0.0234375 0.033203125
11 0.20390625 0.0732421875 0.0484375 0.064453125
9 0.41015625 0.091796875 0.0171875 0.05859375
9 0.43359375 0.0908203125 0.0140625 0.060546875
9 0.3859375 0.09375 0.0125 0.05859375
2 0.4984375 0.3603515625 0.021875 0.033203125
9 0.46875 0.296875 0.00625 0.015625
3 0.2265625 0.3857421875 0.028125 0.041015625
2 0.51328125 0.357421875 0.0140625 0.0234375
0 0.01640625 0.3798828125 0.0140625 0.029296875
0 0.07265625 0.3720703125 0.0109375 0.017578125
2 0.3421875 0.365234375 0.040625 0.05078125
11 0.68671875 0.296875 0.0390625 0.05078125
10 0.99453125 0.3974609375 0.0078125 0.033203125
0 0.04765625 0.3857421875 0.0109375 0.013671875
0 0.05625 0.380859375 0.009375 0.01171875
1 0.0890625 0.4091796875 0.009375 0.017578125
9 0.69765625 0.2578125 0.0171875 0.01953125
9 0.41875 0.2958984375 0.00625 0.013671875
3 0.4375 0.365234375 0.009375 0.01953125
2 0.553125 0.369140625 0.025 0.03515625
2 0.53515625 0.361328125 0.0171875 0.02734375
0 0.43828125 0.3583984375 0.0109375 0.029296875
0 0.228125 0.3798828125 0.01875 0.044921875
0 0.8015625 0.3740234375 0.021875 0.076171875
2 0.1375 0.3935546875 0.0625 0.052734375
2 0.28828125 0.376953125 0.0734375 0.0703125
3 0.4515625 0.36328125 0.009375 0.01953125
0 0.4515625 0.35546875 0.009375 0.0234375
0 0.75859375 0.369140625 0.0234375 0.08984375
0 0.709375 0.3759765625 0.025 0.087890625
0 0.615625 0.3671875 0.01875 0.07421875
2 0.39765625 0.3720703125 0.0546875 0.052734375
2 0.425 0.365234375 0.025 0.0390625
2 0.45859375 0.353515625 0.0140625 0.0234375
2 0.48515625 0.3671875 0.0390625 0.0390625
2 0.57265625 0.369140625 0.0421875 0.04296875
2 0.54296875 0.3642578125 0.0234375 0.033203125
11 0.20390625 0.0732421875 0.0484375 0.064453125
9 0.41015625 0.091796875 0.0171875 0.05859375
9 0.43359375 0.0908203125 0.0140625 0.060546875
9 0.3859375 0.09375 0.0125 0.05859375
2 0.4984375 0.3603515625 0.021875 0.033203125
9 0.46875 0.296875 0.00625 0.015625
3 0.2265625 0.3857421875 0.028125 0.041015625
2 0.51328125 0.357421875 0.0140625 0.0234375
0 0.01640625 0.3798828125 0.0140625 0.029296875
0 0.07265625 0.3720703125 0.0109375 0.017578125
2 0.3421875 0.365234375 0.040625 0.05078125
11 0.68671875 0.296875 0.0390625 0.05078125
10 0.99453125 0.3974609375 0.0078125 0.033203125
0 0.04765625 0.3857421875 0.0109375 0.013671875
0 0.05625 0.380859375 0.009375 0.01171875
1 0.0890625 0.4091796875 0.009375 0.017578125
9 0.69765625 0.2578125 0.0171875 0.01953125
9 0.41875 0.2958984375 0.00625 0.013671875
3 0.4375 0.365234375 0.009375 0.01953125
2 0.553125 0.369140625 0.025 0.03515625
2 0.53515625 0.361328125 0.0171875 0.02734375
0 0.43828125 0.3583984375 0.0109375 0.029296875
0 0.228125 0.3798828125 0.01875 0.044921875
0 0.8015625 0.3740234375 0.021875 0.076171875
2 0.1375 0.3935546875 0.0625 0.052734375
2 0.28828125 0.376953125 0.0734375 0.0703125
3 0.4515625 0.36328125 0.009375 0.01953125
0 0.4515625 0.35546875 0.009375 0.0234375
