2 0.7015625 0.4716796875 0.05 0.048828125
9 0.5078125 0.2783203125 0.0125 0.048828125
9 0.62890625 0.26953125 0.0140625 0.05078125
11 0.54453125 0.26171875 0.0203125 0.03125
11 0.72890625 0.29296875 0.0640625 0.02734375
11 0.1796875 0.3193359375 0.03125 0.037109375
9 0.1625 0.384765625 0.009375 0.01171875
9 0.2078125 0.3828125 0.009375 0.01171875
0 0.79765625 0.49609375 0.0234375 0.08203125
9 0.0328125 0.181640625 0.021875 0.06640625
9 0.14765625 0.234375 0.0140625 0.046875
11 0.18359375 0.4013671875 0.0421875 0.013671875
11 0.77734375 0.341796875 0.0234375 0.03515625
0 0.8671875 0.4892578125 0.028125 0.080078125
0 0.81484375 0.47265625 0.0234375 0.0703125
2 0.49375 0.4873046875 0.096875 0.056640625
2 0.1078125 0.5078125 0.071875 0.06640625
0 0.06796875 0.552734375 0.0546875 0.1953125
11 0.63046875 0.40625 0.0171875 0.02734375
2 0.24140625 0.4921875 0.0609375 0.0546875
2 0.20703125 0.48046875 0.0359375 0.03125
2 0.303125 0.4892578125 0.05 0.037109375
2 0.028125 0.5078125 0.0375 0.05078125
2 0.7015625 0.4716796875 0.05 0.048828125
9 0.5078125 0.2783203125 0.0125 0.048828125
9 0.62890625 0.26953125 0.0140625 0.05078125
11 0.54453125 0.26171875 0.0203125 0.03125
11 0.72890625 0.29296875 0.0640625 0.02734375
11 0.1796875 0.3193359375 0.03125 0.037109375
9 0.1625 0.384765625 0.009375 0.01171875
9 0.2078125 0.3828125 0.009375 0.01171875
0 0.79765625 0.49609375 0.0234375 0.08203125
9 0.0328125 0.181640625 0.021875 0.06640625
9 0.14765625 0.234375 0.0140625 0.046875
11 0.18359375 0.4013671875 0.0421875 0.013671875
11 0.77734375 0.341796875 0.0234375 0.03515625
0 0.8671875 0.4892578125 0.028125 0.080078125
0 0.81484375 0.47265625 0.0234375 0.0703125
2 0.49375 0.4873046875 0.096875 0.056640625
2 0.1078125 0.5078125 0.071875 0.06640625
0 0.06796875 0.552734375 0.0546875 0.1953125
11 0.63046875 0.40625 0.0171875 0.02734375
2 0.24140625 0.4921875 0.0609375 0.0546875
2 0.20703125 0.48046875 0.0359375 0.03125
2 0.303125 0.4892578125 0.05 0.037109375
2 0.028125 0.5078125 0.0375 0.05078125
