2 0.4109375 0.37109375 0.040625 0.0390625
2 0.6640625 0.4140625 0.115625 0.1015625
2 0.46328125 0.35546875 0.0140625 0.015625
2 0.58515625 0.3740234375 0.0546875 0.068359375
2 0.48984375 0.361328125 0.0234375 0.0234375
2 0.528125 0.3662109375 0.021875 0.029296875
2 0.54765625 0.3720703125 0.0328125 0.033203125
2 0.60234375 0.388671875 0.0734375 0.08203125
2 0.3296875 0.3623046875 0.025 0.025390625
2 0.44765625 0.36328125 0.0359375 0.0234375
2 0.35546875 0.3583984375 0.0296875 0.033203125
2 0.3953125 0.361328125 0.01875 0.0234375
0 0.67890625 0.3515625 0.0078125 0.0234375
0 0.03671875 0.388671875 0.0140625 0.05078125
0 0.05859375 0.39453125 0.0109375 0.0390625
0 0.0765625 0.3935546875 0.009375 0.029296875
0 0.090625 0.376953125 0.009375 0.0390625
0 0.1046875 0.375 0.009375 0.0390625
0 0.11328125 0.3740234375 0.0109375 0.041015625
11 0.12109375 0.318359375 0.0203125 0.0234375
2 0.37265625 0.361328125 0.0078125 0.01953125
0 0.07265625 0.3876953125 0.0109375 0.041015625
0 0.275 0.36328125 0.00625 0.01953125
2 0.38359375 0.361328125 0.0078125 0.015625
3 0.528125 0.37109375 0.01875 0.02734375
3 0.5453125 0.3798828125 0.025 0.041015625
3 0.55 0.380859375 0.021875 0.04296875
0 0.04921875 0.3896484375 0.0078125 0.033203125
2 0.165625 0.40625 0.11875 0.10546875
2 0.4109375 0.37109375 0.040625 0.0390625
2 0.6640625 0.4140625 0.115625 0.1015625
2 0.46328125 0.35546875 0.0140625 0.015625
2 0.58515625 0.3740234375 0.0546875 0.068359375
2 0.48984375 0.361328125 0.0234375 0.0234375
2 0.528125 0.3662109375 0.021875 0.029296875
2 0.54765625 0.3720703125 0.0328125 0.033203125
2 0.60234375 0.388671875 0.0734375 0.08203125
2 0.3296875 0.3623046875 0.025 0.025390625
2 0.44765625 0.36328125 0.0359375 0.0234375
2 0.35546875 0.3583984375 0.0296875 0.033203125
2 0.3953125 0.361328125 0.01875 0.0234375
0 0.67890625 0.3515625 0.0078125 0.0234375
0 0.03671875 0.388671875 0.0140625 0.05078125
0 0.05859375 0.39453125 0.0109375 0.0390625
0 0.0765625 0.3935546875 0.009375 0.029296875
0 0.090625 0.376953125 0.009375 0.0390625
0 0.1046875 0.375 0.009375 0.0390625
0 0.11328125 0.3740234375 0.0109375 0.041015625
11 0.12109375 0.318359375 0.0203125 0.0234375
2 0.37265625 0.361328125 0.0078125 0.01953125
0 0.07265625 0.3876953125 0.0109375 0.041015625
0 0.275 0.36328125 0.00625 0.01953125
2 0.38359375 0.361328125 0.0078125 0.015625
3 0.528125 0.37109375 0.01875 0.02734375
3 0.5453125 0.3798828125 0.025 0.041015625
3 0.55 0.380859375 0.021875 0.04296875
0 0.04921875 0.3896484375 0.0078125 0.033203125
2 0.165625 0.40625 0.11875 0.10546875
