2 0.459375 0.625 0.053125 0.05078125
2 0.5296875 0.6279296875 0.01875 0.021484375
7 0.88515625 0.6396484375 0.2265625 0.259765625
7 0.73515625 0.626953125 0.0984375 0.12109375
7 0.65625 0.619140625 0.05 0.0703125
7 0.590625 0.6201171875 0.028125 0.044921875
7 0.61640625 0.6220703125 0.0234375 0.044921875
2 0.5484375 0.6259765625 0.0125 0.013671875
2 0.459375 0.625 0.053125 0.05078125
2 0.5296875 0.6279296875 0.01875 0.021484375
7 0.88515625 0.6396484375 0.2265625 0.259765625
7 0.73515625 0.626953125 0.0984375 0.12109375
7 0.65625 0.619140625 0.05 0.0703125
7 0.590625 0.6201171875 0.028125 0.044921875
7 0.61640625 0.6220703125 0.0234375 0.044921875
2 0.5484375 0.6259765625 0.0125 0.013671875
