2 0.92890625 0.5732421875 0.1390625 0.380859375
2 0.73828125 0.498046875 0.0796875 0.1328125
2 0.65703125 0.4541015625 0.0390625 0.037109375
2 0.57734375 0.451171875 0.0109375 0.01171875
2 0.521875 0.4501953125 0.01875 0.021484375
0 0.49375 0.451171875 0.00625 0.02734375
2 0.31171875 0.4619140625 0.0203125 0.021484375
2 0.2796875 0.46484375 0.01875 0.0234375
9 0.51953125 0.330078125 0.0078125 0.03125
9 0.596875 0.3251953125 0.009375 0.029296875
11 0.54296875 0.3212890625 0.0140625 0.021484375
11 0.65859375 0.337890625 0.0390625 0.015625
11 0.31875 0.3544921875 0.01875 0.021484375
9 0.3078125 0.3955078125 0.00625 0.005859375
9 0.334375 0.3955078125 0.00625 0.005859375
0 0.45859375 0.470703125 0.0234375 0.05078125
0 0.25859375 0.4775390625 0.0203125 0.083984375
0 0.23515625 0.4814453125 0.0328125 0.083984375
9 0.275 0.294921875 0.009375 0.03515625
9 0.3140625 0.310546875 0.009375 0.02734375
2 0.82421875 0.513671875 0.1515625 0.1796875
2 0.16875 0.4873046875 0.04375 0.041015625
2 0.3515625 0.46875 0.028125 0.02734375
2 0.13828125 0.486328125 0.0515625 0.046875
11 0.32109375 0.40625 0.0234375 0.0078125
2 0.2953125 0.4638671875 0.01875 0.021484375
0 0.065625 0.4814453125 0.009375 0.048828125
0 0.19453125 0.482421875 0.0234375 0.07421875
0 0.0578125 0.48828125 0.01875 0.05859375
0 0.121875 0.4677734375 0.009375 0.029296875
2 0.21484375 0.478515625 0.0265625 0.03125
2 0.92890625 0.5732421875 0.1390625 0.380859375
2 0.73828125 0.498046875 0.0796875 0.1328125
2 0.65703125 0.4541015625 0.0390625 0.037109375
2 0.57734375 0.451171875 0.0109375 0.01171875
2 0.521875 0.4501953125 0.01875 0.021484375
0 0.49375 0.451171875 0.00625 0.02734375
2 0.31171875 0.4619140625 0.0203125 0.021484375
2 0.2796875 0.46484375 0.01875 0.0234375
9 0.51953125 0.330078125 0.0078125 0.03125
9 0.596875 0.3251953125 0.009375 0.029296875
11 0.54296875 0.3212890625 0.0140625 0.021484375
11 0.65859375 0.337890625 0.0390625 0.015625
11 0.31875 0.3544921875 0.01875 0.021484375
9 0.3078125 0.3955078125 0.00625 0.005859375
9 0.334375 0.3955078125 0.00625 0.005859375
0 0.45859375 0.470703125 0.0234375 0.05078125
0 0.25859375 0.4775390625 0.0203125 0.083984375
0 0.23515625 0.4814453125 0.0328125 0.083984375
9 0.275 0.294921875 0.009375 0.03515625
9 0.3140625 0.310546875 0.009375 0.02734375
2 0.82421875 0.513671875 0.1515625 0.1796875
2 0.16875 0.4873046875 0.04375 0.041015625
2 0.3515625 0.46875 0.028125 0.02734375
2 0.13828125 0.486328125 0.0515625 0.046875
11 0.32109375 0.40625 0.0234375 0.0078125
2 0.2953125 0.4638671875 0.01875 0.021484375
0 0.065625 0.4814453125 0.009375 0.048828125
0 0.19453125 0.482421875 0.0234375 0.07421875
0 0.0578125 0.48828125 0.01875 0.05859375
0 0.121875 0.4677734375 0.009375 0.029296875
2 0.21484375 0.478515625 0.0265625 0.03125
