2 0.92890625 0.4873046875 0.1390625 0.322265625
2 0.60703125 0.359375 0.0453125 0.05078125
2 0.54375 0.3603515625 0.03125 0.029296875
7 0.53125 0.3427734375 0.01875 0.029296875
7 0.5046875 0.3466796875 0.0125 0.017578125
2 0.490625 0.3544921875 0.015625 0.021484375
2 0.13828125 0.3779296875 0.0484375 0.033203125
2 0.290625 0.3603515625 0.021875 0.017578125
2 0.2625 0.357421875 0.03125 0.03125
2 0.35390625 0.3544921875 0.0171875 0.013671875
2 0.37265625 0.353515625 0.0140625 0.015625
2 0.3921875 0.349609375 0.009375 0.0078125
2 0.31640625 0.357421875 0.0140625 0.01171875
2 0.92890625 0.4873046875 0.1390625 0.322265625
2 0.60703125 0.359375 0.0453125 0.05078125
2 0.54375 0.3603515625 0.03125 0.029296875
7 0.53125 0.3427734375 0.01875 0.029296875
7 0.5046875 0.3466796875 0.0125 0.017578125
2 0.490625 0.3544921875 0.015625 0.021484375
2 0.13828125 0.3779296875 0.0484375 0.033203125
2 0.290625 0.3603515625 0.021875 0.017578125
2 0.2625 0.357421875 0.03125 0.03125
2 0.35390625 0.3544921875 0.0171875 0.013671875
2 0.37265625 0.353515625 0.0140625 0.015625
2 0.3921875 0.349609375 0.009375 0.0078125
2 0.31640625 0.357421875 0.0140625 0.01171875
