2 0.51796875 0.630859375 0.0265625 0.03125
7 0.97265625 0.6064453125 0.0515625 0.310546875
7 0.72109375 0.6220703125 0.0921875 0.099609375
7 0.6140625 0.6220703125 0.0375 0.060546875
7 0.64609375 0.623046875 0.0296875 0.05859375
2 0.55859375 0.6279296875 0.0109375 0.013671875
2 0.51796875 0.630859375 0.0265625 0.03125
7 0.97265625 0.6064453125 0.0515625 0.310546875
7 0.72109375 0.6220703125 0.0921875 0.099609375
7 0.6140625 0.6220703125 0.0375 0.060546875
7 0.64609375 0.623046875 0.0296875 0.05859375
2 0.55859375 0.6279296875 0.0109375 0.013671875
