2 0.5203125 0.623046875 0.025 0.03125
2 0.546875 0.626953125 0.0125 0.015625
7 0.7359375 0.623046875 0.109375 0.1171875
7 0.66484375 0.6220703125 0.0359375 0.072265625
7 0.6375 0.6181640625 0.025 0.056640625
7 0.59453125 0.619140625 0.0234375 0.0390625
7 0.61640625 0.62109375 0.0203125 0.0390625
2 0.5203125 0.623046875 0.025 0.03125
2 0.546875 0.626953125 0.0125 0.015625
7 0.7359375 0.623046875 0.109375 0.1171875
7 0.66484375 0.6220703125 0.0359375 0.072265625
7 0.6375 0.6181640625 0.025 0.056640625
7 0.59453125 0.619140625 0.0234375 0.0390625
7 0.61640625 0.62109375 0.0203125 0.0390625
