2 0.696875 0.3984375 0.15 0.140625
2 0.61796875 0.35546875 0.0515625 0.05859375
2 0.5390625 0.357421875 0.03125 0.03125
7 0.52421875 0.337890625 0.0171875 0.02734375
7 0.5 0.337890625 0.009375 0.01171875
2 0.50390625 0.3466796875 0.0109375 0.009765625
2 0.490625 0.349609375 0.01875 0.01953125
2 0.12890625 0.373046875 0.0484375 0.03515625
7 0.31484375 0.3427734375 0.0296875 0.037109375
2 0.31796875 0.3544921875 0.0171875 0.013671875
2 0.34296875 0.3525390625 0.0171875 0.013671875
2 0.37578125 0.34765625 0.0140625 0.015625
2 0.39921875 0.345703125 0.0109375 0.01171875
2 0.40859375 0.34765625 0.0078125 0.0078125
7 0.35390625 0.3369140625 0.0265625 0.017578125
2 0.35546875 0.349609375 0.0109375 0.01171875
2 0.42109375 0.345703125 0.0078125 0.0078125
2 0.696875 0.3984375 0.15 0.140625
2 0.61796875 0.35546875 0.0515625 0.05859375
2 0.5390625 0.357421875 0.03125 0.03125
7 0.52421875 0.337890625 0.0171875 0.02734375
7 0.5 0.337890625 0.009375 0.01171875
2 0.50390625 0.3466796875 0.0109375 0.009765625
2 0.490625 0.349609375 0.01875 0.01953125
2 0.12890625 0.373046875 0.0484375 0.03515625
7 0.31484375 0.3427734375 0.0296875 0.037109375
2 0.31796875 0.3544921875 0.0171875 0.013671875
2 0.34296875 0.3525390625 0.0171875 0.013671875
2 0.37578125 0.34765625 0.0140625 0.015625
2 0.39921875 0.345703125 0.0109375 0.01171875
2 0.40859375 0.34765625 0.0078125 0.0078125
7 0.35390625 0.3369140625 0.0265625 0.017578125
2 0.35546875 0.349609375 0.0109375 0.01171875
2 0.42109375 0.345703125 0.0078125 0.0078125
