2 0.8640625 0.4638671875 0.26875 0.291015625
2 0.61171875 0.353515625 0.0453125 0.05078125
2 0.54375 0.3564453125 0.03125 0.029296875
7 0.53046875 0.3408203125 0.0171875 0.029296875
7 0.503125 0.3388671875 0.009375 0.009765625
2 0.50546875 0.3505859375 0.0109375 0.009765625
2 0.49140625 0.3515625 0.0171875 0.01953125
2 0.0609375 0.380859375 0.059375 0.046875
2 0.33515625 0.3544921875 0.0171875 0.013671875
2 0.296875 0.353515625 0.021875 0.0234375
2 0.2296875 0.365234375 0.03125 0.0234375
2 0.36875 0.3515625 0.009375 0.01171875
2 0.378125 0.3515625 0.009375 0.01171875
7 0.265625 0.345703125 0.04375 0.046875
2 0.35625 0.349609375 0.015625 0.015625
2 0.39375 0.3486328125 0.009375 0.009765625
2 0.103125 0.375 0.03125 0.03125
2 0.8640625 0.4638671875 0.26875 0.291015625
2 0.61171875 0.353515625 0.0453125 0.05078125
2 0.54375 0.3564453125 0.03125 0.029296875
7 0.53046875 0.3408203125 0.0171875 0.029296875
7 0.503125 0.3388671875 0.009375 0.009765625
2 0.50546875 0.3505859375 0.0109375 0.009765625
2 0.49140625 0.3515625 0.0171875 0.01953125
2 0.0609375 0.380859375 0.059375 0.046875
2 0.33515625 0.3544921875 0.0171875 0.013671875
2 0.296875 0.353515625 0.021875 0.0234375
2 0.2296875 0.365234375 0.03125 0.0234375
2 0.36875 0.3515625 0.009375 0.01171875
2 0.378125 0.3515625 0.009375 0.01171875
7 0.265625 0.345703125 0.04375 0.046875
2 0.35625 0.349609375 0.015625 0.015625
2 0.39375 0.3486328125 0.009375 0.009765625
2 0.103125 0.375 0.03125 0.03125
