2 0.896875 0.515625 0.203125 0.390625
2 0.60859375 0.3544921875 0.0453125 0.048828125
2 0.5453125 0.3583984375 0.03125 0.029296875
7 0.53125 0.3408203125 0.01875 0.029296875
7 0.5046875 0.3408203125 0.009375 0.009765625
2 0.50546875 0.3505859375 0.0109375 0.009765625
2 0.49140625 0.353515625 0.0171875 0.01953125
2 0.25625 0.3623046875 0.028125 0.021484375
2 0.1546875 0.3671875 0.05 0.04296875
2 0.3296875 0.35546875 0.0125 0.01171875
2 0.3421875 0.353515625 0.0125 0.01171875
7 0.1109375 0.3544921875 0.121875 0.087890625
2 0.31328125 0.3505859375 0.0234375 0.025390625
2 0.37578125 0.349609375 0.0109375 0.0078125
2 0.38984375 0.34765625 0.0078125 0.0078125
2 0.4046875 0.3486328125 0.00625 0.005859375
2 0.896875 0.515625 0.203125 0.390625
2 0.60859375 0.3544921875 0.0453125 0.048828125
2 0.5453125 0.3583984375 0.03125 0.029296875
7 0.53125 0.3408203125 0.01875 0.029296875
7 0.5046875 0.3408203125 0.009375 0.009765625
2 0.50546875 0.3505859375 0.0109375 0.009765625
2 0.49140625 0.353515625 0.0171875 0.01953125
2 0.25625 0.3623046875 0.028125 0.021484375
2 0.1546875 0.3671875 0.05 0.04296875
2 0.3296875 0.35546875 0.0125 0.01171875
2 0.3421875 0.353515625 0.0125 0.01171875
7 0.1109375 0.3544921875 0.121875 0.087890625
2 0.31328125 0.3505859375 0.0234375 0.025390625
2 0.37578125 0.349609375 0.0109375 0.0078125
2 0.38984375 0.34765625 0.0078125 0.0078125
2 0.4046875 0.3486328125 0.00625 0.005859375
