3 0.96484375 0.625 0.0671875 0.140625
0 0.6734375 0.3681640625 0.015625 0.064453125
0 0.63828125 0.37109375 0.0171875 0.0625
0 0.575 0.365234375 0.01875 0.05078125
2 0.40234375 0.3759765625 0.0453125 0.044921875
2 0.428125 0.3681640625 0.028125 0.033203125
2 0.45234375 0.361328125 0.0171875 0.0234375
2 0.48046875 0.3701171875 0.0359375 0.037109375
2 0.5515625 0.3701171875 0.028125 0.033203125
2 0.53828125 0.3681640625 0.0234375 0.029296875
11 0.30546875 0.177734375 0.0296875 0.0390625
9 0.43125 0.185546875 0.0125 0.04296875
9 0.44453125 0.1845703125 0.0140625 0.041015625
9 0.41796875 0.1865234375 0.0140625 0.041015625
9 0.13515625 0.1640625 0.0140625 0.046875
9 0.12109375 0.1640625 0.0140625 0.046875
9 0.10546875 0.1630859375 0.0140625 0.044921875
2 0.3390625 0.3681640625 0.028125 0.037109375
2 0.4921875 0.3642578125 0.025 0.033203125
9 0.46640625 0.30859375 0.0046875 0.01171875
3 0.303125 0.3828125 0.015625 0.02734375
0 0.1578125 0.392578125 0.021875 0.05078125
11 0.7984375 0.3017578125 0.034375 0.041015625
11 0.8 0.236328125 0.04375 0.01953125
9 0.8125 0.263671875 0.01875 0.0234375
9 0.63046875 0.287109375 0.0078125 0.01171875
2 0.509375 0.359375 0.015625 0.01953125
9 0.784375 0.2626953125 0.01875 0.021484375
10 0.12265625 0.4052734375 0.0078125 0.025390625
0 0.8703125 0.408203125 0.0375 0.06640625
0 0.1234375 0.384765625 0.0125 0.03515625
0 0.15390625 0.3701171875 0.0109375 0.013671875
2 0.38203125 0.3642578125 0.0234375 0.029296875
11 0.63046875 0.3134765625 0.0203125 0.025390625
2 0.20546875 0.3876953125 0.0484375 0.041015625
3 0.15859375 0.4033203125 0.0359375 0.044921875
2 0.35625 0.37109375 0.04375 0.04296875
0 0.7078125 0.3701171875 0.015625 0.060546875
3 0.96484375 0.625 0.0671875 0.140625
0 0.6734375 0.3681640625 0.015625 0.064453125
0 0.63828125 0.37109375 0.0171875 0.0625
0 0.575 0.365234375 0.01875 0.05078125
2 0.40234375 0.3759765625 0.0453125 0.044921875
2 0.428125 0.3681640625 0.028125 0.033203125
2 0.45234375 0.361328125 0.0171875 0.0234375
2 0.48046875 0.3701171875 0.0359375 0.037109375
2 0.5515625 0.3701171875 0.028125 0.033203125
2 0.53828125 0.3681640625 0.0234375 0.029296875
11 0.30546875 0.177734375 0.0296875 0.0390625
9 0.43125 0.185546875 0.0125 0.04296875
9 0.44453125 0.1845703125 0.0140625 0.041015625
9 0.41796875 0.1865234375 0.0140625 0.041015625
9 0.13515625 0.1640625 0.0140625 0.046875
9 0.12109375 0.1640625 0.0140625 0.046875
9 0.10546875 0.1630859375 0.0140625 0.044921875
2 0.3390625 0.3681640625 0.028125 0.037109375
2 0.4921875 0.3642578125 0.025 0.033203125
9 0.46640625 0.30859375 0.0046875 0.01171875
3 0.303125 0.3828125 0.015625 0.02734375
0 0.1578125 0.392578125 0.021875 0.05078125
11 0.7984375 0.3017578125 0.034375 0.041015625
11 0.8 0.236328125 0.04375 0.01953125
9 0.8125 0.263671875 0.01875 0.0234375
9 0.63046875 0.287109375 0.0078125 0.01171875
2 0.509375 0.359375 0.015625 0.01953125
9 0.784375 0.2626953125 0.01875 0.021484375
10 0.12265625 0.4052734375 0.0078125 0.025390625
0 0.8703125 0.408203125 0.0375 0.06640625
0 0.1234375 0.384765625 0.0125 0.03515625
0 0.15390625 0.3701171875 0.0109375 0.013671875
2 0.38203125 0.3642578125 0.0234375 0.029296875
11 0.63046875 0.3134765625 0.0203125 0.025390625
2 0.20546875 0.3876953125 0.0484375 0.041015625
3 0.15859375 0.4033203125 0.0359375 0.044921875
2 0.35625 0.37109375 0.04375 0.04296875
0 0.7078125 0.3701171875 0.015625 0.060546875
