2 0.37890625 0.373046875 0.0671875 0.0625
2 0.57578125 0.349609375 0.0359375 0.015625
2 0.5359375 0.4521484375 0.20625 0.193359375
2 0.4171875 0.357421875 0.0375 0.0390625
2 0.22421875 0.37890625 0.0984375 0.09375
2 0.1515625 0.3779296875 0.0625 0.064453125
2 0.46796875 0.34375 0.0171875 0.0234375
3 0.45625 0.353515625 0.009375 0.015625
0 0.45625 0.3466796875 0.009375 0.021484375
0 0.43359375 0.3447265625 0.0078125 0.017578125
3 0.434375 0.3515625 0.00625 0.01171875
9 0.4171875 0.0771484375 0.021875 0.068359375
9 0.390625 0.078125 0.021875 0.0703125
9 0.365625 0.0791015625 0.01875 0.068359375
0 0.946875 0.3896484375 0.0375 0.115234375
0 0.975 0.390625 0.034375 0.1171875
9 0.13671875 0.15234375 0.0140625 0.046875
9 0.153125 0.15234375 0.015625 0.046875
9 0.12109375 0.15234375 0.0140625 0.046875
0 0.06875 0.3798828125 0.021875 0.037109375
2 0.5515625 0.341796875 0.0375 0.01953125
2 0.48671875 0.3505859375 0.0265625 0.033203125
2 0.52421875 0.345703125 0.0140625 0.015625
0 0.1234375 0.35546875 0.009375 0.02734375
11 0.07265625 0.318359375 0.0328125 0.0078125
11 0.07265625 0.30859375 0.0328125 0.0078125
2 0.503125 0.345703125 0.009375 0.01171875
11 0.10078125 0.3251953125 0.0078125 0.009765625
11 0.10078125 0.3408203125 0.0078125 0.009765625
2 0.38984375 0.3388671875 0.0234375 0.013671875
2 0.528125 0.3486328125 0.0125 0.013671875
2 0.55 0.3486328125 0.025 0.017578125
11 0.07265625 0.30078125 0.0328125 0.0078125
11 0.08046875 0.326171875 0.0171875 0.0078125
11 0.24296875 0.3115234375 0.0140625 0.017578125
2 0.34765625 0.3564453125 0.0328125 0.037109375
2 0.171875 0.3818359375 0.040625 0.060546875
2 0.37890625 0.373046875 0.0671875 0.0625
2 0.57578125 0.349609375 0.0359375 0.015625
2 0.5359375 0.4521484375 0.20625 0.193359375
2 0.4171875 0.357421875 0.0375 0.0390625
2 0.22421875 0.37890625 0.0984375 0.09375
2 0.1515625 0.3779296875 0.0625 0.064453125
2 0.46796875 0.34375 0.0171875 0.0234375
3 0.45625 0.353515625 0.009375 0.015625
0 0.45625 0.3466796875 0.009375 0.021484375
0 0.43359375 0.3447265625 0.0078125 0.017578125
3 0.434375 0.3515625 0.00625 0.01171875
9 0.4171875 0.0771484375 0.021875 0.068359375
9 0.390625 0.078125 0.021875 0.0703125
9 0.365625 0.0791015625 0.01875 0.068359375
0 0.946875 0.3896484375 0.0375 0.115234375
0 0.975 0.390625 0.034375 0.1171875
9 0.13671875 0.15234375 0.0140625 0.046875
9 0.153125 0.15234375 0.015625 0.046875
9 0.12109375 0.15234375 0.0140625 0.046875
0 0.06875 0.3798828125 0.021875 0.037109375
2 0.5515625 0.341796875 0.0375 0.01953125
2 0.48671875 0.3505859375 0.0265625 0.033203125
2 0.52421875 0.345703125 0.0140625 0.015625
0 0.1234375 0.35546875 0.009375 0.02734375
11 0.07265625 0.318359375 0.0328125 0.0078125
11 0.07265625 0.30859375 0.0328125 0.0078125
2 0.503125 0.345703125 0.009375 0.01171875
11 0.10078125 0.3251953125 0.0078125 0.009765625
11 0.10078125 0.3408203125 0.0078125 0.009765625
2 0.38984375 0.3388671875 0.0234375 0.013671875
2 0.528125 0.3486328125 0.0125 0.013671875
2 0.55 0.3486328125 0.025 0.017578125
11 0.07265625 0.30078125 0.0328125 0.0078125
11 0.08046875 0.326171875 0.0171875 0.0078125
11 0.24296875 0.3115234375 0.0140625 0.017578125
2 0.34765625 0.3564453125 0.0328125 0.037109375
2 0.171875 0.3818359375 0.040625 0.060546875
