2 0.96796875 0.5712890625 0.0609375 0.291015625
2 0.603125 0.3564453125 0.04375 0.048828125
2 0.540625 0.3603515625 0.03125 0.029296875
7 0.53046875 0.34375 0.0203125 0.03125
7 0.50546875 0.3466796875 0.0140625 0.017578125
2 0.48984375 0.35546875 0.0171875 0.01953125
2 0.21484375 0.3701171875 0.0265625 0.025390625
2 0.18203125 0.3623046875 0.0421875 0.044921875
2 0.31875 0.361328125 0.015625 0.015625
2 0.35234375 0.3544921875 0.0171875 0.017578125
2 0.37421875 0.353515625 0.0078125 0.0078125
2 0.2828125 0.3623046875 0.015625 0.013671875
2 0.38359375 0.3515625 0.0078125 0.0078125
2 0.3328125 0.35546875 0.0125 0.01171875
2 0.2296875 0.365234375 0.021875 0.02734375
2 0.96796875 0.5712890625 0.0609375 0.291015625
2 0.603125 0.3564453125 0.04375 0.048828125
2 0.540625 0.3603515625 0.03125 0.029296875
7 0.53046875 0.34375 0.0203125 0.03125
7 0.50546875 0.3466796875 0.0140625 0.017578125
2 0.48984375 0.35546875 0.0171875 0.01953125
2 0.21484375 0.3701171875 0.0265625 0.025390625
2 0.18203125 0.3623046875 0.0421875 0.044921875
2 0.31875 0.361328125 0.015625 0.015625
2 0.35234375 0.3544921875 0.0171875 0.017578125
2 0.37421875 0.353515625 0.0078125 0.0078125
2 0.2828125 0.3623046875 0.015625 0.013671875
2 0.38359375 0.3515625 0.0078125 0.0078125
2 0.3328125 0.35546875 0.0125 0.01171875
2 0.2296875 0.365234375 0.021875 0.02734375
