0 0.765625 0.373046875 0.021875 0.09375
0 0.7140625 0.376953125 0.025 0.08984375
0 0.615625 0.3671875 0.01875 0.07421875
2 0.39609375 0.3720703125 0.0546875 0.052734375
2 0.425 0.365234375 0.025 0.0390625
2 0.46015625 0.353515625 0.0140625 0.0234375
2 0.48515625 0.3662109375 0.0390625 0.041015625
2 0.57265625 0.369140625 0.0421875 0.04296875
2 0.54296875 0.3642578125 0.0234375 0.033203125
11 0.1984375 0.0673828125 0.05 0.068359375
9 0.40546875 0.083984375 0.0171875 0.05859375
9 0.43203125 0.0849609375 0.0140625 0.060546875
9 0.38359375 0.087890625 0.0140625 0.05859375
2 0.49609375 0.359375 0.0265625 0.03515625
9 0.46875 0.296875 0.00625 0.015625
3 0.2203125 0.3876953125 0.028125 0.041015625
2 0.51640625 0.357421875 0.0140625 0.0234375
0 0.0109375 0.380859375 0.0125 0.02734375
0 0.06796875 0.37109375 0.0109375 0.015625
2 0.3375 0.3671875 0.040625 0.05078125
11 0.69140625 0.296875 0.0390625 0.05078125
3 0.45234375 0.3662109375 0.0109375 0.017578125
0 0.4515625 0.357421875 0.009375 0.0234375
0 0.04296875 0.3857421875 0.0109375 0.013671875
1 0.08046875 0.4111328125 0.0078125 0.021484375
9 0.69765625 0.2578125 0.0171875 0.01953125
9 0.4203125 0.2958984375 0.00625 0.013671875
3 0.43671875 0.365234375 0.0078125 0.01953125
2 0.5546875 0.3671875 0.025 0.0390625
2 0.53515625 0.361328125 0.0171875 0.02734375
0 0.43671875 0.357421875 0.0109375 0.02734375
0 0.2234375 0.3798828125 0.01875 0.044921875
0 0.8078125 0.3759765625 0.021875 0.076171875
2 0.13359375 0.39453125 0.0640625 0.05078125
2 0.28203125 0.37890625 0.0734375 0.07421875
0 0.765625 0.373046875 0.021875 0.09375
0 0.7140625 0.376953125 0.025 0.08984375
0 0.615625 0.3671875 0.01875 0.07421875
2 0.39609375 0.3720703125 0.0546875 0.052734375
2 0.425 0.365234375 0.025 0.0390625
2 0.46015625 0.353515625 0.0140625 0.0234375
2 0.48515625 0.3662109375 0.0390625 0.041015625
2 0.57265625 0.369140625 0.0421875 0.04296875
2 0.54296875 0.3642578125 0.0234375 0.033203125
11 0.1984375 0.0673828125 0.05 0.068359375
9 0.40546875 0.083984375 0.0171875 0.05859375
9 0.43203125 0.0849609375 0.0140625 0.060546875
9 0.38359375 0.087890625 0.0140625 0.05859375
2 0.49609375 0.359375 0.0265625 0.03515625
9 0.46875 0.296875 0.00625 0.015625
3 0.2203125 0.3876953125 0.028125 0.041015625
2 0.51640625 0.357421875 0.0140625 0.0234375
0 0.0109375 0.380859375 0.0125 0.02734375
0 0.06796875 0.37109375 0.0109375 0.015625
2 0.3375 0.3671875 0.040625 0.05078125
11 0.69140625 0.296875 0.0390625 0.05078125
3 0.45234375 0.3662109375 0.0109375 0.017578125
0 0.4515625 0.357421875 0.009375 0.0234375
0 0.04296875 0.3857421875 0.0109375 0.013671875
1 0.08046875 0.4111328125 0.0078125 0.021484375
9 0.69765625 0.2578125 0.0171875 0.01953125
9 0.4203125 0.2958984375 0.00625 0.013671875
3 0.43671875 0.365234375 0.0078125 0.01953125
2 0.5546875 0.3671875 0.025 0.0390625
2 0.53515625 0.361328125 0.0171875 0.02734375
0 0.43671875 0.357421875 0.0109375 0.02734375
0 0.2234375 0.3798828125 0.01875 0.044921875
0 0.8078125 0.3759765625 0.021875 0.076171875
2 0.13359375 0.39453125 0.0640625 0.05078125
2 0.28203125 0.37890625 0.0734375 0.07421875
