2 0.71796875 0.48828125 0.0578125 0.0546875
9 0.496875 0.265625 0.015625 0.0546875
9 0.64296875 0.2548828125 0.0171875 0.056640625
11 0.53984375 0.2451171875 0.0265625 0.041015625
11 0.7625 0.28125 0.078125 0.03515625
11 0.09921875 0.3076171875 0.0328125 0.041015625
9 0.084375 0.3896484375 0.0125 0.013671875
9 0.134375 0.3857421875 0.0125 0.013671875
0 0.97734375 0.5087890625 0.0265625 0.099609375
9 0.04765625 0.203125 0.0203125 0.06640625
11 0.10703125 0.41015625 0.0546875 0.01953125
11 0.81953125 0.337890625 0.0265625 0.04296875
0 0.8765625 0.5146484375 0.03125 0.095703125
0 0.85078125 0.494140625 0.0296875 0.0859375
2 0.56640625 0.498046875 0.0484375 0.05078125
11 0.6359375 0.419921875 0.01875 0.0234375
2 0.03515625 0.5390625 0.0703125 0.0859375
2 0.2015625 0.5166015625 0.065625 0.052734375
2 0.15 0.517578125 0.05625 0.0625
0 0.4890625 0.4833984375 0.009375 0.029296875
2 0.2328125 0.501953125 0.0375 0.0390625
2 0.71796875 0.48828125 0.0578125 0.0546875
9 0.496875 0.265625 0.015625 0.0546875
9 0.64296875 0.2548828125 0.0171875 0.056640625
11 0.53984375 0.2451171875 0.0265625 0.041015625
11 0.7625 0.28125 0.078125 0.03515625
11 0.09921875 0.3076171875 0.0328125 0.041015625
9 0.084375 0.3896484375 0.0125 0.013671875
9 0.134375 0.3857421875 0.0125 0.013671875
0 0.97734375 0.5087890625 0.0265625 0.099609375
9 0.04765625 0.203125 0.0203125 0.06640625
11 0.10703125 0.41015625 0.0546875 0.01953125
11 0.81953125 0.337890625 0.0265625 0.04296875
0 0.8765625 0.5146484375 0.03125 0.095703125
0 0.85078125 0.494140625 0.0296875 0.0859375
2 0.56640625 0.498046875 0.0484375 0.05078125
11 0.6359375 0.419921875 0.01875 0.0234375
2 0.03515625 0.5390625 0.0703125 0.0859375
2 0.2015625 0.5166015625 0.065625 0.052734375
2 0.15 0.517578125 0.05625 0.0625
0 0.4890625 0.4833984375 0.009375 0.029296875
2 0.2328125 0.501953125 0.0375 0.0390625
