2 0.86328125 0.5224609375 0.1984375 0.205078125
2 0.6671875 0.44140625 0.04375 0.0390625
2 0.57734375 0.439453125 0.0109375 0.01171875
2 0.51796875 0.4384765625 0.0234375 0.021484375
0 0.4890625 0.439453125 0.00625 0.02734375
9 0.5125 0.2998046875 0.009375 0.037109375
9 0.603125 0.2939453125 0.009375 0.037109375
11 0.53984375 0.2890625 0.0140625 0.0234375
11 0.6765625 0.310546875 0.04375 0.01953125
11 0.27578125 0.326171875 0.0203125 0.0234375
9 0.26484375 0.376953125 0.0078125 0.0078125
9 0.29609375 0.375 0.0078125 0.0078125
0 0.5015625 0.4619140625 0.025 0.060546875
0 0.24140625 0.4794921875 0.0328125 0.107421875
0 0.215625 0.482421875 0.040625 0.11328125
9 0.21328125 0.251953125 0.0140625 0.046875
9 0.265625 0.275390625 0.0125 0.0390625
2 0.9359375 0.5751953125 0.125 0.318359375
2 0.30390625 0.458984375 0.0359375 0.0390625
11 0.28125 0.3896484375 0.028125 0.009765625
0 0.1265625 0.482421875 0.028125 0.09375
0 0.084375 0.44921875 0.0125 0.015625
2 0.1765625 0.4716796875 0.034375 0.037109375
2 0.365625 0.4501953125 0.01875 0.017578125
2 0.084375 0.4794921875 0.065625 0.044921875
11 0.86796875 0.3720703125 0.0296875 0.033203125
11 0.8640625 0.337890625 0.04375 0.0234375
9 0.821875 0.314453125 0.01875 0.015625
9 0.871875 0.314453125 0.021875 0.015625
11 0.7125 0.3466796875 0.015625 0.029296875
2 0.409375 0.4443359375 0.021875 0.021484375
2 0.1359375 0.47265625 0.046875 0.04296875
2 0.86328125 0.5224609375 0.1984375 0.205078125
2 0.6671875 0.44140625 0.04375 0.0390625
2 0.57734375 0.439453125 0.0109375 0.01171875
2 0.51796875 0.4384765625 0.0234375 0.021484375
0 0.4890625 0.439453125 0.00625 0.02734375
9 0.5125 0.2998046875 0.009375 0.037109375
9 0.603125 0.2939453125 0.009375 0.037109375
11 0.53984375 0.2890625 0.0140625 0.0234375
11 0.6765625 0.310546875 0.04375 0.01953125
11 0.27578125 0.326171875 0.0203125 0.0234375
9 0.26484375 0.376953125 0.0078125 0.0078125
9 0.29609375 0.375 0.0078125 0.0078125
0 0.5015625 0.4619140625 0.025 0.060546875
0 0.24140625 0.4794921875 0.0328125 0.107421875
0 0.215625 0.482421875 0.040625 0.11328125
9 0.21328125 0.251953125 0.0140625 0.046875
9 0.265625 0.275390625 0.0125 0.0390625
2 0.9359375 0.5751953125 0.125 0.318359375
2 0.30390625 0.458984375 0.0359375 0.0390625
11 0.28125 0.3896484375 0.028125 0.009765625
0 0.1265625 0.482421875 0.028125 0.09375
0 0.084375 0.44921875 0.0125 0.015625
2 0.1765625 0.4716796875 0.034375 0.037109375
2 0.365625 0.4501953125 0.01875 0.017578125
2 0.084375 0.4794921875 0.065625 0.044921875
11 0.86796875 0.3720703125 0.0296875 0.033203125
11 0.8640625 0.337890625 0.04375 0.0234375
9 0.821875 0.314453125 0.01875 0.015625
9 0.871875 0.314453125 0.021875 0.015625
11 0.7125 0.3466796875 0.015625 0.029296875
2 0.409375 0.4443359375 0.021875 0.021484375
2 0.1359375 0.47265625 0.046875 0.04296875
