2 0.58671875 0.3544921875 0.0390625 0.044921875
2 0.53359375 0.3583984375 0.0296875 0.029296875
7 0.53515625 0.3369140625 0.0171875 0.017578125
7 0.51484375 0.3466796875 0.0109375 0.017578125
2 0.48515625 0.3544921875 0.0171875 0.021484375
2 0.01796875 0.3798828125 0.0296875 0.021484375
2 0.0515625 0.3759765625 0.040625 0.021484375
2 0.503125 0.3525390625 0.009375 0.009765625
2 0.00546875 0.3798828125 0.0109375 0.021484375
2 0.1984375 0.3623046875 0.021875 0.013671875
2 0.27734375 0.3544921875 0.0140625 0.009765625
7 0.315625 0.3447265625 0.03125 0.029296875
2 0.3484375 0.3515625 0.009375 0.0078125
2 0.36015625 0.3505859375 0.0109375 0.009765625
2 0.121875 0.3681640625 0.034375 0.021484375
2 0.38046875 0.349609375 0.0109375 0.0078125
2 0.3921875 0.3486328125 0.009375 0.009765625
2 0.58671875 0.3544921875 0.0390625 0.044921875
2 0.53359375 0.3583984375 0.0296875 0.029296875
7 0.53515625 0.3369140625 0.0171875 0.017578125
7 0.51484375 0.3466796875 0.0109375 0.017578125
2 0.48515625 0.3544921875 0.0171875 0.021484375
2 0.01796875 0.3798828125 0.0296875 0.021484375
2 0.0515625 0.3759765625 0.040625 0.021484375
2 0.503125 0.3525390625 0.009375 0.009765625
2 0.00546875 0.3798828125 0.0109375 0.021484375
2 0.1984375 0.3623046875 0.021875 0.013671875
2 0.27734375 0.3544921875 0.0140625 0.009765625
7 0.315625 0.3447265625 0.03125 0.029296875
2 0.3484375 0.3515625 0.009375 0.0078125
2 0.36015625 0.3505859375 0.0109375 0.009765625
2 0.121875 0.3681640625 0.034375 0.021484375
2 0.38046875 0.349609375 0.0109375 0.0078125
2 0.3921875 0.3486328125 0.009375 0.009765625
