0 0.71171875 0.3779296875 0.0203125 0.076171875
0 0.6703125 0.3828125 0.01875 0.07421875
0 0.59453125 0.375 0.0171875 0.0625
2 0.4 0.3837890625 0.046875 0.048828125
2 0.42578125 0.3759765625 0.0234375 0.037109375
2 0.45703125 0.3671875 0.0140625 0.0234375
2 0.48203125 0.3779296875 0.0359375 0.037109375
2 0.5609375 0.3818359375 0.0375 0.041015625
2 0.53828125 0.375 0.0234375 0.03125
11 0.2671875 0.1435546875 0.0375 0.048828125
9 0.425 0.154296875 0.015625 0.0546875
9 0.440625 0.1552734375 0.015625 0.052734375
9 0.40859375 0.1552734375 0.0171875 0.052734375
9 0.046875 0.1220703125 0.015625 0.048828125
9 0.03046875 0.1220703125 0.0171875 0.048828125
9 0.01328125 0.1220703125 0.0171875 0.048828125
0 0.7515625 0.37890625 0.015625 0.0625
2 0.496875 0.373046875 0.021875 0.03125
9 0.46953125 0.3125 0.0046875 0.01171875
3 0.26953125 0.3916015625 0.0203125 0.033203125
3 0.02734375 0.427734375 0.0546875 0.05078125
0 0.02265625 0.41015625 0.0265625 0.05859375
11 0.93046875 0.3134765625 0.0578125 0.064453125
11 0.93046875 0.2041015625 0.0578125 0.025390625
9 0.94296875 0.2451171875 0.0265625 0.033203125
2 0.17421875 0.3974609375 0.0546875 0.044921875
9 0.659375 0.28515625 0.0125 0.015625
2 0.5109375 0.3671875 0.015625 0.01953125
9 0.8984375 0.244140625 0.034375 0.03515625
0 0.0734375 0.390625 0.015625 0.03515625
0 0.1171875 0.376953125 0.0125 0.015625
2 0.365625 0.3740234375 0.034375 0.041015625
11 0.6578125 0.3193359375 0.021875 0.025390625
3 0.4515625 0.375 0.0125 0.0234375
0 0.4515625 0.3642578125 0.0125 0.029296875
10 0.915625 0.40234375 0.0125 0.02734375
0 0.14765625 0.384765625 0.0140625 0.03515625
0 0.2703125 0.3818359375 0.0125 0.037109375
0 0.08828125 0.3896484375 0.0109375 0.013671875
0 0.09609375 0.3876953125 0.0109375 0.013671875
0 0.046875 0.400390625 0.0125 0.0234375
2 0.32734375 0.3798828125 0.0515625 0.056640625
0 0.71171875 0.3779296875 0.0203125 0.076171875
0 0.6703125 0.3828125 0.01875 0.07421875
0 0.59453125 0.375 0.0171875 0.0625
2 0.4 0.3837890625 0.046875 0.048828125
2 0.42578125 0.3759765625 0.0234375 0.037109375
2 0.45703125 0.3671875 0.0140625 0.0234375
2 0.48203125 0.3779296875 0.0359375 0.037109375
2 0.5609375 0.3818359375 0.0375 0.041015625
2 0.53828125 0.375 0.0234375 0.03125
11 0.2671875 0.1435546875 0.0375 0.048828125
9 0.425 0.154296875 0.015625 0.0546875
9 0.440625 0.1552734375 0.015625 0.052734375
9 0.40859375 0.1552734375 0.0171875 0.052734375
9 0.046875 0.1220703125 0.015625 0.048828125
9 0.03046875 0.1220703125 0.0171875 0.048828125
9 0.01328125 0.1220703125 0.0171875 0.048828125
0 0.7515625 0.37890625 0.015625 0.0625
2 0.496875 0.373046875 0.021875 0.03125
9 0.46953125 0.3125 0.0046875 0.01171875
3 0.26953125 0.3916015625 0.0203125 0.033203125
3 0.02734375 0.427734375 0.0546875 0.05078125
0 0.02265625 0.41015625 0.0265625 0.05859375
11 0.93046875 0.3134765625 0.0578125 0.064453125
11 0.93046875 0.2041015625 0.0578125 0.025390625
9 0.94296875 0.2451171875 0.0265625 0.033203125
2 0.17421875 0.3974609375 0.0546875 0.044921875
9 0.659375 0.28515625 0.0125 0.015625
2 0.5109375 0.3671875 0.015625 0.01953125
9 0.8984375 0.244140625 0.034375 0.03515625
0 0.0734375 0.390625 0.015625 0.03515625
0 0.1171875 0.376953125 0.0125 0.015625
2 0.365625 0.3740234375 0.034375 0.041015625
11 0.6578125 0.3193359375 0.021875 0.025390625
3 0.4515625 0.375 0.0125 0.0234375
0 0.4515625 0.3642578125 0.0125 0.029296875
10 0.915625 0.40234375 0.0125 0.02734375
0 0.14765625 0.384765625 0.0140625 0.03515625
0 0.2703125 0.3818359375 0.0125 0.037109375
0 0.08828125 0.3896484375 0.0109375 0.013671875
0 0.09609375 0.3876953125 0.0109375 0.013671875
0 0.046875 0.400390625 0.0125 0.0234375
2 0.32734375 0.3798828125 0.0515625 0.056640625
