2 0.959375 0.548828125 0.078125 0.30859375
2 0.60390625 0.35546875 0.0453125 0.046875
2 0.5421875 0.3583984375 0.03125 0.029296875
7 0.53203125 0.341796875 0.0203125 0.03125
7 0.50546875 0.3447265625 0.0140625 0.017578125
2 0.490625 0.353515625 0.015625 0.01953125
2 0.23359375 0.36328125 0.0328125 0.02734375
2 0.196875 0.359375 0.040625 0.04296875
2 0.325 0.359375 0.015625 0.015625
2 0.35625 0.3525390625 0.015625 0.017578125
2 0.378125 0.3525390625 0.009375 0.009765625
2 0.2890625 0.3603515625 0.015625 0.013671875
2 0.38515625 0.349609375 0.0078125 0.0078125
2 0.340625 0.35546875 0.0125 0.01171875
2 0.959375 0.548828125 0.078125 0.30859375
2 0.60390625 0.35546875 0.0453125 0.046875
2 0.5421875 0.3583984375 0.03125 0.029296875
7 0.53203125 0.341796875 0.0203125 0.03125
7 0.50546875 0.3447265625 0.0140625 0.017578125
2 0.490625 0.353515625 0.015625 0.01953125
2 0.23359375 0.36328125 0.0328125 0.02734375
2 0.196875 0.359375 0.040625 0.04296875
2 0.325 0.359375 0.015625 0.015625
2 0.35625 0.3525390625 0.015625 0.017578125
2 0.378125 0.3525390625 0.009375 0.009765625
2 0.2890625 0.3603515625 0.015625 0.013671875
2 0.38515625 0.349609375 0.0078125 0.0078125
2 0.340625 0.35546875 0.0125 0.01171875
