2 0.58828125 0.349609375 0.0390625 0.04296875
2 0.53515625 0.353515625 0.0296875 0.02734375
7 0.5359375 0.330078125 0.01875 0.0234375
7 0.51640625 0.3388671875 0.0109375 0.017578125
2 0.48515625 0.345703125 0.0171875 0.01953125
2 0.1359375 0.3642578125 0.021875 0.017578125
2 0.16875 0.3603515625 0.03125 0.017578125
2 0.503125 0.34375 0.009375 0.0078125
2 0.1125 0.3671875 0.025 0.015625
2 0.25390625 0.3525390625 0.0171875 0.013671875
2 0.30546875 0.3466796875 0.0109375 0.009765625
7 0.3328125 0.33984375 0.025 0.0234375
2 0.36328125 0.345703125 0.0078125 0.0078125
2 0.37265625 0.34375 0.0078125 0.0078125
2 0.19765625 0.3564453125 0.0234375 0.013671875
2 0.58828125 0.349609375 0.0390625 0.04296875
2 0.53515625 0.353515625 0.0296875 0.02734375
7 0.5359375 0.330078125 0.01875 0.0234375
7 0.51640625 0.3388671875 0.0109375 0.017578125
2 0.48515625 0.345703125 0.0171875 0.01953125
2 0.1359375 0.3642578125 0.021875 0.017578125
2 0.16875 0.3603515625 0.03125 0.017578125
2 0.503125 0.34375 0.009375 0.0078125
2 0.1125 0.3671875 0.025 0.015625
2 0.25390625 0.3525390625 0.0171875 0.013671875
2 0.30546875 0.3466796875 0.0109375 0.009765625
7 0.3328125 0.33984375 0.025 0.0234375
2 0.36328125 0.345703125 0.0078125 0.0078125
2 0.37265625 0.34375 0.0078125 0.0078125
2 0.19765625 0.3564453125 0.0234375 0.013671875
