2 0.58515625 0.35546875 0.0390625 0.04296875
2 0.5328125 0.359375 0.028125 0.02734375
7 0.53671875 0.3359375 0.0171875 0.01953125
7 0.51640625 0.3466796875 0.0109375 0.017578125
2 0.48671875 0.35546875 0.0171875 0.01953125
2 0.503125 0.353515625 0.009375 0.0078125
2 0.15390625 0.3642578125 0.0359375 0.021484375
7 0.25390625 0.34765625 0.0515625 0.0390625
2 0.29921875 0.3544921875 0.0140625 0.009765625
2 0.31484375 0.3515625 0.0140625 0.01171875
2 0.35078125 0.349609375 0.0109375 0.0078125
2 0.36875 0.3486328125 0.009375 0.005859375
2 0.38359375 0.3486328125 0.0078125 0.005859375
2 0.3953125 0.3466796875 0.00625 0.005859375
2 0.4078125 0.3505859375 0.00625 0.005859375
2 0.58515625 0.35546875 0.0390625 0.04296875
2 0.5328125 0.359375 0.028125 0.02734375
7 0.53671875 0.3359375 0.0171875 0.01953125
7 0.51640625 0.3466796875 0.0109375 0.017578125
2 0.48671875 0.35546875 0.0171875 0.01953125
2 0.503125 0.353515625 0.009375 0.0078125
2 0.15390625 0.3642578125 0.0359375 0.021484375
7 0.25390625 0.34765625 0.0515625 0.0390625
2 0.29921875 0.3544921875 0.0140625 0.009765625
2 0.31484375 0.3515625 0.0140625 0.01171875
2 0.35078125 0.349609375 0.0109375 0.0078125
2 0.36875 0.3486328125 0.009375 0.005859375
2 0.38359375 0.3486328125 0.0078125 0.005859375
2 0.3953125 0.3466796875 0.00625 0.005859375
2 0.4078125 0.3505859375 0.00625 0.005859375
