2 0.4046875 0.3857421875 0.053125 0.048828125
2 0.8046875 0.44140625 0.225 0.22265625
2 0.57578125 0.3818359375 0.0359375 0.048828125
2 0.91875 0.556640625 0.159375 0.40234375
2 0.56875 0.369140625 0.046875 0.03125
2 0.31796875 0.373046875 0.0453125 0.046875
2 0.384375 0.3740234375 0.025 0.033203125
0 0.24921875 0.3779296875 0.0078125 0.025390625
3 0.6296875 0.4150390625 0.046875 0.083984375
3 0.66015625 0.4267578125 0.0484375 0.107421875
3 0.684375 0.44140625 0.046875 0.1015625
0 0.09296875 0.400390625 0.0234375 0.0390625
2 0.4234375 0.375 0.0375 0.0390625
2 0.36171875 0.3740234375 0.0140625 0.021484375
0 0.2 0.3798828125 0.009375 0.037109375
2 0.46796875 0.361328125 0.0140625 0.015625
2 0.61796875 0.3994140625 0.0515625 0.072265625
0 0.18515625 0.380859375 0.0078125 0.03125
0 0.515625 0.369140625 0.0125 0.03515625
2 0.48046875 0.3603515625 0.0109375 0.013671875
2 0.35078125 0.3759765625 0.0140625 0.021484375
2 0.515625 0.3681640625 0.021875 0.025390625
0 0.68515625 0.357421875 0.0140625 0.04296875
2 0.44296875 0.3623046875 0.0109375 0.013671875
2 0.0703125 0.390625 0.028125 0.03125
0 0.70390625 0.3623046875 0.0203125 0.033203125
2 0.5 0.361328125 0.0125 0.015625
0 0.5359375 0.3701171875 0.0125 0.033203125
0 0.63671875 0.3544921875 0.0078125 0.017578125
0 0.721875 0.36328125 0.009375 0.04296875
2 0.4046875 0.3857421875 0.053125 0.048828125
2 0.8046875 0.44140625 0.225 0.22265625
2 0.57578125 0.3818359375 0.0359375 0.048828125
2 0.91875 0.556640625 0.159375 0.40234375
2 0.56875 0.369140625 0.046875 0.03125
2 0.31796875 0.373046875 0.0453125 0.046875
2 0.384375 0.3740234375 0.025 0.033203125
0 0.24921875 0.3779296875 0.0078125 0.025390625
3 0.6296875 0.4150390625 0.046875 0.083984375
3 0.66015625 0.4267578125 0.0484375 0.107421875
3 0.684375 0.44140625 0.046875 0.1015625
0 0.09296875 0.400390625 0.0234375 0.0390625
2 0.4234375 0.375 0.0375 0.0390625
2 0.36171875 0.3740234375 0.0140625 0.021484375
0 0.2 0.3798828125 0.009375 0.037109375
2 0.46796875 0.361328125 0.0140625 0.015625
2 0.61796875 0.3994140625 0.0515625 0.072265625
0 0.18515625 0.380859375 0.0078125 0.03125
0 0.515625 0.369140625 0.0125 0.03515625
2 0.48046875 0.3603515625 0.0109375 0.013671875
2 0.35078125 0.3759765625 0.0140625 0.021484375
2 0.515625 0.3681640625 0.021875 0.025390625
0 0.68515625 0.357421875 0.0140625 0.04296875
2 0.44296875 0.3623046875 0.0109375 0.013671875
2 0.0703125 0.390625 0.028125 0.03125
0 0.70390625 0.3623046875 0.0203125 0.033203125
2 0.5 0.361328125 0.0125 0.015625
0 0.5359375 0.3701171875 0.0125 0.033203125
0 0.63671875 0.3544921875 0.0078125 0.017578125
0 0.721875 0.36328125 0.009375 0.04296875
