2 0.58671875 0.3564453125 0.0390625 0.044921875
2 0.53515625 0.3603515625 0.0296875 0.029296875
7 0.53515625 0.3369140625 0.0171875 0.017578125
7 0.51640625 0.3486328125 0.0109375 0.017578125
2 0.48515625 0.3564453125 0.0171875 0.021484375
2 0.01953125 0.3828125 0.0390625 0.0234375
2 0.503125 0.3544921875 0.009375 0.009765625
2 0.18046875 0.365234375 0.0265625 0.015625
2 0.27109375 0.357421875 0.0171875 0.01171875
7 0.309375 0.3466796875 0.03125 0.029296875
2 0.34375 0.353515625 0.009375 0.0078125
2 0.35703125 0.3525390625 0.0109375 0.009765625
2 0.09765625 0.3720703125 0.0359375 0.025390625
2 0.37890625 0.349609375 0.0109375 0.0078125
2 0.3921875 0.349609375 0.009375 0.0078125
2 0.58671875 0.3564453125 0.0390625 0.044921875
2 0.53515625 0.3603515625 0.0296875 0.029296875
7 0.53515625 0.3369140625 0.0171875 0.017578125
7 0.51640625 0.3486328125 0.0109375 0.017578125
2 0.48515625 0.3564453125 0.0171875 0.021484375
2 0.01953125 0.3828125 0.0390625 0.0234375
2 0.503125 0.3544921875 0.009375 0.009765625
2 0.18046875 0.365234375 0.0265625 0.015625
2 0.27109375 0.357421875 0.0171875 0.01171875
7 0.309375 0.3466796875 0.03125 0.029296875
2 0.34375 0.353515625 0.009375 0.0078125
2 0.35703125 0.3525390625 0.0109375 0.009765625
2 0.09765625 0.3720703125 0.0359375 0.025390625
2 0.37890625 0.349609375 0.0109375 0.0078125
2 0.3921875 0.349609375 0.009375 0.0078125
