2 0.84921875 0.5205078125 0.1796875 0.201171875
2 0.665625 0.44140625 0.040625 0.03515625
2 0.57734375 0.439453125 0.0109375 0.01171875
2 0.51796875 0.4365234375 0.0234375 0.021484375
0 0.4890625 0.439453125 0.00625 0.02734375
9 0.5125 0.2998046875 0.009375 0.037109375
9 0.6015625 0.29296875 0.009375 0.03515625
11 0.53984375 0.2890625 0.0140625 0.0234375
11 0.675 0.3095703125 0.04375 0.017578125
11 0.28046875 0.326171875 0.0203125 0.0234375
9 0.26796875 0.375 0.0078125 0.0078125
9 0.29765625 0.375 0.0078125 0.0078125
0 0.49765625 0.458984375 0.0203125 0.05859375
0 0.24296875 0.4775390625 0.0359375 0.107421875
0 0.21328125 0.4794921875 0.0328125 0.111328125
9 0.2171875 0.2626953125 0.009375 0.025390625
9 0.2671875 0.27734375 0.0125 0.0390625
2 0.93125 0.5712890625 0.134375 0.310546875
2 0.30703125 0.458984375 0.0359375 0.0390625
11 0.28125 0.3896484375 0.028125 0.009765625
0 0.1296875 0.48046875 0.028125 0.09375
0 0.0875 0.44921875 0.0125 0.015625
2 0.17890625 0.47265625 0.0328125 0.03515625
2 0.3671875 0.4501953125 0.01875 0.017578125
2 0.0890625 0.4794921875 0.06875 0.044921875
11 0.99140625 0.302734375 0.0140625 0.046875
11 0.86328125 0.3701171875 0.0296875 0.033203125
11 0.859375 0.337890625 0.04375 0.0234375
9 0.81875 0.31640625 0.01875 0.015625
9 0.8671875 0.314453125 0.021875 0.015625
11 0.709375 0.3466796875 0.015625 0.029296875
2 0.40859375 0.4443359375 0.0203125 0.021484375
2 0.1453125 0.474609375 0.046875 0.04296875
2 0.84921875 0.5205078125 0.1796875 0.201171875
2 0.665625 0.44140625 0.040625 0.03515625
2 0.57734375 0.439453125 0.0109375 0.01171875
2 0.51796875 0.4365234375 0.0234375 0.021484375
0 0.4890625 0.439453125 0.00625 0.02734375
9 0.5125 0.2998046875 0.009375 0.037109375
9 0.6015625 0.29296875 0.009375 0.03515625
11 0.53984375 0.2890625 0.0140625 0.0234375
11 0.675 0.3095703125 0.04375 0.017578125
11 0.28046875 0.326171875 0.0203125 0.0234375
9 0.26796875 0.375 0.0078125 0.0078125
9 0.29765625 0.375 0.0078125 0.0078125
0 0.49765625 0.458984375 0.0203125 0.05859375
0 0.24296875 0.4775390625 0.0359375 0.107421875
0 0.21328125 0.4794921875 0.0328125 0.111328125
9 0.2171875 0.2626953125 0.009375 0.025390625
9 0.2671875 0.27734375 0.0125 0.0390625
2 0.93125 0.5712890625 0.134375 0.310546875
2 0.30703125 0.458984375 0.0359375 0.0390625
11 0.28125 0.3896484375 0.028125 0.009765625
0 0.1296875 0.48046875 0.028125 0.09375
0 0.0875 0.44921875 0.0125 0.015625
2 0.17890625 0.47265625 0.0328125 0.03515625
2 0.3671875 0.4501953125 0.01875 0.017578125
2 0.0890625 0.4794921875 0.06875 0.044921875
11 0.99140625 0.302734375 0.0140625 0.046875
11 0.86328125 0.3701171875 0.0296875 0.033203125
11 0.859375 0.337890625 0.04375 0.0234375
9 0.81875 0.31640625 0.01875 0.015625
9 0.8671875 0.314453125 0.021875 0.015625
11 0.709375 0.3466796875 0.015625 0.029296875
2 0.40859375 0.4443359375 0.0203125 0.021484375
2 0.1453125 0.474609375 0.046875 0.04296875
