2 0.44140625 0.6298828125 0.0546875 0.056640625
2 0.5265625 0.6298828125 0.01875 0.021484375
7 0.8984375 0.62109375 0.2 0.25390625
7 0.725 0.6220703125 0.059375 0.115234375
7 0.65859375 0.62109375 0.0515625 0.0703125
7 0.590625 0.623046875 0.028125 0.046875
7 0.61640625 0.623046875 0.0234375 0.046875
2 0.5484375 0.6298828125 0.0125 0.013671875
7 0.78203125 0.634765625 0.0734375 0.1328125
2 0.44140625 0.6298828125 0.0546875 0.056640625
2 0.5265625 0.6298828125 0.01875 0.021484375
7 0.8984375 0.62109375 0.2 0.25390625
7 0.725 0.6220703125 0.059375 0.115234375
7 0.65859375 0.62109375 0.0515625 0.0703125
7 0.590625 0.623046875 0.028125 0.046875
7 0.61640625 0.623046875 0.0234375 0.046875
2 0.5484375 0.6298828125 0.0125 0.013671875
7 0.78203125 0.634765625 0.0734375 0.1328125
