2 0.59140625 0.35546875 0.0421875 0.04296875
2 0.53671875 0.3583984375 0.0296875 0.029296875
7 0.528125 0.3388671875 0.01875 0.029296875
7 0.509375 0.34375 0.009375 0.015625
2 0.4828125 0.353515625 0.015625 0.01953125
2 0.140625 0.3671875 0.046875 0.04296875
2 0.2578125 0.361328125 0.01875 0.01953125
2 0.3046875 0.3515625 0.0125 0.01171875
2 0.1171875 0.373046875 0.04375 0.03515625
2 0.2390625 0.36328125 0.021875 0.01953125
2 0.3265625 0.349609375 0.009375 0.0078125
2 0.28984375 0.3544921875 0.0140625 0.009765625
2 0.36015625 0.349609375 0.0078125 0.0078125
2 0.17421875 0.3681640625 0.0234375 0.021484375
2 0.59140625 0.35546875 0.0421875 0.04296875
2 0.53671875 0.3583984375 0.0296875 0.029296875
7 0.528125 0.3388671875 0.01875 0.029296875
7 0.509375 0.34375 0.009375 0.015625
2 0.4828125 0.353515625 0.015625 0.01953125
2 0.140625 0.3671875 0.046875 0.04296875
2 0.2578125 0.361328125 0.01875 0.01953125
2 0.3046875 0.3515625 0.0125 0.01171875
2 0.1171875 0.373046875 0.04375 0.03515625
2 0.2390625 0.36328125 0.021875 0.01953125
2 0.3265625 0.349609375 0.009375 0.0078125
2 0.28984375 0.3544921875 0.0140625 0.009765625
2 0.36015625 0.349609375 0.0078125 0.0078125
2 0.17421875 0.3681640625 0.0234375 0.021484375
