3 0.94375 0.5654296875 0.109375 0.173828125
3 0.8890625 0.5244140625 0.1375 0.142578125
3 0.82578125 0.505859375 0.1078125 0.1171875
2 0.8046875 0.4462890625 0.203125 0.185546875
2 0.69921875 0.4169921875 0.1203125 0.134765625
3 0.5921875 0.39453125 0.046875 0.046875
3 0.60234375 0.40234375 0.0453125 0.04296875
0 0.590625 0.3583984375 0.009375 0.029296875
0 0.57109375 0.365234375 0.0078125 0.03515625
0 0.54140625 0.361328125 0.0078125 0.03515625
2 0.09453125 0.4072265625 0.0984375 0.080078125
2 0.2671875 0.384765625 0.08125 0.07421875
2 0.36171875 0.3681640625 0.0390625 0.037109375
2 0.4109375 0.3720703125 0.040625 0.044921875
2 0.43203125 0.36328125 0.0265625 0.02734375
2 0.4484375 0.361328125 0.01875 0.0234375
2 0.47421875 0.3681640625 0.0359375 0.037109375
2 0.48671875 0.3623046875 0.0265625 0.033203125
2 0.525 0.3662109375 0.025 0.025390625
2 0.5140625 0.3642578125 0.01875 0.021484375
11 0.38671875 0.2568359375 0.0140625 0.021484375
11 0.74609375 0.29296875 0.0265625 0.04296875
9 0.45234375 0.2587890625 0.0078125 0.021484375
9 0.4609375 0.259765625 0.00625 0.01953125
9 0.4453125 0.2587890625 0.00625 0.021484375
9 0.30703125 0.25390625 0.0078125 0.0234375
9 0.2984375 0.2548828125 0.009375 0.025390625
9 0.56796875 0.314453125 0.0046875 0.0078125
9 0.28984375 0.255859375 0.0078125 0.0234375
2 0.3171875 0.3720703125 0.021875 0.025390625
2 0.3875 0.3603515625 0.015625 0.021484375
2 0.03828125 0.408203125 0.0765625 0.06640625
2 0.32734375 0.3701171875 0.0140625 0.025390625
0 0.1515625 0.376953125 0.0125 0.03125
0 0.13671875 0.373046875 0.0140625 0.03125
3 0.6375 0.3974609375 0.034375 0.091796875
0 0.6453125 0.36328125 0.01875 0.0234375
0 0.615625 0.36328125 0.009375 0.03125
3 0.94375 0.5654296875 0.109375 0.173828125
3 0.8890625 0.5244140625 0.1375 0.142578125
3 0.82578125 0.505859375 0.1078125 0.1171875
2 0.8046875 0.4462890625 0.203125 0.185546875
2 0.69921875 0.4169921875 0.1203125 0.134765625
3 0.5921875 0.39453125 0.046875 0.046875
3 0.60234375 0.40234375 0.0453125 0.04296875
0 0.590625 0.3583984375 0.009375 0.029296875
0 0.57109375 0.365234375 0.0078125 0.03515625
0 0.54140625 0.361328125 0.0078125 0.03515625
2 0.09453125 0.4072265625 0.0984375 0.080078125
2 0.2671875 0.384765625 0.08125 0.07421875
2 0.36171875 0.3681640625 0.0390625 0.037109375
2 0.4109375 0.3720703125 0.040625 0.044921875
2 0.43203125 0.36328125 0.0265625 0.02734375
2 0.4484375 0.361328125 0.01875 0.0234375
2 0.47421875 0.3681640625 0.0359375 0.037109375
2 0.48671875 0.3623046875 0.0265625 0.033203125
2 0.525 0.3662109375 0.025 0.025390625
2 0.5140625 0.3642578125 0.01875 0.021484375
11 0.38671875 0.2568359375 0.0140625 0.021484375
11 0.74609375 0.29296875 0.0265625 0.04296875
9 0.45234375 0.2587890625 0.0078125 0.021484375
9 0.4609375 0.259765625 0.00625 0.01953125
9 0.4453125 0.2587890625 0.00625 0.021484375
9 0.30703125 0.25390625 0.0078125 0.0234375
9 0.2984375 0.2548828125 0.009375 0.025390625
9 0.56796875 0.314453125 0.0046875 0.0078125
9 0.28984375 0.255859375 0.0078125 0.0234375
2 0.3171875 0.3720703125 0.021875 0.025390625
2 0.3875 0.3603515625 0.015625 0.021484375
2 0.03828125 0.408203125 0.0765625 0.06640625
2 0.32734375 0.3701171875 0.0140625 0.025390625
0 0.1515625 0.376953125 0.0125 0.03125
0 0.13671875 0.373046875 0.0140625 0.03125
3 0.6375 0.3974609375 0.034375 0.091796875
0 0.6453125 0.36328125 0.01875 0.0234375
0 0.615625 0.36328125 0.009375 0.03125
