9 0.503125 0.3076171875 0.009375 0.033203125
9 0.6328125 0.3076171875 0.009375 0.033203125
11 0.70546875 0.3203125 0.0453125 0.01953125
0 0.6015625 0.4560546875 0.0125 0.048828125
2 0.46953125 0.451171875 0.0703125 0.046875
2 0.38671875 0.451171875 0.0578125 0.03515625
2 0.26015625 0.5166015625 0.1765625 0.158203125
2 0.13125 0.5849609375 0.2625 0.208984375
2 0.2734375 0.43359375 0.059375 0.01953125
2 0.09921875 0.455078125 0.1390625 0.05859375
11 0.228125 0.3818359375 0.01875 0.064453125
9 0.87734375 0.25390625 0.0171875 0.046875
9 0.85078125 0.265625 0.0140625 0.04296875
9 0.75 0.380859375 0.00625 0.015625
11 0.92578125 0.2568359375 0.0328125 0.041015625
11 0.10078125 0.3955078125 0.0171875 0.017578125
2 0.03828125 0.46875 0.0765625 0.04296875
9 0.0921875 0.36328125 0.0125 0.0390625
2 0.01328125 0.5009765625 0.0265625 0.041015625
2 0.34609375 0.451171875 0.0421875 0.03125
2 0.94921875 0.6962890625 0.0984375 0.212890625
0 0.31015625 0.43359375 0.0078125 0.01171875
11 0.93359375 0.3955078125 0.0140625 0.017578125
10 0.58203125 0.46484375 0.0078125 0.02734375
2 0.315625 0.4501953125 0.021875 0.025390625
9 0.503125 0.3076171875 0.009375 0.033203125
9 0.6328125 0.3076171875 0.009375 0.033203125
11 0.70546875 0.3203125 0.0453125 0.01953125
0 0.6015625 0.4560546875 0.0125 0.048828125
2 0.46953125 0.451171875 0.0703125 0.046875
2 0.38671875 0.451171875 0.0578125 0.03515625
2 0.26015625 0.5166015625 0.1765625 0.158203125
2 0.13125 0.5849609375 0.2625 0.208984375
2 0.2734375 0.43359375 0.059375 0.01953125
2 0.09921875 0.455078125 0.1390625 0.05859375
11 0.228125 0.3818359375 0.01875 0.064453125
9 0.87734375 0.25390625 0.0171875 0.046875
9 0.85078125 0.265625 0.0140625 0.04296875
9 0.75 0.380859375 0.00625 0.015625
11 0.92578125 0.2568359375 0.0328125 0.041015625
11 0.10078125 0.3955078125 0.0171875 0.017578125
2 0.03828125 0.46875 0.0765625 0.04296875
9 0.0921875 0.36328125 0.0125 0.0390625
2 0.01328125 0.5009765625 0.0265625 0.041015625
2 0.34609375 0.451171875 0.0421875 0.03125
2 0.94921875 0.6962890625 0.0984375 0.212890625
0 0.31015625 0.43359375 0.0078125 0.01171875
11 0.93359375 0.3955078125 0.0140625 0.017578125
10 0.58203125 0.46484375 0.0078125 0.02734375
2 0.315625 0.4501953125 0.021875 0.025390625
