2 0.7984375 0.5146484375 0.140625 0.173828125
2 0.66015625 0.4541015625 0.0390625 0.037109375
2 0.57578125 0.451171875 0.0109375 0.01171875
2 0.51796875 0.44921875 0.0203125 0.0234375
0 0.4875 0.4482421875 0.00625 0.025390625
9 0.5140625 0.3154296875 0.009375 0.033203125
9 0.5984375 0.3125 0.009375 0.03515625
11 0.5390625 0.3056640625 0.015625 0.021484375
11 0.665625 0.3291015625 0.04375 0.017578125
11 0.29296875 0.34375 0.0203125 0.0234375
9 0.28203125 0.388671875 0.0078125 0.0078125
9 0.31015625 0.388671875 0.0078125 0.0078125
0 0.47890625 0.46875 0.0171875 0.0546875
0 0.24609375 0.484375 0.0359375 0.09375
0 0.21953125 0.484375 0.0296875 0.1015625
9 0.23828125 0.2802734375 0.0078125 0.029296875
9 0.2828125 0.2958984375 0.009375 0.037109375
2 0.90234375 0.5498046875 0.1921875 0.248046875
2 0.04921875 0.4921875 0.0890625 0.05859375
2 0.3171875 0.4697265625 0.03125 0.029296875
11 0.2953125 0.4013671875 0.028125 0.009765625
0 0.01484375 0.47265625 0.0140625 0.03515625
0 0.1515625 0.486328125 0.021875 0.0859375
0 0.00546875 0.4833984375 0.0109375 0.052734375
0 0.1 0.4619140625 0.0125 0.021484375
2 0.18828125 0.478515625 0.0328125 0.03515625
2 0.3734375 0.4580078125 0.0125 0.017578125
2 0.1125 0.4853515625 0.05 0.041015625
11 0.93359375 0.330078125 0.0171875 0.03515625
11 0.96640625 0.3642578125 0.0203125 0.048828125
11 0.828125 0.3876953125 0.028125 0.033203125
11 0.828125 0.359375 0.04375 0.0234375
9 0.7921875 0.3408203125 0.01875 0.017578125
9 0.83203125 0.3388671875 0.0234375 0.021484375
11 0.6984375 0.3681640625 0.015625 0.029296875
2 0.41015625 0.45703125 0.0171875 0.015625
2 0.153125 0.48046875 0.046875 0.04296875
2 0.7984375 0.5146484375 0.140625 0.173828125
2 0.66015625 0.4541015625 0.0390625 0.037109375
2 0.57578125 0.451171875 0.0109375 0.01171875
2 0.51796875 0.44921875 0.0203125 0.0234375
0 0.4875 0.4482421875 0.00625 0.025390625
9 0.5140625 0.3154296875 0.009375 0.033203125
9 0.5984375 0.3125 0.009375 0.03515625
11 0.5390625 0.3056640625 0.015625 0.021484375
11 0.665625 0.3291015625 0.04375 0.017578125
11 0.29296875 0.34375 0.0203125 0.0234375
9 0.28203125 0.388671875 0.0078125 0.0078125
9 0.31015625 0.388671875 0.0078125 0.0078125
0 0.47890625 0.46875 0.0171875 0.0546875
0 0.24609375 0.484375 0.0359375 0.09375
0 0.21953125 0.484375 0.0296875 0.1015625
9 0.23828125 0.2802734375 0.0078125 0.029296875
9 0.2828125 0.2958984375 0.009375 0.037109375
2 0.90234375 0.5498046875 0.1921875 0.248046875
2 0.04921875 0.4921875 0.0890625 0.05859375
2 0.3171875 0.4697265625 0.03125 0.029296875
11 0.2953125 0.4013671875 0.028125 0.009765625
0 0.01484375 0.47265625 0.0140625 0.03515625
0 0.1515625 0.486328125 0.021875 0.0859375
0 0.00546875 0.4833984375 0.0109375 0.052734375
0 0.1 0.4619140625 0.0125 0.021484375
2 0.18828125 0.478515625 0.0328125 0.03515625
2 0.3734375 0.4580078125 0.0125 0.017578125
2 0.1125 0.4853515625 0.05 0.041015625
11 0.93359375 0.330078125 0.0171875 0.03515625
11 0.96640625 0.3642578125 0.0203125 0.048828125
11 0.828125 0.3876953125 0.028125 0.033203125
11 0.828125 0.359375 0.04375 0.0234375
9 0.7921875 0.3408203125 0.01875 0.017578125
9 0.83203125 0.3388671875 0.0234375 0.021484375
11 0.6984375 0.3681640625 0.015625 0.029296875
2 0.41015625 0.45703125 0.0171875 0.015625
2 0.153125 0.48046875 0.046875 0.04296875
