2 0.6703125 0.5283203125 0.196875 0.134765625
2 0.49140625 0.5146484375 0.1171875 0.076171875
2 0.134375 0.5146484375 0.121875 0.154296875
2 0.4265625 0.5068359375 0.059375 0.060546875
0 0.38203125 0.4677734375 0.0109375 0.017578125
2 0.3828125 0.5009765625 0.053125 0.048828125
11 0.64765625 0.4228515625 0.0140625 0.025390625
2 0.353125 0.49609375 0.040625 0.04296875
10 0.03203125 0.5595703125 0.0171875 0.064453125
2 0.32890625 0.4833984375 0.0515625 0.048828125
0 0.24375 0.4794921875 0.0125 0.041015625
11 0.35390625 0.4482421875 0.0140625 0.013671875
2 0.1984375 0.4814453125 0.025 0.037109375
2 0.6703125 0.5283203125 0.196875 0.134765625
2 0.49140625 0.5146484375 0.1171875 0.076171875
2 0.134375 0.5146484375 0.121875 0.154296875
2 0.4265625 0.5068359375 0.059375 0.060546875
0 0.38203125 0.4677734375 0.0109375 0.017578125
2 0.3828125 0.5009765625 0.053125 0.048828125
11 0.64765625 0.4228515625 0.0140625 0.025390625
2 0.353125 0.49609375 0.040625 0.04296875
10 0.03203125 0.5595703125 0.0171875 0.064453125
2 0.32890625 0.4833984375 0.0515625 0.048828125
0 0.24375 0.4794921875 0.0125 0.041015625
11 0.35390625 0.4482421875 0.0140625 0.013671875
2 0.1984375 0.4814453125 0.025 0.037109375
