2 0.89453125 0.51171875 0.2078125 0.2734375
2 0.71328125 0.4755859375 0.0671875 0.115234375
2 0.65234375 0.44140625 0.0359375 0.0390625
2 0.57578125 0.44140625 0.0109375 0.01171875
2 0.55390625 0.44140625 0.0109375 0.01171875
2 0.52265625 0.439453125 0.0203125 0.0234375
0 0.49609375 0.439453125 0.0078125 0.02734375
2 0.31171875 0.4521484375 0.0203125 0.025390625
2 0.2890625 0.458984375 0.01875 0.0234375
9 0.52109375 0.3271484375 0.0078125 0.029296875
9 0.59453125 0.3232421875 0.0078125 0.029296875
11 0.54375 0.318359375 0.0125 0.01953125
11 0.6515625 0.33203125 0.0375 0.015625
11 0.33359375 0.349609375 0.0171875 0.0234375
9 0.3234375 0.38671875 0.00625 0.0078125
9 0.34765625 0.38671875 0.0046875 0.0078125
0 0.44609375 0.4560546875 0.0234375 0.044921875
0 0.26796875 0.4638671875 0.0203125 0.076171875
0 0.246875 0.466796875 0.028125 0.07421875
9 0.2984375 0.2978515625 0.009375 0.033203125
9 0.3296875 0.3125 0.009375 0.0234375
2 0.76640625 0.4873046875 0.0953125 0.142578125
2 0.1984375 0.466796875 0.03125 0.03515625
2 0.37421875 0.453125 0.0328125 0.0234375
2 0.1625 0.474609375 0.053125 0.04296875
11 0.3359375 0.3984375 0.021875 0.0078125
2 0.3 0.455078125 0.015625 0.0234375
0 0.13984375 0.4580078125 0.0109375 0.033203125
0 0.2203125 0.4677734375 0.021875 0.064453125
0 0.09140625 0.4736328125 0.0171875 0.060546875
2 0.89453125 0.51171875 0.2078125 0.2734375
2 0.71328125 0.4755859375 0.0671875 0.115234375
2 0.65234375 0.44140625 0.0359375 0.0390625
2 0.57578125 0.44140625 0.0109375 0.01171875
2 0.55390625 0.44140625 0.0109375 0.01171875
2 0.52265625 0.439453125 0.0203125 0.0234375
0 0.49609375 0.439453125 0.0078125 0.02734375
2 0.31171875 0.4521484375 0.0203125 0.025390625
2 0.2890625 0.458984375 0.01875 0.0234375
9 0.52109375 0.3271484375 0.0078125 0.029296875
9 0.59453125 0.3232421875 0.0078125 0.029296875
11 0.54375 0.318359375 0.0125 0.01953125
11 0.6515625 0.33203125 0.0375 0.015625
11 0.33359375 0.349609375 0.0171875 0.0234375
9 0.3234375 0.38671875 0.00625 0.0078125
9 0.34765625 0.38671875 0.0046875 0.0078125
0 0.44609375 0.4560546875 0.0234375 0.044921875
0 0.26796875 0.4638671875 0.0203125 0.076171875
0 0.246875 0.466796875 0.028125 0.07421875
9 0.2984375 0.2978515625 0.009375 0.033203125
9 0.3296875 0.3125 0.009375 0.0234375
2 0.76640625 0.4873046875 0.0953125 0.142578125
2 0.1984375 0.466796875 0.03125 0.03515625
2 0.37421875 0.453125 0.0328125 0.0234375
2 0.1625 0.474609375 0.053125 0.04296875
11 0.3359375 0.3984375 0.021875 0.0078125
2 0.3 0.455078125 0.015625 0.0234375
0 0.13984375 0.4580078125 0.0109375 0.033203125
0 0.2203125 0.4677734375 0.021875 0.064453125
0 0.09140625 0.4736328125 0.0171875 0.060546875
