2 0.590625 0.3564453125 0.040625 0.044921875
2 0.53828125 0.361328125 0.0296875 0.02734375
7 0.53125 0.341796875 0.01875 0.03125
7 0.51328125 0.3447265625 0.0109375 0.017578125
2 0.4828125 0.3525390625 0.015625 0.017578125
2 0.1671875 0.361328125 0.03125 0.01953125
2 0.23046875 0.3583984375 0.0234375 0.013671875
2 0.06640625 0.3857421875 0.0546875 0.041015625
2 0.2921875 0.353515625 0.015625 0.01171875
2 0.315625 0.353515625 0.009375 0.0078125
2 0.3359375 0.3505859375 0.009375 0.005859375
2 0.50390625 0.349609375 0.0078125 0.0078125
2 0.590625 0.3564453125 0.040625 0.044921875
2 0.53828125 0.361328125 0.0296875 0.02734375
7 0.53125 0.341796875 0.01875 0.03125
7 0.51328125 0.3447265625 0.0109375 0.017578125
2 0.4828125 0.3525390625 0.015625 0.017578125
2 0.1671875 0.361328125 0.03125 0.01953125
2 0.23046875 0.3583984375 0.0234375 0.013671875
2 0.06640625 0.3857421875 0.0546875 0.041015625
2 0.2921875 0.353515625 0.015625 0.01171875
2 0.315625 0.353515625 0.009375 0.0078125
2 0.3359375 0.3505859375 0.009375 0.005859375
2 0.50390625 0.349609375 0.0078125 0.0078125
