2 0.98984375 0.646484375 0.0171875 0.19921875
2 0.88828125 0.5087890625 0.2203125 0.248046875
2 0.709375 0.4775390625 0.065625 0.107421875
2 0.65234375 0.443359375 0.0359375 0.03515625
2 0.57734375 0.443359375 0.0109375 0.01171875
2 0.55703125 0.443359375 0.0140625 0.01171875
2 0.52265625 0.44140625 0.0203125 0.0234375
0 0.49609375 0.4423828125 0.0078125 0.025390625
2 0.3171875 0.455078125 0.01875 0.0234375
2 0.29296875 0.45703125 0.0171875 0.0234375
9 0.52265625 0.328125 0.0078125 0.02734375
9 0.59296875 0.326171875 0.0078125 0.02734375
11 0.54375 0.3203125 0.0125 0.01953125
11 0.65078125 0.3369140625 0.0359375 0.013671875
11 0.3390625 0.3544921875 0.015625 0.021484375
9 0.32890625 0.3916015625 0.0046875 0.005859375
9 0.35234375 0.3916015625 0.0046875 0.005859375
11 0.33515625 0.43359375 0.0078125 0.0234375
0 0.44453125 0.45703125 0.0140625 0.04296875
0 0.2703125 0.466796875 0.021875 0.0703125
0 0.24921875 0.4677734375 0.0171875 0.072265625
9 0.303125 0.3017578125 0.009375 0.033203125
9 0.334375 0.3154296875 0.009375 0.029296875
2 0.75390625 0.4873046875 0.0890625 0.130859375
2 0.20390625 0.4697265625 0.0328125 0.033203125
2 0.37734375 0.4560546875 0.0265625 0.025390625
2 0.1671875 0.4736328125 0.05 0.041015625
11 0.340625 0.400390625 0.021875 0.0078125
2 0.30625 0.45703125 0.015625 0.0234375
0 0.14609375 0.4599609375 0.0109375 0.033203125
0 0.22734375 0.470703125 0.0171875 0.06640625
0 0.1015625 0.4755859375 0.01875 0.052734375
2 0.98984375 0.646484375 0.0171875 0.19921875
2 0.88828125 0.5087890625 0.2203125 0.248046875
2 0.709375 0.4775390625 0.065625 0.107421875
2 0.65234375 0.443359375 0.0359375 0.03515625
2 0.57734375 0.443359375 0.0109375 0.01171875
2 0.55703125 0.443359375 0.0140625 0.01171875
2 0.52265625 0.44140625 0.0203125 0.0234375
0 0.49609375 0.4423828125 0.0078125 0.025390625
2 0.3171875 0.455078125 0.01875 0.0234375
2 0.29296875 0.45703125 0.0171875 0.0234375
9 0.52265625 0.328125 0.0078125 0.02734375
9 0.59296875 0.326171875 0.0078125 0.02734375
11 0.54375 0.3203125 0.0125 0.01953125
11 0.65078125 0.3369140625 0.0359375 0.013671875
11 0.3390625 0.3544921875 0.015625 0.021484375
9 0.32890625 0.3916015625 0.0046875 0.005859375
9 0.35234375 0.3916015625 0.0046875 0.005859375
11 0.33515625 0.43359375 0.0078125 0.0234375
0 0.44453125 0.45703125 0.0140625 0.04296875
0 0.2703125 0.466796875 0.021875 0.0703125
0 0.24921875 0.4677734375 0.0171875 0.072265625
9 0.303125 0.3017578125 0.009375 0.033203125
9 0.334375 0.3154296875 0.009375 0.029296875
2 0.75390625 0.4873046875 0.0890625 0.130859375
2 0.20390625 0.4697265625 0.0328125 0.033203125
2 0.37734375 0.4560546875 0.0265625 0.025390625
2 0.1671875 0.4736328125 0.05 0.041015625
11 0.340625 0.400390625 0.021875 0.0078125
2 0.30625 0.45703125 0.015625 0.0234375
0 0.14609375 0.4599609375 0.0109375 0.033203125
0 0.22734375 0.470703125 0.0171875 0.06640625
0 0.1015625 0.4755859375 0.01875 0.052734375
