2 0.90546875 0.5615234375 0.1859375 0.271484375
2 0.6734375 0.4521484375 0.04375 0.041015625
2 0.578125 0.4482421875 0.0125 0.013671875
2 0.5203125 0.4501953125 0.021875 0.021484375
0 0.4875 0.4482421875 0.00625 0.029296875
9 0.51015625 0.30078125 0.0109375 0.0390625
9 0.6078125 0.2939453125 0.009375 0.037109375
11 0.53984375 0.2880859375 0.0171875 0.025390625
11 0.68515625 0.3095703125 0.0484375 0.017578125
11 0.2578125 0.330078125 0.021875 0.02734375
9 0.24453125 0.380859375 0.0078125 0.0078125
9 0.27734375 0.3818359375 0.0078125 0.009765625
0 0.5234375 0.4716796875 0.021875 0.064453125
0 0.24921875 0.5068359375 0.0328125 0.126953125
0 0.20703125 0.5 0.0328125 0.12890625
9 0.17890625 0.24609375 0.0171875 0.046875
9 0.24296875 0.2724609375 0.0109375 0.041015625
2 0.278125 0.4677734375 0.03125 0.044921875
11 0.2609375 0.3955078125 0.03125 0.009765625
0 0.09609375 0.4990234375 0.0328125 0.107421875
0 0.06875 0.4599609375 0.009375 0.013671875
2 0.15859375 0.482421875 0.0390625 0.0390625
2 0.35 0.458984375 0.025 0.0234375
2 0.053125 0.490234375 0.059375 0.046875
11 0.9125 0.3701171875 0.034375 0.037109375
11 0.9125 0.3330078125 0.059375 0.029296875
9 0.8640625 0.310546875 0.01875 0.01953125
9 0.91875 0.3037109375 0.015625 0.017578125
11 0.7234375 0.353515625 0.015625 0.03125
2 0.39765625 0.455078125 0.0171875 0.02734375
2 0.11953125 0.484375 0.0421875 0.04296875
0 0.84765625 0.458984375 0.0234375 0.0703125
2 0.4671875 0.4404296875 0.01875 0.017578125
2 0.4234375 0.4501953125 0.034375 0.021484375
2 0.90546875 0.5615234375 0.1859375 0.271484375
2 0.6734375 0.4521484375 0.04375 0.041015625
2 0.578125 0.4482421875 0.0125 0.013671875
2 0.5203125 0.4501953125 0.021875 0.021484375
0 0.4875 0.4482421875 0.00625 0.029296875
9 0.51015625 0.30078125 0.0109375 0.0390625
9 0.6078125 0.2939453125 0.009375 0.037109375
11 0.53984375 0.2880859375 0.0171875 0.025390625
11 0.68515625 0.3095703125 0.0484375 0.017578125
11 0.2578125 0.330078125 0.021875 0.02734375
9 0.24453125 0.380859375 0.0078125 0.0078125
9 0.27734375 0.3818359375 0.0078125 0.009765625
0 0.5234375 0.4716796875 0.021875 0.064453125
0 0.24921875 0.5068359375 0.0328125 0.126953125
0 0.20703125 0.5 0.0328125 0.12890625
9 0.17890625 0.24609375 0.0171875 0.046875
9 0.24296875 0.2724609375 0.0109375 0.041015625
2 0.278125 0.4677734375 0.03125 0.044921875
11 0.2609375 0.3955078125 0.03125 0.009765625
0 0.09609375 0.4990234375 0.0328125 0.107421875
0 0.06875 0.4599609375 0.009375 0.013671875
2 0.15859375 0.482421875 0.0390625 0.0390625
2 0.35 0.458984375 0.025 0.0234375
2 0.053125 0.490234375 0.059375 0.046875
11 0.9125 0.3701171875 0.034375 0.037109375
11 0.9125 0.3330078125 0.059375 0.029296875
9 0.8640625 0.310546875 0.01875 0.01953125
9 0.91875 0.3037109375 0.015625 0.017578125
11 0.7234375 0.353515625 0.015625 0.03125
2 0.39765625 0.455078125 0.0171875 0.02734375
2 0.11953125 0.484375 0.0421875 0.04296875
0 0.84765625 0.458984375 0.0234375 0.0703125
2 0.4671875 0.4404296875 0.01875 0.017578125
2 0.4234375 0.4501953125 0.034375 0.021484375
