0 0.97890625 0.462890625 0.0390625 0.296875
2 0.32421875 0.3916015625 0.0984375 0.087890625
2 0.38515625 0.3681640625 0.0515625 0.052734375
2 0.47734375 0.3701171875 0.0515625 0.052734375
2 0.66953125 0.4033203125 0.1109375 0.103515625
2 0.58671875 0.3779296875 0.0453125 0.060546875
2 0.49296875 0.361328125 0.0328125 0.04296875
9 0.4625 0.2783203125 0.00625 0.017578125
2 0.5234375 0.353515625 0.01875 0.0234375
3 0.453125 0.3564453125 0.009375 0.021484375
0 0.45234375 0.349609375 0.0109375 0.0234375
9 0.41171875 0.28515625 0.0046875 0.01171875
3 0.4296875 0.3623046875 0.009375 0.021484375
2 0.62265625 0.3896484375 0.0640625 0.076171875
2 0.559375 0.36328125 0.03125 0.046875
2 0.54765625 0.359375 0.0328125 0.04296875
2 0.4453125 0.3447265625 0.025 0.029296875
2 0.31875 0.3447265625 0.025 0.009765625
0 0.72109375 0.365234375 0.0140625 0.05078125
2 0.20546875 0.37109375 0.0390625 0.0390625
2 0.403125 0.34765625 0.01875 0.0234375
0 0.2578125 0.365234375 0.0125 0.0234375
2 0.16875 0.380859375 0.05625 0.04296875
0 0.415625 0.3505859375 0.009375 0.025390625
0 0.2109375 0.349609375 0.009375 0.01171875
3 0.2265625 0.369140625 0.0125 0.03515625
3 0.2328125 0.3701171875 0.009375 0.033203125
0 0.11796875 0.3583984375 0.0109375 0.025390625
3 0.41640625 0.3603515625 0.0109375 0.021484375
0 0.2921875 0.3515625 0.00625 0.015625
0 0.2984375 0.345703125 0.00625 0.01171875
2 0.56640625 0.373046875 0.0265625 0.046875
9 0.45703125 0.2783203125 0.0046875 0.017578125
9 0.46796875 0.2783203125 0.0046875 0.017578125
1 0.96328125 0.5 0.0328125 0.1484375
0 0.4296875 0.3505859375 0.009375 0.029296875
2 0.5109375 0.357421875 0.015625 0.03125
0 0.97890625 0.462890625 0.0390625 0.296875
2 0.32421875 0.3916015625 0.0984375 0.087890625
2 0.38515625 0.3681640625 0.0515625 0.052734375
2 0.47734375 0.3701171875 0.0515625 0.052734375
2 0.66953125 0.4033203125 0.1109375 0.103515625
2 0.58671875 0.3779296875 0.0453125 0.060546875
2 0.49296875 0.361328125 0.0328125 0.04296875
9 0.4625 0.2783203125 0.00625 0.017578125
2 0.5234375 0.353515625 0.01875 0.0234375
3 0.453125 0.3564453125 0.009375 0.021484375
0 0.45234375 0.349609375 0.0109375 0.0234375
9 0.41171875 0.28515625 0.0046875 0.01171875
3 0.4296875 0.3623046875 0.009375 0.021484375
2 0.62265625 0.3896484375 0.0640625 0.076171875
2 0.559375 0.36328125 0.03125 0.046875
2 0.54765625 0.359375 0.0328125 0.04296875
2 0.4453125 0.3447265625 0.025 0.029296875
2 0.31875 0.3447265625 0.025 0.009765625
0 0.72109375 0.365234375 0.0140625 0.05078125
2 0.20546875 0.37109375 0.0390625 0.0390625
2 0.403125 0.34765625 0.01875 0.0234375
0 0.2578125 0.365234375 0.0125 0.0234375
2 0.16875 0.380859375 0.05625 0.04296875
0 0.415625 0.3505859375 0.009375 0.025390625
0 0.2109375 0.349609375 0.009375 0.01171875
3 0.2265625 0.369140625 0.0125 0.03515625
3 0.2328125 0.3701171875 0.009375 0.033203125
0 0.11796875 0.3583984375 0.0109375 0.025390625
3 0.41640625 0.3603515625 0.0109375 0.021484375
0 0.2921875 0.3515625 0.00625 0.015625
0 0.2984375 0.345703125 0.00625 0.01171875
2 0.56640625 0.373046875 0.0265625 0.046875
9 0.45703125 0.2783203125 0.0046875 0.017578125
9 0.46796875 0.2783203125 0.0046875 0.017578125
1 0.96328125 0.5 0.0328125 0.1484375
0 0.4296875 0.3505859375 0.009375 0.029296875
2 0.5109375 0.357421875 0.015625 0.03125
