2 0.58515625 0.359375 0.0390625 0.04296875
2 0.53046875 0.36328125 0.0296875 0.02734375
7 0.53828125 0.341796875 0.0171875 0.0234375
7 0.51484375 0.3505859375 0.0109375 0.017578125
2 0.4875 0.357421875 0.015625 0.01953125
2 0.50078125 0.3544921875 0.0109375 0.009765625
7 0.01015625 0.3447265625 0.0203125 0.048828125
2 0.02421875 0.37890625 0.0484375 0.03125
2 0.0671875 0.3720703125 0.05625 0.033203125
2 0.22578125 0.3583984375 0.0265625 0.017578125
2 0.2828125 0.35546875 0.021875 0.015625
2 0.3125 0.3544921875 0.0125 0.009765625
2 0.34609375 0.353515625 0.0140625 0.01171875
2 0.38125 0.353515625 0.009375 0.0078125
2 0.196875 0.365234375 0.025 0.015625
2 0.24453125 0.359375 0.0140625 0.015625
2 0.3703125 0.35546875 0.009375 0.0078125
2 0.58515625 0.359375 0.0390625 0.04296875
2 0.53046875 0.36328125 0.0296875 0.02734375
7 0.53828125 0.341796875 0.0171875 0.0234375
7 0.51484375 0.3505859375 0.0109375 0.017578125
2 0.4875 0.357421875 0.015625 0.01953125
2 0.50078125 0.3544921875 0.0109375 0.009765625
7 0.01015625 0.3447265625 0.0203125 0.048828125
2 0.02421875 0.37890625 0.0484375 0.03125
2 0.0671875 0.3720703125 0.05625 0.033203125
2 0.22578125 0.3583984375 0.0265625 0.017578125
2 0.2828125 0.35546875 0.021875 0.015625
2 0.3125 0.3544921875 0.0125 0.009765625
2 0.34609375 0.353515625 0.0140625 0.01171875
2 0.38125 0.353515625 0.009375 0.0078125
2 0.196875 0.365234375 0.025 0.015625
2 0.24453125 0.359375 0.0140625 0.015625
2 0.3703125 0.35546875 0.009375 0.0078125
