2 0.7515625 0.5068359375 0.071875 0.064453125
9 0.4796875 0.201171875 0.01875 0.078125
9 0.68359375 0.185546875 0.0234375 0.078125
11 0.84453125 0.22265625 0.1078125 0.04296875
11 0.9265625 0.306640625 0.040625 0.06640625
0 0.9828125 0.5546875 0.03125 0.1328125
0 0.9625 0.5185546875 0.034375 0.115234375
2 0.57890625 0.5048828125 0.0421875 0.048828125
11 0.64765625 0.4326171875 0.0171875 0.025390625
2 0.075 0.5537109375 0.08125 0.080078125
0 0.48671875 0.4951171875 0.0109375 0.037109375
2 0.13828125 0.5224609375 0.0484375 0.041015625
2 0.33046875 0.5029296875 0.0390625 0.025390625
2 0.17578125 0.521484375 0.0359375 0.03515625
2 0.20234375 0.515625 0.0421875 0.04296875
2 0.2359375 0.5166015625 0.028125 0.033203125
2 0.896875 0.4873046875 0.046875 0.037109375
9 0.32578125 0.40625 0.0046875 0.01953125
11 0.359375 0.40625 0.025 0.01171875
11 0.37421875 0.45703125 0.0203125 0.0078125
9 0.32109375 0.4521484375 0.0046875 0.017578125
2 0.09296875 0.525390625 0.0578125 0.04296875
2 0.02421875 0.54296875 0.0484375 0.0546875
2 0.98125 0.474609375 0.034375 0.03125
2 0.7515625 0.5068359375 0.071875 0.064453125
9 0.4796875 0.201171875 0.01875 0.078125
9 0.68359375 0.185546875 0.0234375 0.078125
11 0.84453125 0.22265625 0.1078125 0.04296875
11 0.9265625 0.306640625 0.040625 0.06640625
0 0.9828125 0.5546875 0.03125 0.1328125
0 0.9625 0.5185546875 0.034375 0.115234375
2 0.57890625 0.5048828125 0.0421875 0.048828125
11 0.64765625 0.4326171875 0.0171875 0.025390625
2 0.075 0.5537109375 0.08125 0.080078125
0 0.48671875 0.4951171875 0.0109375 0.037109375
2 0.13828125 0.5224609375 0.0484375 0.041015625
2 0.33046875 0.5029296875 0.0390625 0.025390625
2 0.17578125 0.521484375 0.0359375 0.03515625
2 0.20234375 0.515625 0.0421875 0.04296875
2 0.2359375 0.5166015625 0.028125 0.033203125
2 0.896875 0.4873046875 0.046875 0.037109375
9 0.32578125 0.40625 0.0046875 0.01953125
11 0.359375 0.40625 0.025 0.01171875
11 0.37421875 0.45703125 0.0203125 0.0078125
9 0.32109375 0.4521484375 0.0046875 0.017578125
2 0.09296875 0.525390625 0.0578125 0.04296875
2 0.02421875 0.54296875 0.0484375 0.0546875
2 0.98125 0.474609375 0.034375 0.03125
