9 0.496875 0.3056640625 0.009375 0.033203125
9 0.634375 0.3046875 0.009375 0.03515625
11 0.71015625 0.318359375 0.0484375 0.01953125
0 0.60078125 0.462890625 0.0140625 0.05078125
2 0.46328125 0.4580078125 0.0734375 0.048828125
2 0.37890625 0.4580078125 0.0609375 0.037109375
2 0.209375 0.537109375 0.21875 0.18359375
2 0.10078125 0.62890625 0.2015625 0.265625
2 0.26015625 0.455078125 0.0671875 0.0546875
2 0.05703125 0.4697265625 0.1140625 0.068359375
11 0.18671875 0.3828125 0.0203125 0.0703125
9 0.89765625 0.248046875 0.0171875 0.046875
9 0.8671875 0.259765625 0.015625 0.046875
9 0.7546875 0.3818359375 0.00625 0.013671875
11 0.953125 0.2470703125 0.0375 0.044921875
11 0.0609375 0.3994140625 0.01875 0.013671875
9 0.05 0.36328125 0.0125 0.0390625
2 0.3375 0.45703125 0.04375 0.03125
2 0.93203125 0.6669921875 0.1328125 0.279296875
0 0.29921875 0.4375 0.0078125 0.01171875
11 0.96484375 0.400390625 0.0171875 0.015625
10 0.58046875 0.470703125 0.0109375 0.02734375
2 0.30546875 0.4560546875 0.0234375 0.025390625
9 0.9953125 0.3583984375 0.00625 0.033203125
9 0.08125 0.361328125 0.015625 0.0390625
9 0.496875 0.3056640625 0.009375 0.033203125
9 0.634375 0.3046875 0.009375 0.03515625
11 0.71015625 0.318359375 0.0484375 0.01953125
0 0.60078125 0.462890625 0.0140625 0.05078125
2 0.46328125 0.4580078125 0.0734375 0.048828125
2 0.37890625 0.4580078125 0.0609375 0.037109375
2 0.209375 0.537109375 0.21875 0.18359375
2 0.10078125 0.62890625 0.2015625 0.265625
2 0.26015625 0.455078125 0.0671875 0.0546875
2 0.05703125 0.4697265625 0.1140625 0.068359375
11 0.18671875 0.3828125 0.0203125 0.0703125
9 0.89765625 0.248046875 0.0171875 0.046875
9 0.8671875 0.259765625 0.015625 0.046875
9 0.7546875 0.3818359375 0.00625 0.013671875
11 0.953125 0.2470703125 0.0375 0.044921875
11 0.0609375 0.3994140625 0.01875 0.013671875
9 0.05 0.36328125 0.0125 0.0390625
2 0.3375 0.45703125 0.04375 0.03125
2 0.93203125 0.6669921875 0.1328125 0.279296875
0 0.29921875 0.4375 0.0078125 0.01171875
11 0.96484375 0.400390625 0.0171875 0.015625
10 0.58046875 0.470703125 0.0109375 0.02734375
2 0.30546875 0.4560546875 0.0234375 0.025390625
9 0.9953125 0.3583984375 0.00625 0.033203125
9 0.08125 0.361328125 0.015625 0.0390625
