2 0.51328125 0.630859375 0.0234375 0.0234375
2 0.52421875 0.6240234375 0.0171875 0.021484375
2 0.53828125 0.6181640625 0.0078125 0.009765625
2 0.54609375 0.6142578125 0.0078125 0.009765625
78 0.91015625 0.62109375 0.1296875 0.2421875
78 0.9828125 0.7119140625 0.03125 0.384765625
2 0.51328125 0.630859375 0.0234375 0.0234375
2 0.52421875 0.6240234375 0.0171875 0.021484375
2 0.53828125 0.6181640625 0.0078125 0.009765625
2 0.54609375 0.6142578125 0.0078125 0.009765625
78 0.91015625 0.62109375 0.1296875 0.2421875
78 0.9828125 0.7119140625 0.03125 0.384765625
