9 0.5828125 0.1201171875 0.025 0.087890625
9 0.9390625 0.107421875 0.028125 0.08984375
0 0.83984375 0.5126953125 0.0359375 0.123046875
2 0.534375 0.4970703125 0.140625 0.099609375
2 0.3984375 0.4912109375 0.096875 0.060546875
2 0.13515625 0.4892578125 0.1015625 0.115234375
2 0.34296875 0.4873046875 0.0546875 0.048828125
0 0.29921875 0.458984375 0.0109375 0.015625
10 0.78671875 0.53515625 0.0203125 0.0703125
2 0.3015625 0.486328125 0.053125 0.0390625
9 0.01953125 0.3681640625 0.0109375 0.017578125
11 0.01015625 0.2431640625 0.0203125 0.017578125
11 0.02265625 0.314453125 0.0296875 0.0703125
11 0.51953125 0.419921875 0.0078125 0.01953125
2 0.26953125 0.482421875 0.0359375 0.0390625
10 0.06328125 0.52734375 0.0140625 0.046875
2 0.24609375 0.4697265625 0.0484375 0.044921875
11 0.02578125 0.4326171875 0.0265625 0.013671875
9 0.5828125 0.1201171875 0.025 0.087890625
9 0.9390625 0.107421875 0.028125 0.08984375
0 0.83984375 0.5126953125 0.0359375 0.123046875
2 0.534375 0.4970703125 0.140625 0.099609375
2 0.3984375 0.4912109375 0.096875 0.060546875
2 0.13515625 0.4892578125 0.1015625 0.115234375
2 0.34296875 0.4873046875 0.0546875 0.048828125
0 0.29921875 0.458984375 0.0109375 0.015625
10 0.78671875 0.53515625 0.0203125 0.0703125
2 0.3015625 0.486328125 0.053125 0.0390625
9 0.01953125 0.3681640625 0.0109375 0.017578125
11 0.01015625 0.2431640625 0.0203125 0.017578125
11 0.02265625 0.314453125 0.0296875 0.0703125
11 0.51953125 0.419921875 0.0078125 0.01953125
2 0.26953125 0.482421875 0.0359375 0.0390625
10 0.06328125 0.52734375 0.0140625 0.046875
2 0.24609375 0.4697265625 0.0484375 0.044921875
11 0.02578125 0.4326171875 0.0265625 0.013671875
