2 0.696875 0.4521484375 0.05 0.048828125
2 0.58671875 0.4453125 0.0109375 0.01171875
2 0.51640625 0.451171875 0.0328125 0.015625
0 0.490625 0.4501953125 0.009375 0.033203125
9 0.5078125 0.2705078125 0.0125 0.048828125
9 0.625 0.263671875 0.0125 0.046875
11 0.54296875 0.255859375 0.0203125 0.03125
11 0.721875 0.2822265625 0.059375 0.025390625
11 0.19453125 0.306640625 0.0265625 0.03515625
9 0.18046875 0.369140625 0.0078125 0.01171875
9 0.221875 0.3671875 0.009375 0.01171875
0 0.68828125 0.4765625 0.0328125 0.078125
0 0.0703125 0.5556640625 0.05625 0.212890625
0 0.009375 0.546875 0.01875 0.21875
9 0.06015625 0.1806640625 0.0234375 0.068359375
9 0.16796875 0.23046875 0.0140625 0.046875
11 0.20078125 0.3857421875 0.0390625 0.013671875
11 0.7671875 0.330078125 0.021875 0.03515625
0 0.88984375 0.47265625 0.0265625 0.0859375
2 0.3828125 0.4609375 0.01875 0.0234375
0 0.853125 0.4482421875 0.028125 0.064453125
2 0.8625 0.427734375 0.040625 0.0234375
2 0.8328125 0.4326171875 0.01875 0.017578125
2 0.30625 0.4775390625 0.109375 0.060546875
2 0.33125 0.455078125 0.028125 0.0234375
2 0.11015625 0.486328125 0.0453125 0.0390625
2 0.1484375 0.4814453125 0.034375 0.037109375
2 0.215625 0.4697265625 0.028125 0.041015625
2 0.04296875 0.484375 0.0265625 0.03515625
2 0.24296875 0.4697265625 0.0578125 0.048828125
0 0.03203125 0.53125 0.0453125 0.16796875
2 0.696875 0.4521484375 0.05 0.048828125
2 0.58671875 0.4453125 0.0109375 0.01171875
2 0.51640625 0.451171875 0.0328125 0.015625
0 0.490625 0.4501953125 0.009375 0.033203125
9 0.5078125 0.2705078125 0.0125 0.048828125
9 0.625 0.263671875 0.0125 0.046875
11 0.54296875 0.255859375 0.0203125 0.03125
11 0.721875 0.2822265625 0.059375 0.025390625
11 0.19453125 0.306640625 0.0265625 0.03515625
9 0.18046875 0.369140625 0.0078125 0.01171875
9 0.221875 0.3671875 0.009375 0.01171875
0 0.68828125 0.4765625 0.0328125 0.078125
0 0.0703125 0.5556640625 0.05625 0.212890625
0 0.009375 0.546875 0.01875 0.21875
9 0.06015625 0.1806640625 0.0234375 0.068359375
9 0.16796875 0.23046875 0.0140625 0.046875
11 0.20078125 0.3857421875 0.0390625 0.013671875
11 0.7671875 0.330078125 0.021875 0.03515625
0 0.88984375 0.47265625 0.0265625 0.0859375
2 0.3828125 0.4609375 0.01875 0.0234375
0 0.853125 0.4482421875 0.028125 0.064453125
2 0.8625 0.427734375 0.040625 0.0234375
2 0.8328125 0.4326171875 0.01875 0.017578125
2 0.30625 0.4775390625 0.109375 0.060546875
2 0.33125 0.455078125 0.028125 0.0234375
2 0.11015625 0.486328125 0.0453125 0.0390625
2 0.1484375 0.4814453125 0.034375 0.037109375
2 0.215625 0.4697265625 0.028125 0.041015625
2 0.04296875 0.484375 0.0265625 0.03515625
2 0.24296875 0.4697265625 0.0578125 0.048828125
0 0.03203125 0.53125 0.0453125 0.16796875
