2 0.58984375 0.357421875 0.0390625 0.04296875
2 0.53828125 0.3623046875 0.0296875 0.029296875
7 0.53359375 0.341796875 0.0203125 0.03125
7 0.51796875 0.3466796875 0.0109375 0.017578125
2 0.48671875 0.35546875 0.0171875 0.01953125
2 0.01484375 0.3828125 0.0296875 0.02734375
2 0.14296875 0.37109375 0.0390625 0.01953125
2 0.23125 0.3603515625 0.0125 0.009765625
2 0.26171875 0.359375 0.0234375 0.01171875
2 0.5046875 0.3525390625 0.009375 0.009765625
2 0.2125 0.3642578125 0.015625 0.009765625
2 0.30625 0.3564453125 0.009375 0.009765625
2 0.33671875 0.353515625 0.0078125 0.0078125
7 0.35234375 0.3466796875 0.0203125 0.021484375
2 0.37890625 0.3515625 0.0078125 0.0078125
2 0.38828125 0.3515625 0.0078125 0.0078125
2 0.58984375 0.357421875 0.0390625 0.04296875
2 0.53828125 0.3623046875 0.0296875 0.029296875
7 0.53359375 0.341796875 0.0203125 0.03125
7 0.51796875 0.3466796875 0.0109375 0.017578125
2 0.48671875 0.35546875 0.0171875 0.01953125
2 0.01484375 0.3828125 0.0296875 0.02734375
2 0.14296875 0.37109375 0.0390625 0.01953125
2 0.23125 0.3603515625 0.0125 0.009765625
2 0.26171875 0.359375 0.0234375 0.01171875
2 0.5046875 0.3525390625 0.009375 0.009765625
2 0.2125 0.3642578125 0.015625 0.009765625
2 0.30625 0.3564453125 0.009375 0.009765625
2 0.33671875 0.353515625 0.0078125 0.0078125
7 0.35234375 0.3466796875 0.0203125 0.021484375
2 0.37890625 0.3515625 0.0078125 0.0078125
2 0.38828125 0.3515625 0.0078125 0.0078125
