2 0.83984375 0.4501953125 0.2578125 0.220703125
2 0.96953125 0.5810546875 0.0578125 0.240234375
2 0.253125 0.42578125 0.146875 0.125
2 0.55234375 0.3662109375 0.0390625 0.037109375
2 0.49296875 0.400390625 0.0953125 0.09375
2 0.39921875 0.3740234375 0.0578125 0.052734375
2 0.32265625 0.37109375 0.0546875 0.05859375
2 0.2375 0.3623046875 0.040625 0.013671875
2 0.453125 0.3505859375 0.01875 0.021484375
2 0.35859375 0.365234375 0.0265625 0.03125
3 0.45234375 0.361328125 0.0078125 0.01953125
0 0.453125 0.3544921875 0.009375 0.021484375
0 0.425 0.35546875 0.009375 0.01953125
3 0.42578125 0.359375 0.0078125 0.01953125
9 0.44921875 0.203125 0.0078125 0.0390625
9 0.4328125 0.201171875 0.0125 0.04296875
9 0.4171875 0.2021484375 0.009375 0.037109375
0 0.71484375 0.3701171875 0.0203125 0.064453125
0 0.74375 0.365234375 0.01875 0.046875
0 0.734375 0.361328125 0.0125 0.05078125
9 0.25859375 0.2275390625 0.0109375 0.033203125
9 0.27421875 0.228515625 0.0078125 0.03515625
9 0.24921875 0.228515625 0.0078125 0.03515625
0 0.20078125 0.365234375 0.0109375 0.02734375
0 0.1765625 0.3798828125 0.0125 0.021484375
0 0.56640625 0.3486328125 0.0078125 0.021484375
2 0.53671875 0.359375 0.0296875 0.03515625
11 0.19453125 0.3388671875 0.0078125 0.009765625
11 0.19375 0.349609375 0.00625 0.0078125
2 0.43671875 0.35546875 0.0109375 0.015625
0 0.27421875 0.35546875 0.0078125 0.015625
2 0.83984375 0.4501953125 0.2578125 0.220703125
2 0.96953125 0.5810546875 0.0578125 0.240234375
2 0.253125 0.42578125 0.146875 0.125
2 0.55234375 0.3662109375 0.0390625 0.037109375
2 0.49296875 0.400390625 0.0953125 0.09375
2 0.39921875 0.3740234375 0.0578125 0.052734375
2 0.32265625 0.37109375 0.0546875 0.05859375
2 0.2375 0.3623046875 0.040625 0.013671875
2 0.453125 0.3505859375 0.01875 0.021484375
2 0.35859375 0.365234375 0.0265625 0.03125
3 0.45234375 0.361328125 0.0078125 0.01953125
0 0.453125 0.3544921875 0.009375 0.021484375
0 0.425 0.35546875 0.009375 0.01953125
3 0.42578125 0.359375 0.0078125 0.01953125
9 0.44921875 0.203125 0.0078125 0.0390625
9 0.4328125 0.201171875 0.0125 0.04296875
9 0.4171875 0.2021484375 0.009375 0.037109375
0 0.71484375 0.3701171875 0.0203125 0.064453125
0 0.74375 0.365234375 0.01875 0.046875
0 0.734375 0.361328125 0.0125 0.05078125
9 0.25859375 0.2275390625 0.0109375 0.033203125
9 0.27421875 0.228515625 0.0078125 0.03515625
9 0.24921875 0.228515625 0.0078125 0.03515625
0 0.20078125 0.365234375 0.0109375 0.02734375
0 0.1765625 0.3798828125 0.0125 0.021484375
0 0.56640625 0.3486328125 0.0078125 0.021484375
2 0.53671875 0.359375 0.0296875 0.03515625
11 0.19453125 0.3388671875 0.0078125 0.009765625
11 0.19375 0.349609375 0.00625 0.0078125
2 0.43671875 0.35546875 0.0109375 0.015625
0 0.27421875 0.35546875 0.0078125 0.015625
