2 0.43046875 0.6328125 0.0671875 0.0703125
2 0.525 0.6298828125 0.01875 0.021484375
7 0.91328125 0.6240234375 0.1703125 0.291015625
7 0.73515625 0.623046875 0.0671875 0.12890625
7 0.66328125 0.6220703125 0.0546875 0.076171875
7 0.590625 0.62109375 0.028125 0.05078125
7 0.61796875 0.6240234375 0.0265625 0.048828125
2 0.546875 0.6298828125 0.0125 0.013671875
7 0.8125 0.6357421875 0.103125 0.146484375
2 0.43046875 0.6328125 0.0671875 0.0703125
2 0.525 0.6298828125 0.01875 0.021484375
7 0.91328125 0.6240234375 0.1703125 0.291015625
7 0.73515625 0.623046875 0.0671875 0.12890625
7 0.66328125 0.6220703125 0.0546875 0.076171875
7 0.590625 0.62109375 0.028125 0.05078125
7 0.61796875 0.6240234375 0.0265625 0.048828125
2 0.546875 0.6298828125 0.0125 0.013671875
7 0.8125 0.6357421875 0.103125 0.146484375
