2 0.51875 0.62890625 0.025 0.03125
7 0.95078125 0.6103515625 0.0953125 0.283203125
7 0.7140625 0.6181640625 0.0875 0.095703125
7 0.61171875 0.6220703125 0.0359375 0.060546875
7 0.6421875 0.6220703125 0.028125 0.060546875
2 0.55546875 0.6259765625 0.0109375 0.013671875
2 0.51875 0.62890625 0.025 0.03125
7 0.95078125 0.6103515625 0.0953125 0.283203125
7 0.7140625 0.6181640625 0.0875 0.095703125
7 0.61171875 0.6220703125 0.0359375 0.060546875
7 0.6421875 0.6220703125 0.028125 0.060546875
2 0.55546875 0.6259765625 0.0109375 0.013671875
