2 0.590625 0.3544921875 0.040625 0.044921875
2 0.53671875 0.357421875 0.0296875 0.02734375
7 0.53125 0.33984375 0.01875 0.03125
7 0.5125 0.3427734375 0.009375 0.017578125
2 0.48203125 0.3515625 0.0171875 0.01953125
2 0.09453125 0.3798828125 0.0515625 0.037109375
2 0.23828125 0.353515625 0.0171875 0.015625
2 0.2796875 0.3515625 0.015625 0.01171875
2 0.19375 0.3671875 0.034375 0.02734375
2 0.32578125 0.3505859375 0.0109375 0.009765625
2 0.590625 0.3544921875 0.040625 0.044921875
2 0.53671875 0.357421875 0.0296875 0.02734375
7 0.53125 0.33984375 0.01875 0.03125
7 0.5125 0.3427734375 0.009375 0.017578125
2 0.48203125 0.3515625 0.0171875 0.01953125
2 0.09453125 0.3798828125 0.0515625 0.037109375
2 0.23828125 0.353515625 0.0171875 0.015625
2 0.2796875 0.3515625 0.015625 0.01171875
2 0.19375 0.3671875 0.034375 0.02734375
2 0.32578125 0.3505859375 0.0109375 0.009765625
