9 0.4984375 0.3056640625 0.009375 0.033203125
9 0.634375 0.3046875 0.009375 0.03515625
11 0.70703125 0.318359375 0.0484375 0.01953125
0 0.6 0.4580078125 0.0125 0.048828125
2 0.465625 0.4541015625 0.071875 0.048828125
2 0.38046875 0.455078125 0.0609375 0.03515625
2 0.2296875 0.5283203125 0.2 0.177734375
2 0.11171875 0.6103515625 0.2234375 0.244140625
2 0.265625 0.443359375 0.065625 0.0390625
2 0.06796875 0.4609375 0.1359375 0.05859375
11 0.20234375 0.37890625 0.0203125 0.0703125
9 0.88984375 0.248046875 0.0171875 0.046875
9 0.8625 0.26171875 0.015625 0.046875
9 0.753125 0.3798828125 0.00625 0.013671875
11 0.9421875 0.25 0.034375 0.04296875
11 0.0734375 0.3955078125 0.01875 0.013671875
9 0.0640625 0.361328125 0.0125 0.0390625
2 0.3390625 0.453125 0.04375 0.03125
2 0.93671875 0.6806640625 0.1234375 0.251953125
0 0.30234375 0.43359375 0.0078125 0.01171875
11 0.95234375 0.3984375 0.0203125 0.015625
10 0.58125 0.466796875 0.009375 0.02734375
2 0.30859375 0.4521484375 0.0234375 0.025390625
9 0.9890625 0.357421875 0.0125 0.03125
9 0.09296875 0.3583984375 0.0109375 0.037109375
9 0.4984375 0.3056640625 0.009375 0.033203125
9 0.634375 0.3046875 0.009375 0.03515625
11 0.70703125 0.318359375 0.0484375 0.01953125
0 0.6 0.4580078125 0.0125 0.048828125
2 0.465625 0.4541015625 0.071875 0.048828125
2 0.38046875 0.455078125 0.0609375 0.03515625
2 0.2296875 0.5283203125 0.2 0.177734375
2 0.11171875 0.6103515625 0.2234375 0.244140625
2 0.265625 0.443359375 0.065625 0.0390625
2 0.06796875 0.4609375 0.1359375 0.05859375
11 0.20234375 0.37890625 0.0203125 0.0703125
9 0.88984375 0.248046875 0.0171875 0.046875
9 0.8625 0.26171875 0.015625 0.046875
9 0.753125 0.3798828125 0.00625 0.013671875
11 0.9421875 0.25 0.034375 0.04296875
11 0.0734375 0.3955078125 0.01875 0.013671875
9 0.0640625 0.361328125 0.0125 0.0390625
2 0.3390625 0.453125 0.04375 0.03125
2 0.93671875 0.6806640625 0.1234375 0.251953125
0 0.30234375 0.43359375 0.0078125 0.01171875
11 0.95234375 0.3984375 0.0203125 0.015625
10 0.58125 0.466796875 0.009375 0.02734375
2 0.30859375 0.4521484375 0.0234375 0.025390625
9 0.9890625 0.357421875 0.0125 0.03125
9 0.09296875 0.3583984375 0.0109375 0.037109375
