2 0.58984375 0.357421875 0.0390625 0.04296875
2 0.53828125 0.3623046875 0.0296875 0.029296875
7 0.53359375 0.341796875 0.0203125 0.03125
7 0.51640625 0.3466796875 0.0109375 0.017578125
2 0.48671875 0.353515625 0.0171875 0.01953125
2 0.021875 0.3828125 0.04375 0.02734375
2 0.15234375 0.369140625 0.0359375 0.01953125
2 0.2359375 0.3603515625 0.0125 0.009765625
2 0.26484375 0.359375 0.0234375 0.01171875
2 0.5046875 0.3525390625 0.009375 0.009765625
2 0.21640625 0.361328125 0.0109375 0.0078125
2 0.309375 0.3564453125 0.009375 0.009765625
2 0.33828125 0.353515625 0.0078125 0.0078125
7 0.35390625 0.3466796875 0.0203125 0.021484375
2 0.37890625 0.349609375 0.0078125 0.0078125
2 0.38984375 0.349609375 0.0078125 0.0078125
2 0.58984375 0.357421875 0.0390625 0.04296875
2 0.53828125 0.3623046875 0.0296875 0.029296875
7 0.53359375 0.341796875 0.0203125 0.03125
7 0.51640625 0.3466796875 0.0109375 0.017578125
2 0.48671875 0.353515625 0.0171875 0.01953125
2 0.021875 0.3828125 0.04375 0.02734375
2 0.15234375 0.369140625 0.0359375 0.01953125
2 0.2359375 0.3603515625 0.0125 0.009765625
2 0.26484375 0.359375 0.0234375 0.01171875
2 0.5046875 0.3525390625 0.009375 0.009765625
2 0.21640625 0.361328125 0.0109375 0.0078125
2 0.309375 0.3564453125 0.009375 0.009765625
2 0.33828125 0.353515625 0.0078125 0.0078125
7 0.35390625 0.3466796875 0.0203125 0.021484375
2 0.37890625 0.349609375 0.0078125 0.0078125
2 0.38984375 0.349609375 0.0078125 0.0078125
