3 0.93515625 0.546875 0.1265625 0.1875
3 0.8875 0.5283203125 0.1375 0.150390625
2 0.834375 0.4599609375 0.221875 0.208984375
2 0.715625 0.4228515625 0.13125 0.146484375
3 0.596875 0.39453125 0.046875 0.046875
3 0.6078125 0.3994140625 0.05 0.048828125
0 0.59375 0.3564453125 0.009375 0.029296875
0 0.571875 0.3642578125 0.009375 0.037109375
0 0.54140625 0.361328125 0.0078125 0.03515625
2 0.05546875 0.4150390625 0.1109375 0.091796875
2 0.2453125 0.3876953125 0.090625 0.080078125
2 0.35546875 0.3701171875 0.0390625 0.041015625
2 0.409375 0.3720703125 0.040625 0.044921875
2 0.43203125 0.36328125 0.0265625 0.02734375
2 0.446875 0.359375 0.01875 0.0234375
2 0.47265625 0.3681640625 0.0359375 0.037109375
2 0.48671875 0.3603515625 0.0265625 0.033203125
2 0.5234375 0.3662109375 0.025 0.025390625
2 0.5140625 0.3623046875 0.01875 0.021484375
11 0.38359375 0.2529296875 0.0140625 0.021484375
11 0.75703125 0.291015625 0.0265625 0.04296875
9 0.44921875 0.2548828125 0.0078125 0.021484375
9 0.45859375 0.2548828125 0.0078125 0.021484375
9 0.4421875 0.2548828125 0.00625 0.021484375
9 0.29921875 0.244140625 0.0078125 0.0234375
9 0.290625 0.2451171875 0.009375 0.025390625
9 0.56953125 0.3115234375 0.0046875 0.005859375
9 0.28203125 0.244140625 0.0078125 0.0234375
2 0.384375 0.3603515625 0.01875 0.025390625
0 0.14609375 0.3779296875 0.0109375 0.033203125
0 0.1296875 0.3779296875 0.0125 0.037109375
3 0.6484375 0.400390625 0.034375 0.0859375
2 0.2953125 0.373046875 0.015625 0.02734375
0 0.65078125 0.36328125 0.0203125 0.02734375
0 0.6171875 0.357421875 0.009375 0.0234375
3 0.9625 0.578125 0.071875 0.19140625
3 0.93515625 0.546875 0.1265625 0.1875
3 0.8875 0.5283203125 0.1375 0.150390625
2 0.834375 0.4599609375 0.221875 0.208984375
2 0.715625 0.4228515625 0.13125 0.146484375
3 0.596875 0.39453125 0.046875 0.046875
3 0.6078125 0.3994140625 0.05 0.048828125
0 0.59375 0.3564453125 0.009375 0.029296875
0 0.571875 0.3642578125 0.009375 0.037109375
0 0.54140625 0.361328125 0.0078125 0.03515625
2 0.05546875 0.4150390625 0.1109375 0.091796875
2 0.2453125 0.3876953125 0.090625 0.080078125
2 0.35546875 0.3701171875 0.0390625 0.041015625
2 0.409375 0.3720703125 0.040625 0.044921875
2 0.43203125 0.36328125 0.0265625 0.02734375
2 0.446875 0.359375 0.01875 0.0234375
2 0.47265625 0.3681640625 0.0359375 0.037109375
2 0.48671875 0.3603515625 0.0265625 0.033203125
2 0.5234375 0.3662109375 0.025 0.025390625
2 0.5140625 0.3623046875 0.01875 0.021484375
11 0.38359375 0.2529296875 0.0140625 0.021484375
11 0.75703125 0.291015625 0.0265625 0.04296875
9 0.44921875 0.2548828125 0.0078125 0.021484375
9 0.45859375 0.2548828125 0.0078125 0.021484375
9 0.4421875 0.2548828125 0.00625 0.021484375
9 0.29921875 0.244140625 0.0078125 0.0234375
9 0.290625 0.2451171875 0.009375 0.025390625
9 0.56953125 0.3115234375 0.0046875 0.005859375
9 0.28203125 0.244140625 0.0078125 0.0234375
2 0.384375 0.3603515625 0.01875 0.025390625
0 0.14609375 0.3779296875 0.0109375 0.033203125
0 0.1296875 0.3779296875 0.0125 0.037109375
3 0.6484375 0.400390625 0.034375 0.0859375
2 0.2953125 0.373046875 0.015625 0.02734375
0 0.65078125 0.36328125 0.0203125 0.02734375
0 0.6171875 0.357421875 0.009375 0.0234375
3 0.9625 0.578125 0.071875 0.19140625
