2 0.78046875 0.427734375 0.2265625 0.19921875
2 0.6125 0.3603515625 0.046875 0.052734375
2 0.54375 0.361328125 0.03125 0.02734375
7 0.52734375 0.3427734375 0.0171875 0.029296875
7 0.50078125 0.34375 0.0078125 0.01171875
2 0.503125 0.3515625 0.009375 0.0078125
2 0.48984375 0.35546875 0.0171875 0.01953125
7 0.04296875 0.361328125 0.0859375 0.09765625
2 0.2171875 0.3623046875 0.040625 0.029296875
2 0.321875 0.3564453125 0.015625 0.017578125
2 0.3609375 0.35546875 0.009375 0.01171875
7 0.2109375 0.353515625 0.059375 0.05078125
2 0.3890625 0.3525390625 0.009375 0.009765625
2 0.30625 0.357421875 0.015625 0.015625
2 0.37421875 0.3525390625 0.0140625 0.013671875
2 0.35 0.35546875 0.0125 0.01171875
2 0.26953125 0.359375 0.0234375 0.01953125
2 0.40078125 0.3515625 0.0046875 0.00390625
2 0.40703125 0.3515625 0.0046875 0.00390625
7 0.35234375 0.345703125 0.0140625 0.0078125
2 0.78046875 0.427734375 0.2265625 0.19921875
2 0.6125 0.3603515625 0.046875 0.052734375
2 0.54375 0.361328125 0.03125 0.02734375
7 0.52734375 0.3427734375 0.0171875 0.029296875
7 0.50078125 0.34375 0.0078125 0.01171875
2 0.503125 0.3515625 0.009375 0.0078125
2 0.48984375 0.35546875 0.0171875 0.01953125
7 0.04296875 0.361328125 0.0859375 0.09765625
2 0.2171875 0.3623046875 0.040625 0.029296875
2 0.321875 0.3564453125 0.015625 0.017578125
2 0.3609375 0.35546875 0.009375 0.01171875
7 0.2109375 0.353515625 0.059375 0.05078125
2 0.3890625 0.3525390625 0.009375 0.009765625
2 0.30625 0.357421875 0.015625 0.015625
2 0.37421875 0.3525390625 0.0140625 0.013671875
2 0.35 0.35546875 0.0125 0.01171875
2 0.26953125 0.359375 0.0234375 0.01953125
2 0.40078125 0.3515625 0.0046875 0.00390625
2 0.40703125 0.3515625 0.0046875 0.00390625
7 0.35234375 0.345703125 0.0140625 0.0078125
