3 0.91875 0.5322265625 0.159375 0.169921875
0 0.66484375 0.3642578125 0.0171875 0.060546875
0 0.63125 0.369140625 0.015625 0.05859375
0 0.5703125 0.36328125 0.01875 0.05078125
2 0.40390625 0.3740234375 0.0453125 0.044921875
2 0.428125 0.3662109375 0.028125 0.033203125
2 0.44296875 0.36328125 0.0234375 0.02734375
2 0.47890625 0.3681640625 0.0359375 0.037109375
2 0.54296875 0.369140625 0.0328125 0.03125
2 0.52890625 0.3662109375 0.0234375 0.029296875
11 0.3140625 0.185546875 0.028125 0.0390625
9 0.4328125 0.1884765625 0.0125 0.041015625
9 0.44765625 0.189453125 0.0109375 0.0390625
9 0.41953125 0.1923828125 0.0078125 0.037109375
9 0.15859375 0.1689453125 0.0140625 0.037109375
9 0.140625 0.1689453125 0.015625 0.041015625
9 0.12578125 0.1689453125 0.0140625 0.041015625
2 0.34296875 0.3662109375 0.0296875 0.037109375
2 0.490625 0.36328125 0.025 0.03125
9 0.46484375 0.3076171875 0.0046875 0.013671875
3 0.3109375 0.3798828125 0.0125 0.021484375
3 0.940625 0.521484375 0.115625 0.25
0 0.18203125 0.384765625 0.0234375 0.04296875
11 0.77578125 0.3251953125 0.0390625 0.041015625
11 0.775 0.24609375 0.04375 0.01953125
9 0.784375 0.26953125 0.01875 0.0234375
9 0.759375 0.2685546875 0.01875 0.021484375
0 0.97578125 0.376953125 0.0296875 0.07421875
10 0.13671875 0.4013671875 0.0078125 0.021484375
0 0.8359375 0.396484375 0.01875 0.06640625
0 0.1359375 0.3798828125 0.0125 0.037109375
2 0.21484375 0.38671875 0.0390625 0.0390625
9 0.6234375 0.2900390625 0.009375 0.013671875
2 0.50625 0.359375 0.015625 0.01953125
3 0.18515625 0.3935546875 0.0328125 0.048828125
0 0.696875 0.3671875 0.0125 0.0546875
2 0.36171875 0.3681640625 0.0390625 0.041015625
3 0.91875 0.5322265625 0.159375 0.169921875
0 0.66484375 0.3642578125 0.0171875 0.060546875
0 0.63125 0.369140625 0.015625 0.05859375
0 0.5703125 0.36328125 0.01875 0.05078125
2 0.40390625 0.3740234375 0.0453125 0.044921875
2 0.428125 0.3662109375 0.028125 0.033203125
2 0.44296875 0.36328125 0.0234375 0.02734375
2 0.47890625 0.3681640625 0.0359375 0.037109375
2 0.54296875 0.369140625 0.0328125 0.03125
2 0.52890625 0.3662109375 0.0234375 0.029296875
11 0.3140625 0.185546875 0.028125 0.0390625
9 0.4328125 0.1884765625 0.0125 0.041015625
9 0.44765625 0.189453125 0.0109375 0.0390625
9 0.41953125 0.1923828125 0.0078125 0.037109375
9 0.15859375 0.1689453125 0.0140625 0.037109375
9 0.140625 0.1689453125 0.015625 0.041015625
9 0.12578125 0.1689453125 0.0140625 0.041015625
2 0.34296875 0.3662109375 0.0296875 0.037109375
2 0.490625 0.36328125 0.025 0.03125
9 0.46484375 0.3076171875 0.0046875 0.013671875
3 0.3109375 0.3798828125 0.0125 0.021484375
3 0.940625 0.521484375 0.115625 0.25
0 0.18203125 0.384765625 0.0234375 0.04296875
11 0.77578125 0.3251953125 0.0390625 0.041015625
11 0.775 0.24609375 0.04375 0.01953125
9 0.784375 0.26953125 0.01875 0.0234375
9 0.759375 0.2685546875 0.01875 0.021484375
0 0.97578125 0.376953125 0.0296875 0.07421875
10 0.13671875 0.4013671875 0.0078125 0.021484375
0 0.8359375 0.396484375 0.01875 0.06640625
0 0.1359375 0.3798828125 0.0125 0.037109375
2 0.21484375 0.38671875 0.0390625 0.0390625
9 0.6234375 0.2900390625 0.009375 0.013671875
2 0.50625 0.359375 0.015625 0.01953125
3 0.18515625 0.3935546875 0.0328125 0.048828125
0 0.696875 0.3671875 0.0125 0.0546875
2 0.36171875 0.3681640625 0.0390625 0.041015625
