0 0.75078125 0.369140625 0.0203125 0.08984375
0 0.70390625 0.376953125 0.0265625 0.0859375
0 0.6125 0.365234375 0.01875 0.07421875
2 0.3984375 0.37109375 0.053125 0.05078125
2 0.42578125 0.3662109375 0.0234375 0.037109375
2 0.45859375 0.35546875 0.0140625 0.0234375
2 0.48515625 0.3671875 0.0390625 0.0390625
2 0.5703125 0.37109375 0.040625 0.0390625
2 0.54296875 0.3662109375 0.0234375 0.033203125
11 0.21640625 0.08203125 0.0453125 0.0625
9 0.41171875 0.09765625 0.0171875 0.05859375
9 0.4359375 0.1005859375 0.0125 0.056640625
9 0.38984375 0.1044921875 0.0109375 0.056640625
2 0.4984375 0.3623046875 0.021875 0.033203125
9 0.46875 0.296875 0.00625 0.015625
3 0.23125 0.3837890625 0.025 0.041015625
2 0.51328125 0.359375 0.0140625 0.0234375
0 0.02578125 0.3818359375 0.0140625 0.029296875
0 0.078125 0.3720703125 0.009375 0.013671875
2 0.346875 0.365234375 0.040625 0.05078125
11 0.67890625 0.294921875 0.0390625 0.05078125
10 0.9859375 0.3974609375 0.015625 0.033203125
0 0.05390625 0.3837890625 0.0109375 0.013671875
0 0.0609375 0.380859375 0.009375 0.01171875
1 0.09609375 0.4052734375 0.0140625 0.021484375
9 0.68984375 0.259765625 0.0171875 0.01953125
9 0.41875 0.2958984375 0.00625 0.013671875
3 0.4375 0.3662109375 0.009375 0.021484375
2 0.553125 0.369140625 0.025 0.03515625
2 0.53359375 0.36328125 0.0171875 0.02734375
0 0.43828125 0.3583984375 0.0109375 0.029296875
0 0.2375 0.3720703125 0.01875 0.044921875
0 0.79375 0.3740234375 0.021875 0.076171875
2 0.14296875 0.3935546875 0.0609375 0.048828125
2 0.29609375 0.375 0.0703125 0.0703125
3 0.4515625 0.365234375 0.009375 0.01953125
0 0.4515625 0.357421875 0.009375 0.0234375
0 0.75078125 0.369140625 0.0203125 0.08984375
0 0.70390625 0.376953125 0.0265625 0.0859375
0 0.6125 0.365234375 0.01875 0.07421875
2 0.3984375 0.37109375 0.053125 0.05078125
2 0.42578125 0.3662109375 0.0234375 0.037109375
2 0.45859375 0.35546875 0.0140625 0.0234375
2 0.48515625 0.3671875 0.0390625 0.0390625
2 0.5703125 0.37109375 0.040625 0.0390625
2 0.54296875 0.3662109375 0.0234375 0.033203125
11 0.21640625 0.08203125 0.0453125 0.0625
9 0.41171875 0.09765625 0.0171875 0.05859375
9 0.4359375 0.1005859375 0.0125 0.056640625
9 0.38984375 0.1044921875 0.0109375 0.056640625
2 0.4984375 0.3623046875 0.021875 0.033203125
9 0.46875 0.296875 0.00625 0.015625
3 0.23125 0.3837890625 0.025 0.041015625
2 0.51328125 0.359375 0.0140625 0.0234375
0 0.02578125 0.3818359375 0.0140625 0.029296875
0 0.078125 0.3720703125 0.009375 0.013671875
2 0.346875 0.365234375 0.040625 0.05078125
11 0.67890625 0.294921875 0.0390625 0.05078125
10 0.9859375 0.3974609375 0.015625 0.033203125
0 0.05390625 0.3837890625 0.0109375 0.013671875
0 0.0609375 0.380859375 0.009375 0.01171875
1 0.09609375 0.4052734375 0.0140625 0.021484375
9 0.68984375 0.259765625 0.0171875 0.01953125
9 0.41875 0.2958984375 0.00625 0.013671875
3 0.4375 0.3662109375 0.009375 0.021484375
2 0.553125 0.369140625 0.025 0.03515625
2 0.53359375 0.36328125 0.0171875 0.02734375
0 0.43828125 0.3583984375 0.0109375 0.029296875
0 0.2375 0.3720703125 0.01875 0.044921875
0 0.79375 0.3740234375 0.021875 0.076171875
2 0.14296875 0.3935546875 0.0609375 0.048828125
2 0.29609375 0.375 0.0703125 0.0703125
3 0.4515625 0.365234375 0.009375 0.01953125
0 0.4515625 0.357421875 0.009375 0.0234375
