2 0.3671875 0.37890625 0.075 0.0703125
2 0.571875 0.3525390625 0.040625 0.021484375
2 0.52265625 0.4482421875 0.1921875 0.185546875
2 0.41328125 0.3583984375 0.0453125 0.041015625
2 0.23828125 0.3779296875 0.0921875 0.087890625
2 0.165625 0.3759765625 0.0625 0.056640625
2 0.4671875 0.345703125 0.01875 0.0234375
3 0.45859375 0.353515625 0.0078125 0.015625
0 0.45859375 0.34765625 0.0078125 0.01953125
0 0.43359375 0.3466796875 0.0078125 0.017578125
3 0.4328125 0.353515625 0.00625 0.01171875
9 0.42578125 0.0986328125 0.0140625 0.064453125
9 0.396875 0.09765625 0.01875 0.06640625
9 0.3734375 0.099609375 0.015625 0.0625
0 0.903125 0.38671875 0.028125 0.10546875
0 0.99140625 0.4140625 0.0140625 0.13671875
0 0.93203125 0.384765625 0.0328125 0.10546875
9 0.15234375 0.1630859375 0.0140625 0.044921875
9 0.175 0.1611328125 0.0125 0.044921875
9 0.1390625 0.1640625 0.0125 0.04296875
0 0.084375 0.3828125 0.01875 0.03125
2 0.5515625 0.345703125 0.0375 0.0234375
2 0.4875 0.349609375 0.025 0.0234375
2 0.52265625 0.34765625 0.0140625 0.015625
0 0.13515625 0.3662109375 0.0078125 0.029296875
11 0.0875 0.3173828125 0.03125 0.005859375
11 0.08671875 0.310546875 0.0328125 0.0078125
2 0.5046875 0.349609375 0.00625 0.01171875
11 0.11328125 0.3271484375 0.0046875 0.009765625
11 0.1125 0.3427734375 0.00625 0.009765625
2 0.39296875 0.3466796875 0.0203125 0.021484375
2 0.528125 0.3486328125 0.0125 0.013671875
2 0.5515625 0.3486328125 0.03125 0.017578125
11 0.0875 0.3017578125 0.03125 0.009765625
11 0.09453125 0.32421875 0.0171875 0.0078125
11 0.246875 0.3154296875 0.015625 0.017578125
2 0.3671875 0.37890625 0.075 0.0703125
2 0.571875 0.3525390625 0.040625 0.021484375
2 0.52265625 0.4482421875 0.1921875 0.185546875
2 0.41328125 0.3583984375 0.0453125 0.041015625
2 0.23828125 0.3779296875 0.0921875 0.087890625
2 0.165625 0.3759765625 0.0625 0.056640625
2 0.4671875 0.345703125 0.01875 0.0234375
3 0.45859375 0.353515625 0.0078125 0.015625
0 0.45859375 0.34765625 0.0078125 0.01953125
0 0.43359375 0.3466796875 0.0078125 0.017578125
3 0.4328125 0.353515625 0.00625 0.01171875
9 0.42578125 0.0986328125 0.0140625 0.064453125
9 0.396875 0.09765625 0.01875 0.06640625
9 0.3734375 0.099609375 0.015625 0.0625
0 0.903125 0.38671875 0.028125 0.10546875
0 0.99140625 0.4140625 0.0140625 0.13671875
0 0.93203125 0.384765625 0.0328125 0.10546875
9 0.15234375 0.1630859375 0.0140625 0.044921875
9 0.175 0.1611328125 0.0125 0.044921875
9 0.1390625 0.1640625 0.0125 0.04296875
0 0.084375 0.3828125 0.01875 0.03125
2 0.5515625 0.345703125 0.0375 0.0234375
2 0.4875 0.349609375 0.025 0.0234375
2 0.52265625 0.34765625 0.0140625 0.015625
0 0.13515625 0.3662109375 0.0078125 0.029296875
11 0.0875 0.3173828125 0.03125 0.005859375
11 0.08671875 0.310546875 0.0328125 0.0078125
2 0.5046875 0.349609375 0.00625 0.01171875
11 0.11328125 0.3271484375 0.0046875 0.009765625
11 0.1125 0.3427734375 0.00625 0.009765625
2 0.39296875 0.3466796875 0.0203125 0.021484375
2 0.528125 0.3486328125 0.0125 0.013671875
2 0.5515625 0.3486328125 0.03125 0.017578125
11 0.0875 0.3017578125 0.03125 0.009765625
11 0.09453125 0.32421875 0.0171875 0.0078125
11 0.246875 0.3154296875 0.015625 0.017578125
