9 0.4953125 0.3056640625 0.009375 0.033203125
9 0.634375 0.3046875 0.009375 0.03515625
11 0.7109375 0.3193359375 0.05 0.021484375
0 0.60078125 0.462890625 0.0140625 0.05078125
2 0.46171875 0.4599609375 0.0734375 0.048828125
2 0.37578125 0.4619140625 0.0609375 0.037109375
2 0.1890625 0.544921875 0.2375 0.1953125
2 0.08671875 0.646484375 0.1734375 0.28515625
2 0.25703125 0.45703125 0.0671875 0.0546875
2 0.04765625 0.478515625 0.0953125 0.0859375
11 0.17109375 0.3828125 0.0203125 0.07421875
9 0.90546875 0.244140625 0.0171875 0.046875
9 0.87265625 0.2578125 0.0171875 0.046875
9 0.7578125 0.3837890625 0.00625 0.013671875
11 0.9625 0.2431640625 0.040625 0.044921875
11 0.046875 0.4013671875 0.01875 0.013671875
9 0.03828125 0.36328125 0.0171875 0.0390625
2 0.3328125 0.4599609375 0.04375 0.033203125
2 0.9265625 0.6748046875 0.14375 0.294921875
0 0.29453125 0.44140625 0.0078125 0.01171875
11 0.98203125 0.3984375 0.0171875 0.015625
10 0.5796875 0.4736328125 0.009375 0.029296875
2 0.3015625 0.458984375 0.025 0.02734375
9 0.06796875 0.361328125 0.0203125 0.0390625
9 0.4953125 0.3056640625 0.009375 0.033203125
9 0.634375 0.3046875 0.009375 0.03515625
11 0.7109375 0.3193359375 0.05 0.021484375
0 0.60078125 0.462890625 0.0140625 0.05078125
2 0.46171875 0.4599609375 0.0734375 0.048828125
2 0.37578125 0.4619140625 0.0609375 0.037109375
2 0.1890625 0.544921875 0.2375 0.1953125
2 0.08671875 0.646484375 0.1734375 0.28515625
2 0.25703125 0.45703125 0.0671875 0.0546875
2 0.04765625 0.478515625 0.0953125 0.0859375
11 0.17109375 0.3828125 0.0203125 0.07421875
9 0.90546875 0.244140625 0.0171875 0.046875
9 0.87265625 0.2578125 0.0171875 0.046875
9 0.7578125 0.3837890625 0.00625 0.013671875
11 0.9625 0.2431640625 0.040625 0.044921875
11 0.046875 0.4013671875 0.01875 0.013671875
9 0.03828125 0.36328125 0.0171875 0.0390625
2 0.3328125 0.4599609375 0.04375 0.033203125
2 0.9265625 0.6748046875 0.14375 0.294921875
0 0.29453125 0.44140625 0.0078125 0.01171875
11 0.98203125 0.3984375 0.0171875 0.015625
10 0.5796875 0.4736328125 0.009375 0.029296875
2 0.3015625 0.458984375 0.025 0.02734375
9 0.06796875 0.361328125 0.0203125 0.0390625
