2 0.95 0.53515625 0.096875 0.296875
2 0.60546875 0.35546875 0.0453125 0.046875
2 0.54375 0.3583984375 0.03125 0.029296875
7 0.53125 0.34375 0.01875 0.03125
7 0.50546875 0.3447265625 0.0140625 0.017578125
2 0.49140625 0.3544921875 0.0171875 0.021484375
2 0.021875 0.392578125 0.04375 0.04296875
2 0.25390625 0.36328125 0.0296875 0.02734375
2 0.22109375 0.357421875 0.0390625 0.0390625
2 0.33515625 0.357421875 0.0171875 0.015625
2 0.3625 0.3515625 0.015625 0.015625
2 0.38359375 0.3505859375 0.0109375 0.009765625
2 0.2984375 0.3583984375 0.015625 0.013671875
2 0.39375 0.3505859375 0.009375 0.009765625
2 0.346875 0.353515625 0.0125 0.01171875
2 0.95 0.53515625 0.096875 0.296875
2 0.60546875 0.35546875 0.0453125 0.046875
2 0.54375 0.3583984375 0.03125 0.029296875
7 0.53125 0.34375 0.01875 0.03125
7 0.50546875 0.3447265625 0.0140625 0.017578125
2 0.49140625 0.3544921875 0.0171875 0.021484375
2 0.021875 0.392578125 0.04375 0.04296875
2 0.25390625 0.36328125 0.0296875 0.02734375
2 0.22109375 0.357421875 0.0390625 0.0390625
2 0.33515625 0.357421875 0.0171875 0.015625
2 0.3625 0.3515625 0.015625 0.015625
2 0.38359375 0.3505859375 0.0109375 0.009765625
2 0.2984375 0.3583984375 0.015625 0.013671875
2 0.39375 0.3505859375 0.009375 0.009765625
2 0.346875 0.353515625 0.0125 0.01171875
