2 0.97890625 0.5927734375 0.0390625 0.302734375
2 0.6015625 0.3583984375 0.04375 0.048828125
2 0.540625 0.3623046875 0.03125 0.029296875
7 0.53046875 0.34375 0.0203125 0.03125
7 0.50546875 0.3466796875 0.0140625 0.017578125
2 0.48984375 0.35546875 0.0171875 0.01953125
2 0.1921875 0.373046875 0.034375 0.02734375
2 0.15078125 0.3662109375 0.0484375 0.048828125
2 0.30859375 0.361328125 0.0171875 0.015625
2 0.34375 0.3564453125 0.01875 0.017578125
2 0.36953125 0.353515625 0.0078125 0.0078125
2 0.27109375 0.36328125 0.0171875 0.015625
2 0.37734375 0.3515625 0.0078125 0.0078125
2 0.32265625 0.357421875 0.0109375 0.01171875
2 0.2109375 0.365234375 0.025 0.0234375
2 0.35703125 0.35546875 0.0078125 0.0078125
2 0.3859375 0.3525390625 0.00625 0.005859375
2 0.97890625 0.5927734375 0.0390625 0.302734375
2 0.6015625 0.3583984375 0.04375 0.048828125
2 0.540625 0.3623046875 0.03125 0.029296875
7 0.53046875 0.34375 0.0203125 0.03125
7 0.50546875 0.3466796875 0.0140625 0.017578125
2 0.48984375 0.35546875 0.0171875 0.01953125
2 0.1921875 0.373046875 0.034375 0.02734375
2 0.15078125 0.3662109375 0.0484375 0.048828125
2 0.30859375 0.361328125 0.0171875 0.015625
2 0.34375 0.3564453125 0.01875 0.017578125
2 0.36953125 0.353515625 0.0078125 0.0078125
2 0.27109375 0.36328125 0.0171875 0.015625
2 0.37734375 0.3515625 0.0078125 0.0078125
2 0.32265625 0.357421875 0.0109375 0.01171875
2 0.2109375 0.365234375 0.025 0.0234375
2 0.35703125 0.35546875 0.0078125 0.0078125
2 0.3859375 0.3525390625 0.00625 0.005859375
