2 0.9 0.5166015625 0.196875 0.392578125
2 0.60859375 0.35546875 0.0453125 0.05078125
2 0.5453125 0.3583984375 0.03125 0.029296875
7 0.53125 0.3408203125 0.01875 0.029296875
7 0.50625 0.3408203125 0.009375 0.009765625
2 0.50546875 0.3486328125 0.0109375 0.009765625
2 0.49140625 0.3515625 0.0171875 0.01953125
2 0.25 0.3642578125 0.028125 0.021484375
2 0.13828125 0.3701171875 0.0546875 0.048828125
2 0.32578125 0.35546875 0.0109375 0.01171875
2 0.334375 0.3544921875 0.0125 0.013671875
7 0.0984375 0.3564453125 0.134375 0.091796875
2 0.31015625 0.3505859375 0.0234375 0.025390625
2 0.3734375 0.349609375 0.009375 0.0078125
2 0.38984375 0.34765625 0.0078125 0.0078125
2 0.403125 0.3486328125 0.00625 0.005859375
2 0.9 0.5166015625 0.196875 0.392578125
2 0.60859375 0.35546875 0.0453125 0.05078125
2 0.5453125 0.3583984375 0.03125 0.029296875
7 0.53125 0.3408203125 0.01875 0.029296875
7 0.50625 0.3408203125 0.009375 0.009765625
2 0.50546875 0.3486328125 0.0109375 0.009765625
2 0.49140625 0.3515625 0.0171875 0.01953125
2 0.25 0.3642578125 0.028125 0.021484375
2 0.13828125 0.3701171875 0.0546875 0.048828125
2 0.32578125 0.35546875 0.0109375 0.01171875
2 0.334375 0.3544921875 0.0125 0.013671875
7 0.0984375 0.3564453125 0.134375 0.091796875
2 0.31015625 0.3505859375 0.0234375 0.025390625
2 0.3734375 0.349609375 0.009375 0.0078125
2 0.38984375 0.34765625 0.0078125 0.0078125
2 0.403125 0.3486328125 0.00625 0.005859375
