2 0.72734375 0.4873046875 0.0609375 0.060546875
9 0.490625 0.2392578125 0.01875 0.060546875
9 0.65390625 0.228515625 0.0171875 0.0625
11 0.53828125 0.2177734375 0.0265625 0.041015625
11 0.78671875 0.2578125 0.0828125 0.03515625
11 0.04375 0.2880859375 0.0375 0.048828125
9 0.02890625 0.3798828125 0.0171875 0.017578125
9 0.0828125 0.376953125 0.01875 0.015625
11 0.05234375 0.40234375 0.0609375 0.01953125
11 0.8484375 0.3212890625 0.028125 0.044921875
0 0.903125 0.5205078125 0.028125 0.107421875
0 0.8828125 0.4931640625 0.028125 0.091796875
2 0.57265625 0.494140625 0.0453125 0.05078125
11 0.63828125 0.4169921875 0.0171875 0.029296875
2 0.146875 0.52734375 0.078125 0.0625
2 0.0875 0.521484375 0.0625 0.05859375
0 0.48515625 0.482421875 0.0109375 0.03515625
2 0.19765625 0.5087890625 0.0328125 0.037109375
2 0.34140625 0.4951171875 0.0234375 0.017578125
11 0.0484375 0.330078125 0.028125 0.03125
2 0.93359375 0.4580078125 0.0546875 0.029296875
2 0.86875 0.46484375 0.021875 0.01953125
2 0.22265625 0.501953125 0.0359375 0.0390625
2 0.2453125 0.5009765625 0.021875 0.033203125
2 0.72734375 0.4873046875 0.0609375 0.060546875
9 0.490625 0.2392578125 0.01875 0.060546875
9 0.65390625 0.228515625 0.0171875 0.0625
11 0.53828125 0.2177734375 0.0265625 0.041015625
11 0.78671875 0.2578125 0.0828125 0.03515625
11 0.04375 0.2880859375 0.0375 0.048828125
9 0.02890625 0.3798828125 0.0171875 0.017578125
9 0.0828125 0.376953125 0.01875 0.015625
11 0.05234375 0.40234375 0.0609375 0.01953125
11 0.8484375 0.3212890625 0.028125 0.044921875
0 0.903125 0.5205078125 0.028125 0.107421875
0 0.8828125 0.4931640625 0.028125 0.091796875
2 0.57265625 0.494140625 0.0453125 0.05078125
11 0.63828125 0.4169921875 0.0171875 0.029296875
2 0.146875 0.52734375 0.078125 0.0625
2 0.0875 0.521484375 0.0625 0.05859375
0 0.48515625 0.482421875 0.0109375 0.03515625
2 0.19765625 0.5087890625 0.0328125 0.037109375
2 0.34140625 0.4951171875 0.0234375 0.017578125
11 0.0484375 0.330078125 0.028125 0.03125
2 0.93359375 0.4580078125 0.0546875 0.029296875
2 0.86875 0.46484375 0.021875 0.01953125
2 0.22265625 0.501953125 0.0359375 0.0390625
2 0.2453125 0.5009765625 0.021875 0.033203125
