2 0.91875 0.474609375 0.159375 0.30859375
2 0.60703125 0.3544921875 0.0421875 0.048828125
2 0.54375 0.357421875 0.03125 0.02734375
7 0.53203125 0.341796875 0.0171875 0.02734375
7 0.50546875 0.3447265625 0.0109375 0.017578125
2 0.490625 0.353515625 0.015625 0.01953125
2 0.18359375 0.3701171875 0.0390625 0.029296875
2 0.0171875 0.380859375 0.034375 0.05859375
2 0.3078125 0.357421875 0.01875 0.015625
7 0.02578125 0.3466796875 0.0515625 0.076171875
2 0.278125 0.3525390625 0.028125 0.029296875
2 0.3609375 0.3525390625 0.015625 0.013671875
2 0.378125 0.3505859375 0.0125 0.013671875
2 0.39609375 0.349609375 0.0078125 0.0078125
2 0.3265625 0.35546875 0.0125 0.01171875
2 0.91875 0.474609375 0.159375 0.30859375
2 0.60703125 0.3544921875 0.0421875 0.048828125
2 0.54375 0.357421875 0.03125 0.02734375
7 0.53203125 0.341796875 0.0171875 0.02734375
7 0.50546875 0.3447265625 0.0109375 0.017578125
2 0.490625 0.353515625 0.015625 0.01953125
2 0.18359375 0.3701171875 0.0390625 0.029296875
2 0.0171875 0.380859375 0.034375 0.05859375
2 0.3078125 0.357421875 0.01875 0.015625
7 0.02578125 0.3466796875 0.0515625 0.076171875
2 0.278125 0.3525390625 0.028125 0.029296875
2 0.3609375 0.3525390625 0.015625 0.013671875
2 0.378125 0.3505859375 0.0125 0.013671875
2 0.39609375 0.349609375 0.0078125 0.0078125
2 0.3265625 0.35546875 0.0125 0.01171875
