9 0.50703125 0.302734375 0.0078125 0.03125
9 0.63125 0.3037109375 0.009375 0.033203125
11 0.7 0.314453125 0.04375 0.01953125
0 0.6015625 0.447265625 0.0125 0.046875
0 0.5046875 0.443359375 0.009375 0.0390625
2 0.4734375 0.4423828125 0.065625 0.044921875
2 0.39296875 0.443359375 0.0578125 0.03515625
2 0.29453125 0.5009765625 0.1546875 0.138671875
2 0.16875 0.5556640625 0.259375 0.177734375
2 0.28515625 0.42578125 0.0578125 0.01953125
2 0.1265625 0.4453125 0.128125 0.0546875
11 0.24765625 0.3740234375 0.0359375 0.052734375
9 0.86015625 0.25390625 0.0171875 0.04296875
9 0.8375 0.2646484375 0.015625 0.044921875
9 0.7421875 0.3740234375 0.00625 0.013671875
11 0.9046875 0.2578125 0.028125 0.03515625
11 0.13125 0.390625 0.015625 0.015625
9 0.15234375 0.3583984375 0.0109375 0.029296875
2 0.06640625 0.4716796875 0.1078125 0.068359375
9 0.12109375 0.36328125 0.0109375 0.02734375
2 0.04609375 0.50390625 0.0703125 0.078125
2 0.01171875 0.49609375 0.0234375 0.1015625
2 0.23125 0.4345703125 0.01875 0.025390625
2 0.35390625 0.443359375 0.0359375 0.03125
2 0.96875 0.7158203125 0.059375 0.185546875
0 0.31953125 0.42578125 0.0078125 0.01171875
9 0.50703125 0.302734375 0.0078125 0.03125
9 0.63125 0.3037109375 0.009375 0.033203125
11 0.7 0.314453125 0.04375 0.01953125
0 0.6015625 0.447265625 0.0125 0.046875
0 0.5046875 0.443359375 0.009375 0.0390625
2 0.4734375 0.4423828125 0.065625 0.044921875
2 0.39296875 0.443359375 0.0578125 0.03515625
2 0.29453125 0.5009765625 0.1546875 0.138671875
2 0.16875 0.5556640625 0.259375 0.177734375
2 0.28515625 0.42578125 0.0578125 0.01953125
2 0.1265625 0.4453125 0.128125 0.0546875
11 0.24765625 0.3740234375 0.0359375 0.052734375
9 0.86015625 0.25390625 0.0171875 0.04296875
9 0.8375 0.2646484375 0.015625 0.044921875
9 0.7421875 0.3740234375 0.00625 0.013671875
11 0.9046875 0.2578125 0.028125 0.03515625
11 0.13125 0.390625 0.015625 0.015625
9 0.15234375 0.3583984375 0.0109375 0.029296875
2 0.06640625 0.4716796875 0.1078125 0.068359375
9 0.12109375 0.36328125 0.0109375 0.02734375
2 0.04609375 0.50390625 0.0703125 0.078125
2 0.01171875 0.49609375 0.0234375 0.1015625
2 0.23125 0.4345703125 0.01875 0.025390625
2 0.35390625 0.443359375 0.0359375 0.03125
2 0.96875 0.7158203125 0.059375 0.185546875
0 0.31953125 0.42578125 0.0078125 0.01171875
