9 0.50546875 0.306640625 0.0078125 0.03125
9 0.6328125 0.3056640625 0.009375 0.033203125
11 0.70234375 0.318359375 0.0453125 0.01953125
0 0.6015625 0.44921875 0.0125 0.046875
2 0.4734375 0.4462890625 0.06875 0.044921875
2 0.39140625 0.4462890625 0.0578125 0.033203125
2 0.28671875 0.5078125 0.1546875 0.14453125
2 0.14296875 0.5673828125 0.2828125 0.189453125
2 0.2828125 0.4287109375 0.059375 0.017578125
2 0.12109375 0.44921875 0.1296875 0.0546875
11 0.2390625 0.375 0.034375 0.05078125
9 0.86796875 0.2578125 0.0171875 0.046875
9 0.84296875 0.267578125 0.0140625 0.04296875
9 0.7453125 0.3759765625 0.00625 0.013671875
11 0.9125 0.259765625 0.028125 0.03515625
11 0.121875 0.39453125 0.015625 0.015625
9 0.14296875 0.3583984375 0.0109375 0.029296875
2 0.0578125 0.4677734375 0.115625 0.060546875
9 0.1109375 0.3623046875 0.0125 0.037109375
2 0.03359375 0.51171875 0.0671875 0.08203125
2 0.225 0.435546875 0.015625 0.015625
2 0.3515625 0.4462890625 0.040625 0.029296875
2 0.96171875 0.6962890625 0.0734375 0.205078125
0 0.31640625 0.427734375 0.0078125 0.01171875
9 0.50546875 0.306640625 0.0078125 0.03125
9 0.6328125 0.3056640625 0.009375 0.033203125
11 0.70234375 0.318359375 0.0453125 0.01953125
0 0.6015625 0.44921875 0.0125 0.046875
2 0.4734375 0.4462890625 0.06875 0.044921875
2 0.39140625 0.4462890625 0.0578125 0.033203125
2 0.28671875 0.5078125 0.1546875 0.14453125
2 0.14296875 0.5673828125 0.2828125 0.189453125
2 0.2828125 0.4287109375 0.059375 0.017578125
2 0.12109375 0.44921875 0.1296875 0.0546875
11 0.2390625 0.375 0.034375 0.05078125
9 0.86796875 0.2578125 0.0171875 0.046875
9 0.84296875 0.267578125 0.0140625 0.04296875
9 0.7453125 0.3759765625 0.00625 0.013671875
11 0.9125 0.259765625 0.028125 0.03515625
11 0.121875 0.39453125 0.015625 0.015625
9 0.14296875 0.3583984375 0.0109375 0.029296875
2 0.0578125 0.4677734375 0.115625 0.060546875
9 0.1109375 0.3623046875 0.0125 0.037109375
2 0.03359375 0.51171875 0.0671875 0.08203125
2 0.225 0.435546875 0.015625 0.015625
2 0.3515625 0.4462890625 0.040625 0.029296875
2 0.96171875 0.6962890625 0.0734375 0.205078125
0 0.31640625 0.427734375 0.0078125 0.01171875
