9 0.68359375 0.0419921875 0.0296875 0.083984375
2 0.615625 0.5244140625 0.16875 0.119140625
2 0.45625 0.513671875 0.109375 0.0703125
2 0.13828125 0.51171875 0.1171875 0.13671875
2 0.3953125 0.5068359375 0.05625 0.056640625
0 0.35234375 0.4716796875 0.0109375 0.013671875
10 0.9421875 0.580078125 0.028125 0.0859375
2 0.35390625 0.5029296875 0.0515625 0.044921875
11 0.00625 0.2958984375 0.0125 0.083984375
11 0.59765625 0.431640625 0.0109375 0.0234375
2 0.325 0.5 0.040625 0.04296875
10 0.0515625 0.55078125 0.015625 0.0546875
2 0.2984375 0.4833984375 0.05 0.048828125
11 0.01015625 0.427734375 0.0203125 0.01953125
0 0.21953125 0.4853515625 0.0109375 0.037109375
11 0.321875 0.4541015625 0.0125 0.013671875
9 0.68359375 0.0419921875 0.0296875 0.083984375
2 0.615625 0.5244140625 0.16875 0.119140625
2 0.45625 0.513671875 0.109375 0.0703125
2 0.13828125 0.51171875 0.1171875 0.13671875
2 0.3953125 0.5068359375 0.05625 0.056640625
0 0.35234375 0.4716796875 0.0109375 0.013671875
10 0.9421875 0.580078125 0.028125 0.0859375
2 0.35390625 0.5029296875 0.0515625 0.044921875
11 0.00625 0.2958984375 0.0125 0.083984375
11 0.59765625 0.431640625 0.0109375 0.0234375
2 0.325 0.5 0.040625 0.04296875
10 0.0515625 0.55078125 0.015625 0.0546875
2 0.2984375 0.4833984375 0.05 0.048828125
11 0.01015625 0.427734375 0.0203125 0.01953125
0 0.21953125 0.4853515625 0.0109375 0.037109375
11 0.321875 0.4541015625 0.0125 0.013671875
