2 0.7890625 0.5341796875 0.2625 0.185546875
2 0.55859375 0.5068359375 0.1390625 0.091796875
2 0.11015625 0.517578125 0.1546875 0.19140625
2 0.48359375 0.494140625 0.0671875 0.0703125
0 0.434375 0.451171875 0.0125 0.015625
2 0.43359375 0.4853515625 0.0578125 0.052734375
11 0.7453125 0.3974609375 0.0125 0.033203125
2 0.40625 0.4833984375 0.040625 0.048828125
2 0.38125 0.466796875 0.05625 0.0546875
0 0.2859375 0.4638671875 0.0125 0.041015625
11 0.4109375 0.4287109375 0.015625 0.017578125
2 0.209375 0.4697265625 0.046875 0.044921875
0 0.7125 0.45703125 0.01875 0.03125
2 0.7890625 0.5341796875 0.2625 0.185546875
2 0.55859375 0.5068359375 0.1390625 0.091796875
2 0.11015625 0.517578125 0.1546875 0.19140625
2 0.48359375 0.494140625 0.0671875 0.0703125
0 0.434375 0.451171875 0.0125 0.015625
2 0.43359375 0.4853515625 0.0578125 0.052734375
11 0.7453125 0.3974609375 0.0125 0.033203125
2 0.40625 0.4833984375 0.040625 0.048828125
2 0.38125 0.466796875 0.05625 0.0546875
0 0.2859375 0.4638671875 0.0125 0.041015625
11 0.4109375 0.4287109375 0.015625 0.017578125
2 0.209375 0.4697265625 0.046875 0.044921875
0 0.7125 0.45703125 0.01875 0.03125
