9 0.4984375 0.3056640625 0.009375 0.033203125
9 0.634375 0.3046875 0.009375 0.03515625
11 0.70703125 0.318359375 0.0484375 0.01953125
0 0.6 0.458984375 0.0125 0.05078125
2 0.465625 0.4541015625 0.071875 0.048828125
2 0.38046875 0.455078125 0.0609375 0.03515625
2 0.22265625 0.5302734375 0.2078125 0.177734375
2 0.10703125 0.6142578125 0.2140625 0.251953125
2 0.2640625 0.44921875 0.065625 0.046875
2 0.06484375 0.4609375 0.1296875 0.06640625
11 0.19765625 0.37890625 0.0203125 0.0703125
9 0.89140625 0.248046875 0.0171875 0.046875
9 0.8640625 0.26171875 0.015625 0.046875
9 0.753125 0.3818359375 0.00625 0.013671875
11 0.946875 0.25 0.034375 0.04296875
11 0.0703125 0.3955078125 0.01875 0.013671875
9 0.059375 0.361328125 0.0125 0.0390625
2 0.3375 0.453125 0.04375 0.03125
2 0.93515625 0.6806640625 0.1265625 0.251953125
0 0.30234375 0.435546875 0.0078125 0.01171875
11 0.96171875 0.400390625 0.0203125 0.015625
10 0.58125 0.46875 0.009375 0.02734375
2 0.30859375 0.4521484375 0.0234375 0.025390625
9 0.9921875 0.359375 0.0125 0.03125
9 0.0890625 0.3583984375 0.0125 0.033203125
9 0.4984375 0.3056640625 0.009375 0.033203125
9 0.634375 0.3046875 0.009375 0.03515625
11 0.70703125 0.318359375 0.0484375 0.01953125
0 0.6 0.458984375 0.0125 0.05078125
2 0.465625 0.4541015625 0.071875 0.048828125
2 0.38046875 0.455078125 0.0609375 0.03515625
2 0.22265625 0.5302734375 0.2078125 0.177734375
2 0.10703125 0.6142578125 0.2140625 0.251953125
2 0.2640625 0.44921875 0.065625 0.046875
2 0.06484375 0.4609375 0.1296875 0.06640625
11 0.19765625 0.37890625 0.0203125 0.0703125
9 0.89140625 0.248046875 0.0171875 0.046875
9 0.8640625 0.26171875 0.015625 0.046875
9 0.753125 0.3818359375 0.00625 0.013671875
11 0.946875 0.25 0.034375 0.04296875
11 0.0703125 0.3955078125 0.01875 0.013671875
9 0.059375 0.361328125 0.0125 0.0390625
2 0.3375 0.453125 0.04375 0.03125
2 0.93515625 0.6806640625 0.1265625 0.251953125
0 0.30234375 0.435546875 0.0078125 0.01171875
11 0.96171875 0.400390625 0.0203125 0.015625
10 0.58125 0.46875 0.009375 0.02734375
2 0.30859375 0.4521484375 0.0234375 0.025390625
9 0.9921875 0.359375 0.0125 0.03125
9 0.0890625 0.3583984375 0.0125 0.033203125
