9 0.5015625 0.1630859375 0.01875 0.064453125
9 0.7703125 0.15625 0.01875 0.06640625
11 0.9125 0.1865234375 0.09375 0.041015625
0 0.69921875 0.4599609375 0.0265625 0.091796875
2 0.4625 0.4482421875 0.115625 0.080078125
2 0.34375 0.4462890625 0.0875 0.052734375
2 0.1296875 0.44921875 0.09375 0.09375
9 0.99609375 0.30859375 0.0046875 0.01953125
2 0.29296875 0.4443359375 0.0515625 0.044921875
0 0.246875 0.419921875 0.009375 0.015625
10 0.66171875 0.4736328125 0.0171875 0.048828125
2 0.25234375 0.4423828125 0.0484375 0.037109375
9 0.04453125 0.34765625 0.0140625 0.01953125
11 0.021875 0.2451171875 0.04375 0.033203125
11 0.04375 0.30859375 0.025 0.05859375
2 0.075 0.4541015625 0.01875 0.056640625
11 0.45078125 0.3857421875 0.0078125 0.017578125
2 0.22265625 0.4404296875 0.0359375 0.037109375
10 0.07109375 0.4892578125 0.0109375 0.029296875
2 0.19453125 0.4326171875 0.0421875 0.044921875
11 0.04921875 0.392578125 0.0171875 0.01171875
9 0.5015625 0.1630859375 0.01875 0.064453125
9 0.7703125 0.15625 0.01875 0.06640625
11 0.9125 0.1865234375 0.09375 0.041015625
0 0.69921875 0.4599609375 0.0265625 0.091796875
2 0.4625 0.4482421875 0.115625 0.080078125
2 0.34375 0.4462890625 0.0875 0.052734375
2 0.1296875 0.44921875 0.09375 0.09375
9 0.99609375 0.30859375 0.0046875 0.01953125
2 0.29296875 0.4443359375 0.0515625 0.044921875
0 0.246875 0.419921875 0.009375 0.015625
10 0.66171875 0.4736328125 0.0171875 0.048828125
2 0.25234375 0.4423828125 0.0484375 0.037109375
9 0.04453125 0.34765625 0.0140625 0.01953125
11 0.021875 0.2451171875 0.04375 0.033203125
11 0.04375 0.30859375 0.025 0.05859375
2 0.075 0.4541015625 0.01875 0.056640625
11 0.45078125 0.3857421875 0.0078125 0.017578125
2 0.22265625 0.4404296875 0.0359375 0.037109375
10 0.07109375 0.4892578125 0.0109375 0.029296875
2 0.19453125 0.4326171875 0.0421875 0.044921875
11 0.04921875 0.392578125 0.0171875 0.01171875
