2 0.88828125 0.5361328125 0.2203125 0.224609375
2 0.66875 0.447265625 0.04375 0.04296875
2 0.57890625 0.443359375 0.0109375 0.01171875
2 0.5203125 0.4443359375 0.021875 0.021484375
0 0.48828125 0.4443359375 0.0078125 0.029296875
9 0.5125 0.3037109375 0.009375 0.037109375
9 0.6046875 0.2978515625 0.009375 0.037109375
11 0.53984375 0.291015625 0.0140625 0.0234375
11 0.67890625 0.3134765625 0.0484375 0.017578125
11 0.27109375 0.330078125 0.0203125 0.0234375
9 0.26015625 0.380859375 0.0078125 0.0078125
9 0.29296875 0.3798828125 0.0078125 0.009765625
0 0.50625 0.4658203125 0.021875 0.060546875
0 0.24296875 0.4853515625 0.0296875 0.115234375
0 0.21328125 0.48828125 0.0296875 0.1171875
9 0.20078125 0.251953125 0.0140625 0.046875
9 0.259375 0.2763671875 0.0125 0.044921875
2 0.95234375 0.5771484375 0.0921875 0.279296875
2 0.29453125 0.462890625 0.0359375 0.04296875
11 0.2734375 0.3935546875 0.028125 0.009765625
0 0.1125 0.48828125 0.03125 0.09765625
0 0.08125 0.455078125 0.0125 0.015625
2 0.16796875 0.4755859375 0.0390625 0.037109375
2 0.36328125 0.4521484375 0.0203125 0.025390625
2 0.07421875 0.484375 0.0640625 0.046875
11 0.88203125 0.3720703125 0.0296875 0.033203125
11 0.8828125 0.33984375 0.046875 0.0234375
9 0.8375 0.3193359375 0.01875 0.017578125
9 0.8859375 0.30859375 0.021875 0.015625
11 0.715625 0.3515625 0.015625 0.02734375
2 0.40546875 0.4482421875 0.0203125 0.025390625
2 0.1296875 0.474609375 0.046875 0.04296875
2 0.88828125 0.5361328125 0.2203125 0.224609375
2 0.66875 0.447265625 0.04375 0.04296875
2 0.57890625 0.443359375 0.0109375 0.01171875
2 0.5203125 0.4443359375 0.021875 0.021484375
0 0.48828125 0.4443359375 0.0078125 0.029296875
9 0.5125 0.3037109375 0.009375 0.037109375
9 0.6046875 0.2978515625 0.009375 0.037109375
11 0.53984375 0.291015625 0.0140625 0.0234375
11 0.67890625 0.3134765625 0.0484375 0.017578125
11 0.27109375 0.330078125 0.0203125 0.0234375
9 0.26015625 0.380859375 0.0078125 0.0078125
9 0.29296875 0.3798828125 0.0078125 0.009765625
0 0.50625 0.4658203125 0.021875 0.060546875
0 0.24296875 0.4853515625 0.0296875 0.115234375
0 0.21328125 0.48828125 0.0296875 0.1171875
9 0.20078125 0.251953125 0.0140625 0.046875
9 0.259375 0.2763671875 0.0125 0.044921875
2 0.95234375 0.5771484375 0.0921875 0.279296875
2 0.29453125 0.462890625 0.0359375 0.04296875
11 0.2734375 0.3935546875 0.028125 0.009765625
0 0.1125 0.48828125 0.03125 0.09765625
0 0.08125 0.455078125 0.0125 0.015625
2 0.16796875 0.4755859375 0.0390625 0.037109375
2 0.36328125 0.4521484375 0.0203125 0.025390625
2 0.07421875 0.484375 0.0640625 0.046875
11 0.88203125 0.3720703125 0.0296875 0.033203125
11 0.8828125 0.33984375 0.046875 0.0234375
9 0.8375 0.3193359375 0.01875 0.017578125
9 0.8859375 0.30859375 0.021875 0.015625
11 0.715625 0.3515625 0.015625 0.02734375
2 0.40546875 0.4482421875 0.0203125 0.025390625
2 0.1296875 0.474609375 0.046875 0.04296875
