2 0.51484375 0.62890625 0.0203125 0.0234375
2 0.52578125 0.6240234375 0.0171875 0.021484375
2 0.53828125 0.6181640625 0.0078125 0.009765625
2 0.54609375 0.6142578125 0.0078125 0.009765625
78 0.878125 0.6328125 0.09375 0.1953125
78 0.934375 0.623046875 0.128125 0.56640625
2 0.51484375 0.62890625 0.0203125 0.0234375
2 0.52578125 0.6240234375 0.0171875 0.021484375
2 0.53828125 0.6181640625 0.0078125 0.009765625
2 0.54609375 0.6142578125 0.0078125 0.009765625
78 0.878125 0.6328125 0.09375 0.1953125
78 0.934375 0.623046875 0.128125 0.56640625
