0 0.72421875 0.3779296875 0.0203125 0.076171875
0 0.68203125 0.384765625 0.0203125 0.078125
0 0.6 0.375 0.01875 0.0625
2 0.39921875 0.3818359375 0.0515625 0.048828125
2 0.42734375 0.3759765625 0.0234375 0.037109375
2 0.45859375 0.365234375 0.0140625 0.0234375
2 0.48203125 0.3779296875 0.0359375 0.037109375
2 0.5625 0.3798828125 0.040625 0.041015625
2 0.53828125 0.375 0.0234375 0.03125
11 0.25078125 0.123046875 0.0390625 0.0546875
9 0.41875 0.134765625 0.015625 0.0546875
9 0.4421875 0.134765625 0.0125 0.05078125
9 0.40078125 0.1376953125 0.0109375 0.052734375
2 0.496875 0.373046875 0.021875 0.03125
9 0.46953125 0.3095703125 0.0046875 0.013671875
3 0.2546875 0.390625 0.021875 0.0390625
11 0.97578125 0.31640625 0.0453125 0.078125
9 0.97734375 0.1884765625 0.0421875 0.025390625
9 0.990625 0.236328125 0.015625 0.04296875
2 0.16171875 0.3974609375 0.0578125 0.044921875
2 0.5125 0.365234375 0.015625 0.01953125
9 0.95 0.228515625 0.028125 0.0390625
0 0.0546875 0.38671875 0.015625 0.03515625
0 0.103125 0.376953125 0.0125 0.015625
2 0.359375 0.373046875 0.0375 0.04296875
11 0.6703125 0.314453125 0.025 0.03125
3 0.45078125 0.3740234375 0.0109375 0.017578125
0 0.45078125 0.3662109375 0.0109375 0.025390625
10 0.940625 0.40234375 0.0125 0.02734375
0 0.1359375 0.3740234375 0.009375 0.017578125
0 0.07578125 0.3876953125 0.0109375 0.013671875
0 0.084375 0.3828125 0.009375 0.01171875
0 0.03203125 0.400390625 0.0109375 0.0234375
1 0.1203125 0.4072265625 0.015625 0.021484375
9 0.0203125 0.0947265625 0.01875 0.056640625
9 0.67109375 0.2783203125 0.0078125 0.013671875
0 0.2546875 0.380859375 0.015625 0.0390625
0 0.76484375 0.3818359375 0.0203125 0.068359375
2 0.31796875 0.3798828125 0.0609375 0.056640625
0 0.72421875 0.3779296875 0.0203125 0.076171875
0 0.68203125 0.384765625 0.0203125 0.078125
0 0.6 0.375 0.01875 0.0625
2 0.39921875 0.3818359375 0.0515625 0.048828125
2 0.42734375 0.3759765625 0.0234375 0.037109375
2 0.45859375 0.365234375 0.0140625 0.0234375
2 0.48203125 0.3779296875 0.0359375 0.037109375
2 0.5625 0.3798828125 0.040625 0.041015625
2 0.53828125 0.375 0.0234375 0.03125
11 0.25078125 0.123046875 0.0390625 0.0546875
9 0.41875 0.134765625 0.015625 0.0546875
9 0.4421875 0.134765625 0.0125 0.05078125
9 0.40078125 0.1376953125 0.0109375 0.052734375
2 0.496875 0.373046875 0.021875 0.03125
9 0.46953125 0.3095703125 0.0046875 0.013671875
3 0.2546875 0.390625 0.021875 0.0390625
11 0.97578125 0.31640625 0.0453125 0.078125
9 0.97734375 0.1884765625 0.0421875 0.025390625
9 0.990625 0.236328125 0.015625 0.04296875
2 0.16171875 0.3974609375 0.0578125 0.044921875
2 0.5125 0.365234375 0.015625 0.01953125
9 0.95 0.228515625 0.028125 0.0390625
0 0.0546875 0.38671875 0.015625 0.03515625
0 0.103125 0.376953125 0.0125 0.015625
2 0.359375 0.373046875 0.0375 0.04296875
11 0.6703125 0.314453125 0.025 0.03125
3 0.45078125 0.3740234375 0.0109375 0.017578125
0 0.45078125 0.3662109375 0.0109375 0.025390625
10 0.940625 0.40234375 0.0125 0.02734375
0 0.1359375 0.3740234375 0.009375 0.017578125
0 0.07578125 0.3876953125 0.0109375 0.013671875
0 0.084375 0.3828125 0.009375 0.01171875
0 0.03203125 0.400390625 0.0109375 0.0234375
1 0.1203125 0.4072265625 0.015625 0.021484375
9 0.0203125 0.0947265625 0.01875 0.056640625
9 0.67109375 0.2783203125 0.0078125 0.013671875
0 0.2546875 0.380859375 0.015625 0.0390625
0 0.76484375 0.3818359375 0.0203125 0.068359375
2 0.31796875 0.3798828125 0.0609375 0.056640625
