2 0.3984375 0.3857421875 0.071875 0.068359375
2 0.7359375 0.419921875 0.14375 0.1171875
2 0.1625 0.384765625 0.10625 0.09765625
2 0.45703125 0.3701171875 0.0453125 0.041015625
0 0.1109375 0.3642578125 0.009375 0.021484375
2 0.47890625 0.3525390625 0.0140625 0.017578125
2 0.9671875 0.5830078125 0.0625 0.181640625
0 0.10390625 0.3759765625 0.0109375 0.041015625
0 0.6359375 0.361328125 0.009375 0.046875
2 0.49609375 0.3525390625 0.0109375 0.013671875
2 0.5390625 0.361328125 0.021875 0.0234375
2 0.509375 0.353515625 0.0125 0.015625
0 0.6546875 0.3642578125 0.015625 0.044921875
0 0.7703125 0.3515625 0.0125 0.03125
0 0.790625 0.357421875 0.01875 0.04296875
3 0.87890625 0.490234375 0.1859375 0.13671875
3 0.78828125 0.462890625 0.1296875 0.12109375
2 0.26953125 0.373046875 0.0421875 0.0390625
2 0.5234375 0.3515625 0.009375 0.01171875
9 0.46640625 0.2998046875 0.0078125 0.017578125
9 0.43203125 0.30078125 0.0078125 0.01953125
11 0.29921875 0.3935546875 0.0109375 0.029296875
11 0.76484375 0.2548828125 0.0671875 0.013671875
11 0.76484375 0.267578125 0.0671875 0.01171875
11 0.76484375 0.28125 0.0671875 0.01171875
11 0.75234375 0.294921875 0.0421875 0.01171875
11 0.390625 0.302734375 0.0125 0.015625
2 0.36328125 0.3623046875 0.0140625 0.017578125
11 0.778125 0.3115234375 0.01875 0.017578125
11 0.778125 0.2939453125 0.01875 0.017578125
2 0.43125 0.35546875 0.015625 0.01953125
2 0.94765625 0.3720703125 0.0390625 0.033203125
2 0.31484375 0.3779296875 0.0609375 0.056640625
2 0.35234375 0.3681640625 0.0140625 0.025390625
2 0.42109375 0.357421875 0.0140625 0.015625
0 0.25234375 0.361328125 0.0078125 0.015625
2 0.3984375 0.3857421875 0.071875 0.068359375
2 0.7359375 0.419921875 0.14375 0.1171875
2 0.1625 0.384765625 0.10625 0.09765625
2 0.45703125 0.3701171875 0.0453125 0.041015625
0 0.1109375 0.3642578125 0.009375 0.021484375
2 0.47890625 0.3525390625 0.0140625 0.017578125
2 0.9671875 0.5830078125 0.0625 0.181640625
0 0.10390625 0.3759765625 0.0109375 0.041015625
0 0.6359375 0.361328125 0.009375 0.046875
2 0.49609375 0.3525390625 0.0109375 0.013671875
2 0.5390625 0.361328125 0.021875 0.0234375
2 0.509375 0.353515625 0.0125 0.015625
0 0.6546875 0.3642578125 0.015625 0.044921875
0 0.7703125 0.3515625 0.0125 0.03125
0 0.790625 0.357421875 0.01875 0.04296875
3 0.87890625 0.490234375 0.1859375 0.13671875
3 0.78828125 0.462890625 0.1296875 0.12109375
2 0.26953125 0.373046875 0.0421875 0.0390625
2 0.5234375 0.3515625 0.009375 0.01171875
9 0.46640625 0.2998046875 0.0078125 0.017578125
9 0.43203125 0.30078125 0.0078125 0.01953125
11 0.29921875 0.3935546875 0.0109375 0.029296875
11 0.76484375 0.2548828125 0.0671875 0.013671875
11 0.76484375 0.267578125 0.0671875 0.01171875
11 0.76484375 0.28125 0.0671875 0.01171875
11 0.75234375 0.294921875 0.0421875 0.01171875
11 0.390625 0.302734375 0.0125 0.015625
2 0.36328125 0.3623046875 0.0140625 0.017578125
11 0.778125 0.3115234375 0.01875 0.017578125
11 0.778125 0.2939453125 0.01875 0.017578125
2 0.43125 0.35546875 0.015625 0.01953125
2 0.94765625 0.3720703125 0.0390625 0.033203125
2 0.31484375 0.3779296875 0.0609375 0.056640625
2 0.35234375 0.3681640625 0.0140625 0.025390625
2 0.42109375 0.357421875 0.0140625 0.015625
0 0.25234375 0.361328125 0.0078125 0.015625
