0 0.9390625 0.443359375 0.0375 0.1796875
0 0.7140625 0.40625 0.03125 0.1328125
2 0.36484375 0.3955078125 0.0703125 0.068359375
2 0.4015625 0.3837890625 0.040625 0.048828125
2 0.45859375 0.3623046875 0.0171875 0.021484375
2 0.48125 0.3828125 0.046875 0.046875
2 0.609375 0.3984375 0.065625 0.0703125
2 0.559375 0.38671875 0.025 0.046875
2 0.4984375 0.3759765625 0.025 0.037109375
9 0.465625 0.30078125 0.00625 0.015625
2 0.51640625 0.3642578125 0.0171875 0.021484375
2 0.1828125 0.3974609375 0.1125 0.107421875
11 0.871875 0.2783203125 0.05 0.064453125
9 0.89296875 0.20703125 0.0296875 0.03515625
9 0.415625 0.30078125 0.00625 0.015625
2 0.58359375 0.392578125 0.0421875 0.05859375
2 0.54453125 0.37890625 0.0234375 0.0390625
0 0.99453125 0.4169921875 0.0078125 0.126953125
0 0.91953125 0.4384765625 0.0359375 0.169921875
2 0.53515625 0.3720703125 0.0171875 0.033203125
2 0.44140625 0.3642578125 0.0234375 0.029296875
2 0.32265625 0.37109375 0.0453125 0.03125
0 0.67734375 0.3740234375 0.0140625 0.048828125
2 0.25390625 0.3818359375 0.0203125 0.029296875
0 0.04609375 0.4033203125 0.0171875 0.064453125
2 0.41328125 0.365234375 0.0203125 0.02734375
2 0.0203125 0.427734375 0.040625 0.078125
0 0.2890625 0.3759765625 0.009375 0.021484375
3 0.45 0.376953125 0.009375 0.01953125
3 0.4296875 0.3779296875 0.009375 0.021484375
0 0.4296875 0.3681640625 0.009375 0.025390625
0 0.4515625 0.3671875 0.009375 0.02734375
0 0.9390625 0.443359375 0.0375 0.1796875
0 0.7140625 0.40625 0.03125 0.1328125
2 0.36484375 0.3955078125 0.0703125 0.068359375
2 0.4015625 0.3837890625 0.040625 0.048828125
2 0.45859375 0.3623046875 0.0171875 0.021484375
2 0.48125 0.3828125 0.046875 0.046875
2 0.609375 0.3984375 0.065625 0.0703125
2 0.559375 0.38671875 0.025 0.046875
2 0.4984375 0.3759765625 0.025 0.037109375
9 0.465625 0.30078125 0.00625 0.015625
2 0.51640625 0.3642578125 0.0171875 0.021484375
2 0.1828125 0.3974609375 0.1125 0.107421875
11 0.871875 0.2783203125 0.05 0.064453125
9 0.89296875 0.20703125 0.0296875 0.03515625
9 0.415625 0.30078125 0.00625 0.015625
2 0.58359375 0.392578125 0.0421875 0.05859375
2 0.54453125 0.37890625 0.0234375 0.0390625
0 0.99453125 0.4169921875 0.0078125 0.126953125
0 0.91953125 0.4384765625 0.0359375 0.169921875
2 0.53515625 0.3720703125 0.0171875 0.033203125
2 0.44140625 0.3642578125 0.0234375 0.029296875
2 0.32265625 0.37109375 0.0453125 0.03125
0 0.67734375 0.3740234375 0.0140625 0.048828125
2 0.25390625 0.3818359375 0.0203125 0.029296875
0 0.04609375 0.4033203125 0.0171875 0.064453125
2 0.41328125 0.365234375 0.0203125 0.02734375
2 0.0203125 0.427734375 0.040625 0.078125
0 0.2890625 0.3759765625 0.009375 0.021484375
3 0.45 0.376953125 0.009375 0.01953125
3 0.4296875 0.3779296875 0.009375 0.021484375
0 0.4296875 0.3681640625 0.009375 0.025390625
0 0.4515625 0.3671875 0.009375 0.02734375
