2 0.5875 0.3515625 0.040625 0.04296875
2 0.53671875 0.35546875 0.0296875 0.02734375
7 0.53515625 0.33203125 0.0203125 0.0234375
7 0.51640625 0.3408203125 0.0109375 0.017578125
2 0.48515625 0.34765625 0.0171875 0.01953125
2 0.15546875 0.36328125 0.0203125 0.015625
2 0.18984375 0.3603515625 0.0265625 0.013671875
2 0.503125 0.34765625 0.009375 0.0078125
2 0.1359375 0.3681640625 0.021875 0.017578125
2 0.26640625 0.3544921875 0.0171875 0.013671875
2 0.31328125 0.3505859375 0.0109375 0.009765625
7 0.33671875 0.3427734375 0.0234375 0.021484375
2 0.36640625 0.345703125 0.0078125 0.0078125
2 0.37578125 0.345703125 0.0078125 0.0078125
2 0.2125 0.3564453125 0.01875 0.013671875
2 0.5875 0.3515625 0.040625 0.04296875
2 0.53671875 0.35546875 0.0296875 0.02734375
7 0.53515625 0.33203125 0.0203125 0.0234375
7 0.51640625 0.3408203125 0.0109375 0.017578125
2 0.48515625 0.34765625 0.0171875 0.01953125
2 0.15546875 0.36328125 0.0203125 0.015625
2 0.18984375 0.3603515625 0.0265625 0.013671875
2 0.503125 0.34765625 0.009375 0.0078125
2 0.1359375 0.3681640625 0.021875 0.017578125
2 0.26640625 0.3544921875 0.0171875 0.013671875
2 0.31328125 0.3505859375 0.0109375 0.009765625
7 0.33671875 0.3427734375 0.0234375 0.021484375
2 0.36640625 0.345703125 0.0078125 0.0078125
2 0.37578125 0.345703125 0.0078125 0.0078125
2 0.2125 0.3564453125 0.01875 0.013671875
