2 0.85546875 0.455078125 0.2859375 0.265625
2 0.61171875 0.3583984375 0.0453125 0.048828125
2 0.54375 0.3583984375 0.03125 0.029296875
7 0.53046875 0.3427734375 0.0171875 0.029296875
7 0.503125 0.3427734375 0.009375 0.009765625
2 0.50546875 0.3505859375 0.0109375 0.009765625
2 0.49140625 0.353515625 0.0171875 0.01953125
2 0.16640625 0.37109375 0.0453125 0.03515625
7 0.00859375 0.3642578125 0.0171875 0.080078125
2 0.35078125 0.3544921875 0.0140625 0.013671875
2 0.31875 0.3544921875 0.025 0.025390625
2 0.2734375 0.361328125 0.025 0.01953125
2 0.07265625 0.3818359375 0.0484375 0.037109375
2 0.37578125 0.3515625 0.0078125 0.0078125
2 0.38515625 0.3515625 0.0078125 0.0078125
7 0.2953125 0.345703125 0.0375 0.0390625
2 0.36640625 0.349609375 0.0109375 0.01171875
2 0.3984375 0.3505859375 0.009375 0.009765625
2 0.85546875 0.455078125 0.2859375 0.265625
2 0.61171875 0.3583984375 0.0453125 0.048828125
2 0.54375 0.3583984375 0.03125 0.029296875
7 0.53046875 0.3427734375 0.0171875 0.029296875
7 0.503125 0.3427734375 0.009375 0.009765625
2 0.50546875 0.3505859375 0.0109375 0.009765625
2 0.49140625 0.353515625 0.0171875 0.01953125
2 0.16640625 0.37109375 0.0453125 0.03515625
7 0.00859375 0.3642578125 0.0171875 0.080078125
2 0.35078125 0.3544921875 0.0140625 0.013671875
2 0.31875 0.3544921875 0.025 0.025390625
2 0.2734375 0.361328125 0.025 0.01953125
2 0.07265625 0.3818359375 0.0484375 0.037109375
2 0.37578125 0.3515625 0.0078125 0.0078125
2 0.38515625 0.3515625 0.0078125 0.0078125
7 0.2953125 0.345703125 0.0375 0.0390625
2 0.36640625 0.349609375 0.0109375 0.01171875
2 0.3984375 0.3505859375 0.009375 0.009765625
