2 0.5890625 0.35546875 0.040625 0.04296875
2 0.53671875 0.357421875 0.0296875 0.02734375
7 0.53515625 0.3359375 0.0203125 0.0234375
7 0.51640625 0.3427734375 0.0109375 0.017578125
2 0.48515625 0.3515625 0.0171875 0.01953125
2 0.01953125 0.3837890625 0.0390625 0.025390625
2 0.17578125 0.365234375 0.0203125 0.015625
2 0.20390625 0.3623046875 0.0296875 0.013671875
2 0.503125 0.34765625 0.009375 0.0078125
2 0.1515625 0.3671875 0.028125 0.015625
2 0.2734375 0.35546875 0.0125 0.01171875
2 0.3171875 0.3515625 0.009375 0.0078125
7 0.340625 0.3447265625 0.021875 0.021484375
2 0.36796875 0.349609375 0.0078125 0.0078125
2 0.37890625 0.34765625 0.0078125 0.0078125
2 0.225 0.3583984375 0.01875 0.013671875
2 0.5890625 0.35546875 0.040625 0.04296875
2 0.53671875 0.357421875 0.0296875 0.02734375
7 0.53515625 0.3359375 0.0203125 0.0234375
7 0.51640625 0.3427734375 0.0109375 0.017578125
2 0.48515625 0.3515625 0.0171875 0.01953125
2 0.01953125 0.3837890625 0.0390625 0.025390625
2 0.17578125 0.365234375 0.0203125 0.015625
2 0.20390625 0.3623046875 0.0296875 0.013671875
2 0.503125 0.34765625 0.009375 0.0078125
2 0.1515625 0.3671875 0.028125 0.015625
2 0.2734375 0.35546875 0.0125 0.01171875
2 0.3171875 0.3515625 0.009375 0.0078125
7 0.340625 0.3447265625 0.021875 0.021484375
2 0.36796875 0.349609375 0.0078125 0.0078125
2 0.37890625 0.34765625 0.0078125 0.0078125
2 0.225 0.3583984375 0.01875 0.013671875
