2 0.51796875 0.6328125 0.0234375 0.02734375
7 0.92109375 0.630859375 0.1546875 0.26171875
7 0.7015625 0.6240234375 0.078125 0.091796875
7 0.60546875 0.625 0.0328125 0.0546875
7 0.63515625 0.625 0.0296875 0.0546875
2 0.553125 0.630859375 0.009375 0.01171875
2 0.51796875 0.6328125 0.0234375 0.02734375
7 0.92109375 0.630859375 0.1546875 0.26171875
7 0.7015625 0.6240234375 0.078125 0.091796875
7 0.60546875 0.625 0.0328125 0.0546875
7 0.63515625 0.625 0.0296875 0.0546875
2 0.553125 0.630859375 0.009375 0.01171875
