2 0.3984375 0.634765625 0.0875 0.0859375
2 0.525 0.6279296875 0.01875 0.021484375
7 0.9421875 0.599609375 0.1125 0.296875
7 0.75546875 0.6201171875 0.0765625 0.134765625
7 0.66953125 0.6201171875 0.0578125 0.076171875
7 0.59296875 0.62109375 0.0296875 0.05078125
7 0.61953125 0.6220703125 0.0265625 0.048828125
2 0.5484375 0.6279296875 0.0125 0.013671875
7 0.83203125 0.6435546875 0.1140625 0.150390625
2 0.3984375 0.634765625 0.0875 0.0859375
2 0.525 0.6279296875 0.01875 0.021484375
7 0.9421875 0.599609375 0.1125 0.296875
7 0.75546875 0.6201171875 0.0765625 0.134765625
7 0.66953125 0.6201171875 0.0578125 0.076171875
7 0.59296875 0.62109375 0.0296875 0.05078125
7 0.61953125 0.6220703125 0.0265625 0.048828125
2 0.5484375 0.6279296875 0.0125 0.013671875
7 0.83203125 0.6435546875 0.1140625 0.150390625
