2 0.3984375 0.3857421875 0.071875 0.068359375
2 0.7375 0.4306640625 0.14375 0.134765625
2 0.159375 0.384765625 0.10625 0.09765625
2 0.45703125 0.3701171875 0.0453125 0.041015625
0 0.1078125 0.3662109375 0.009375 0.021484375
2 0.47890625 0.3525390625 0.0140625 0.017578125
2 0.96953125 0.5908203125 0.0578125 0.181640625
0 0.10078125 0.3779296875 0.0109375 0.041015625
0 0.63828125 0.3623046875 0.0109375 0.048828125
2 0.49609375 0.3525390625 0.0109375 0.013671875
2 0.5390625 0.361328125 0.021875 0.0234375
2 0.509375 0.353515625 0.0125 0.015625
0 0.65703125 0.3662109375 0.0140625 0.044921875
0 0.7734375 0.3515625 0.0125 0.03125
0 0.79375 0.357421875 0.01875 0.04296875
3 0.88984375 0.490234375 0.1859375 0.13671875
3 0.79140625 0.462890625 0.1296875 0.12109375
2 0.26953125 0.373046875 0.0421875 0.0390625
2 0.5234375 0.3515625 0.009375 0.01171875
9 0.46640625 0.2998046875 0.0078125 0.017578125
9 0.43203125 0.30078125 0.0078125 0.01953125
11 0.29765625 0.3935546875 0.0109375 0.029296875
11 0.77734375 0.2431640625 0.0671875 0.013671875
11 0.77734375 0.2578125 0.0671875 0.01171875
11 0.77734375 0.271484375 0.0671875 0.01171875
11 0.76484375 0.28515625 0.0421875 0.01171875
11 0.390625 0.302734375 0.0125 0.015625
2 0.36328125 0.3623046875 0.0140625 0.017578125
11 0.7859375 0.30859375 0.01875 0.01953125
11 0.7859375 0.2880859375 0.01875 0.017578125
2 0.43125 0.35546875 0.015625 0.01953125
2 0.95 0.3720703125 0.034375 0.033203125
2 0.31171875 0.3798828125 0.0640625 0.060546875
2 0.35390625 0.3681640625 0.0140625 0.025390625
0 0.25078125 0.361328125 0.0078125 0.015625
3 0.865625 0.4755859375 0.18125 0.130859375
2 0.34296875 0.369140625 0.0140625 0.0234375
2 0.3984375 0.3857421875 0.071875 0.068359375
2 0.7375 0.4306640625 0.14375 0.134765625
2 0.159375 0.384765625 0.10625 0.09765625
2 0.45703125 0.3701171875 0.0453125 0.041015625
0 0.1078125 0.3662109375 0.009375 0.021484375
2 0.47890625 0.3525390625 0.0140625 0.017578125
2 0.96953125 0.5908203125 0.0578125 0.181640625
0 0.10078125 0.3779296875 0.0109375 0.041015625
0 0.63828125 0.3623046875 0.0109375 0.048828125
2 0.49609375 0.3525390625 0.0109375 0.013671875
2 0.5390625 0.361328125 0.021875 0.0234375
2 0.509375 0.353515625 0.0125 0.015625
0 0.65703125 0.3662109375 0.0140625 0.044921875
0 0.7734375 0.3515625 0.0125 0.03125
0 0.79375 0.357421875 0.01875 0.04296875
3 0.88984375 0.490234375 0.1859375 0.13671875
3 0.79140625 0.462890625 0.1296875 0.12109375
2 0.26953125 0.373046875 0.0421875 0.0390625
2 0.5234375 0.3515625 0.009375 0.01171875
9 0.46640625 0.2998046875 0.0078125 0.017578125
9 0.43203125 0.30078125 0.0078125 0.01953125
11 0.29765625 0.3935546875 0.0109375 0.029296875
11 0.77734375 0.2431640625 0.0671875 0.013671875
11 0.77734375 0.2578125 0.0671875 0.01171875
11 0.77734375 0.271484375 0.0671875 0.01171875
11 0.76484375 0.28515625 0.0421875 0.01171875
11 0.390625 0.302734375 0.0125 0.015625
2 0.36328125 0.3623046875 0.0140625 0.017578125
11 0.7859375 0.30859375 0.01875 0.01953125
11 0.7859375 0.2880859375 0.01875 0.017578125
2 0.43125 0.35546875 0.015625 0.01953125
2 0.95 0.3720703125 0.034375 0.033203125
2 0.31171875 0.3798828125 0.0640625 0.060546875
2 0.35390625 0.3681640625 0.0140625 0.025390625
0 0.25078125 0.361328125 0.0078125 0.015625
3 0.865625 0.4755859375 0.18125 0.130859375
2 0.34296875 0.369140625 0.0140625 0.0234375
