9 0.48671875 0.296875 0.0109375 0.0390625
9 0.63828125 0.294921875 0.0109375 0.0390625
11 0.72109375 0.310546875 0.0546875 0.0234375
0 0.6 0.4697265625 0.015625 0.056640625
2 0.44921875 0.4638671875 0.0796875 0.052734375
2 0.3578125 0.4658203125 0.065625 0.037109375
2 0.11171875 0.5947265625 0.2234375 0.279296875
2 0.22734375 0.4619140625 0.0703125 0.060546875
11 0.04921875 0.3671875 0.0421875 0.09375
9 0.953125 0.216796875 0.021875 0.05859375
9 0.91171875 0.2373046875 0.0203125 0.052734375
9 0.7734375 0.380859375 0.009375 0.015625
2 0.31484375 0.46484375 0.0453125 0.03515625
2 0.90625 0.681640625 0.184375 0.3515625
0 0.27421875 0.443359375 0.0078125 0.01171875
10 0.57734375 0.48046875 0.0109375 0.03125
2 0.28125 0.4619140625 0.034375 0.029296875
9 0.18828125 0.3994140625 0.0078125 0.013671875
9 0.13515625 0.2998046875 0.0140625 0.033203125
9 0.10234375 0.2890625 0.0140625 0.0390625
11 0.17421875 0.330078125 0.0203125 0.01953125
11 0.18515625 0.3681640625 0.0140625 0.037109375
2 0.17578125 0.4599609375 0.0359375 0.033203125
9 0.48671875 0.296875 0.0109375 0.0390625
9 0.63828125 0.294921875 0.0109375 0.0390625
11 0.72109375 0.310546875 0.0546875 0.0234375
0 0.6 0.4697265625 0.015625 0.056640625
2 0.44921875 0.4638671875 0.0796875 0.052734375
2 0.3578125 0.4658203125 0.065625 0.037109375
2 0.11171875 0.5947265625 0.2234375 0.279296875
2 0.22734375 0.4619140625 0.0703125 0.060546875
11 0.04921875 0.3671875 0.0421875 0.09375
9 0.953125 0.216796875 0.021875 0.05859375
9 0.91171875 0.2373046875 0.0203125 0.052734375
9 0.7734375 0.380859375 0.009375 0.015625
2 0.31484375 0.46484375 0.0453125 0.03515625
2 0.90625 0.681640625 0.184375 0.3515625
0 0.27421875 0.443359375 0.0078125 0.01171875
10 0.57734375 0.48046875 0.0109375 0.03125
2 0.28125 0.4619140625 0.034375 0.029296875
9 0.18828125 0.3994140625 0.0078125 0.013671875
9 0.13515625 0.2998046875 0.0140625 0.033203125
9 0.10234375 0.2890625 0.0140625 0.0390625
11 0.17421875 0.330078125 0.0203125 0.01953125
11 0.18515625 0.3681640625 0.0140625 0.037109375
2 0.17578125 0.4599609375 0.0359375 0.033203125
