2 0.97109375 0.662109375 0.0546875 0.19921875
2 0.8875 0.560546875 0.221875 0.234375
2 0.79375 0.51171875 0.140625 0.15234375
2 0.73203125 0.4814453125 0.1015625 0.130859375
2 0.65234375 0.474609375 0.0328125 0.0703125
2 0.63359375 0.4541015625 0.0265625 0.029296875
2 0.571875 0.455078125 0.009375 0.01171875
2 0.5546875 0.455078125 0.015625 0.01171875
2 0.521875 0.4521484375 0.01875 0.021484375
0 0.49921875 0.455078125 0.0078125 0.0234375
2 0.33828125 0.470703125 0.0265625 0.02734375
2 0.3203125 0.470703125 0.021875 0.02734375
2 0.02265625 0.4931640625 0.0453125 0.044921875
9 0.525 0.359375 0.00625 0.01953125
9 0.5828125 0.3564453125 0.00625 0.021484375
11 0.54375 0.353515625 0.009375 0.015625
11 0.63203125 0.3671875 0.0296875 0.01171875
11 0.98515625 0.3203125 0.0265625 0.0625
11 0.3765625 0.3828125 0.0125 0.01953125
9 0.36875 0.4130859375 0.00625 0.005859375
9 0.3859375 0.4130859375 0.00625 0.005859375
11 0.36171875 0.4482421875 0.0078125 0.009765625
0 0.4234375 0.4677734375 0.0125 0.037109375
0 0.18984375 0.4814453125 0.0109375 0.044921875
0 0.29609375 0.474609375 0.0203125 0.05078125
0 0.175 0.478515625 0.009375 0.03515625
0 0.27890625 0.4765625 0.0171875 0.05078125
9 0.35546875 0.3427734375 0.0078125 0.025390625
9 0.375 0.3515625 0.00625 0.0234375
2 0.67109375 0.4716796875 0.0328125 0.091796875
2 0.97109375 0.662109375 0.0546875 0.19921875
2 0.8875 0.560546875 0.221875 0.234375
2 0.79375 0.51171875 0.140625 0.15234375
2 0.73203125 0.4814453125 0.1015625 0.130859375
2 0.65234375 0.474609375 0.0328125 0.0703125
2 0.63359375 0.4541015625 0.0265625 0.029296875
2 0.571875 0.455078125 0.009375 0.01171875
2 0.5546875 0.455078125 0.015625 0.01171875
2 0.521875 0.4521484375 0.01875 0.021484375
0 0.49921875 0.455078125 0.0078125 0.0234375
2 0.33828125 0.470703125 0.0265625 0.02734375
2 0.3203125 0.470703125 0.021875 0.02734375
2 0.02265625 0.4931640625 0.0453125 0.044921875
9 0.525 0.359375 0.00625 0.01953125
9 0.5828125 0.3564453125 0.00625 0.021484375
11 0.54375 0.353515625 0.009375 0.015625
11 0.63203125 0.3671875 0.0296875 0.01171875
11 0.98515625 0.3203125 0.0265625 0.0625
11 0.3765625 0.3828125 0.0125 0.01953125
9 0.36875 0.4130859375 0.00625 0.005859375
9 0.3859375 0.4130859375 0.00625 0.005859375
11 0.36171875 0.4482421875 0.0078125 0.009765625
0 0.4234375 0.4677734375 0.0125 0.037109375
0 0.18984375 0.4814453125 0.0109375 0.044921875
0 0.29609375 0.474609375 0.0203125 0.05078125
0 0.175 0.478515625 0.009375 0.03515625
0 0.27890625 0.4765625 0.0171875 0.05078125
9 0.35546875 0.3427734375 0.0078125 0.025390625
9 0.375 0.3515625 0.00625 0.0234375
2 0.67109375 0.4716796875 0.0328125 0.091796875
