2 0.778125 0.427734375 0.228125 0.203125
2 0.6125 0.3603515625 0.046875 0.052734375
2 0.5421875 0.3623046875 0.03125 0.025390625
7 0.528125 0.34375 0.01875 0.02734375
7 0.50234375 0.345703125 0.0078125 0.01171875
2 0.5046875 0.3525390625 0.009375 0.009765625
2 0.490625 0.35546875 0.015625 0.01953125
7 0.04609375 0.361328125 0.0921875 0.09765625
2 0.2203125 0.3623046875 0.040625 0.029296875
2 0.321875 0.3564453125 0.015625 0.017578125
2 0.3609375 0.35546875 0.009375 0.01171875
7 0.2109375 0.3515625 0.059375 0.05078125
2 0.3890625 0.3525390625 0.009375 0.009765625
2 0.30625 0.357421875 0.015625 0.015625
2 0.37421875 0.3525390625 0.0140625 0.013671875
2 0.35 0.35546875 0.0125 0.01171875
2 0.27109375 0.361328125 0.0234375 0.01953125
2 0.40078125 0.3515625 0.0046875 0.00390625
2 0.40703125 0.3515625 0.0046875 0.00390625
7 0.35234375 0.345703125 0.0140625 0.0078125
2 0.778125 0.427734375 0.228125 0.203125
2 0.6125 0.3603515625 0.046875 0.052734375
2 0.5421875 0.3623046875 0.03125 0.025390625
7 0.528125 0.34375 0.01875 0.02734375
7 0.50234375 0.345703125 0.0078125 0.01171875
2 0.5046875 0.3525390625 0.009375 0.009765625
2 0.490625 0.35546875 0.015625 0.01953125
7 0.04609375 0.361328125 0.0921875 0.09765625
2 0.2203125 0.3623046875 0.040625 0.029296875
2 0.321875 0.3564453125 0.015625 0.017578125
2 0.3609375 0.35546875 0.009375 0.01171875
7 0.2109375 0.3515625 0.059375 0.05078125
2 0.3890625 0.3525390625 0.009375 0.009765625
2 0.30625 0.357421875 0.015625 0.015625
2 0.37421875 0.3525390625 0.0140625 0.013671875
2 0.35 0.35546875 0.0125 0.01171875
2 0.27109375 0.361328125 0.0234375 0.01953125
2 0.40078125 0.3515625 0.0046875 0.00390625
2 0.40703125 0.3515625 0.0046875 0.00390625
7 0.35234375 0.345703125 0.0140625 0.0078125
