3 0.91796875 0.5322265625 0.1609375 0.169921875
0 0.66328125 0.3642578125 0.0171875 0.060546875
0 0.6296875 0.369140625 0.015625 0.05859375
0 0.5703125 0.36328125 0.01875 0.05078125
2 0.40390625 0.3740234375 0.0453125 0.044921875
2 0.428125 0.3662109375 0.028125 0.033203125
2 0.44296875 0.361328125 0.0234375 0.02734375
2 0.47734375 0.3681640625 0.0359375 0.037109375
2 0.54296875 0.369140625 0.0328125 0.03125
2 0.52890625 0.3662109375 0.0234375 0.029296875
11 0.31640625 0.1865234375 0.0265625 0.037109375
9 0.43125 0.1923828125 0.0125 0.037109375
9 0.44765625 0.19140625 0.0109375 0.03515625
9 0.4203125 0.193359375 0.009375 0.03515625
9 0.1625 0.1689453125 0.0125 0.037109375
9 0.146875 0.16796875 0.015625 0.0390625
9 0.13125 0.1689453125 0.0125 0.037109375
2 0.34296875 0.365234375 0.0296875 0.03515625
2 0.490625 0.3642578125 0.025 0.033203125
9 0.46484375 0.30859375 0.0046875 0.01171875
3 0.3109375 0.3779296875 0.0125 0.021484375
3 0.93515625 0.560546875 0.1265625 0.1640625
0 0.18828125 0.380859375 0.0203125 0.04296875
11 0.7703125 0.3232421875 0.034375 0.041015625
11 0.775 0.248046875 0.04375 0.01953125
9 0.7828125 0.2734375 0.01875 0.0234375
9 0.75625 0.2724609375 0.01875 0.021484375
0 0.975 0.392578125 0.028125 0.10546875
10 0.13671875 0.4013671875 0.0078125 0.021484375
0 0.8359375 0.396484375 0.01875 0.06640625
0 0.1359375 0.3798828125 0.0125 0.037109375
2 0.21640625 0.384765625 0.0390625 0.0390625
9 0.621875 0.2900390625 0.009375 0.013671875
2 0.50625 0.359375 0.015625 0.01953125
3 0.18515625 0.3935546875 0.0328125 0.048828125
0 0.696875 0.3671875 0.0125 0.0546875
2 0.36171875 0.3671875 0.0390625 0.0390625
3 0.91796875 0.5322265625 0.1609375 0.169921875
0 0.66328125 0.3642578125 0.0171875 0.060546875
0 0.6296875 0.369140625 0.015625 0.05859375
0 0.5703125 0.36328125 0.01875 0.05078125
2 0.40390625 0.3740234375 0.0453125 0.044921875
2 0.428125 0.3662109375 0.028125 0.033203125
2 0.44296875 0.361328125 0.0234375 0.02734375
2 0.47734375 0.3681640625 0.0359375 0.037109375
2 0.54296875 0.369140625 0.0328125 0.03125
2 0.52890625 0.3662109375 0.0234375 0.029296875
11 0.31640625 0.1865234375 0.0265625 0.037109375
9 0.43125 0.1923828125 0.0125 0.037109375
9 0.44765625 0.19140625 0.0109375 0.03515625
9 0.4203125 0.193359375 0.009375 0.03515625
9 0.1625 0.1689453125 0.0125 0.037109375
9 0.146875 0.16796875 0.015625 0.0390625
9 0.13125 0.1689453125 0.0125 0.037109375
2 0.34296875 0.365234375 0.0296875 0.03515625
2 0.490625 0.3642578125 0.025 0.033203125
9 0.46484375 0.30859375 0.0046875 0.01171875
3 0.3109375 0.3779296875 0.0125 0.021484375
3 0.93515625 0.560546875 0.1265625 0.1640625
0 0.18828125 0.380859375 0.0203125 0.04296875
11 0.7703125 0.3232421875 0.034375 0.041015625
11 0.775 0.248046875 0.04375 0.01953125
9 0.7828125 0.2734375 0.01875 0.0234375
9 0.75625 0.2724609375 0.01875 0.021484375
0 0.975 0.392578125 0.028125 0.10546875
10 0.13671875 0.4013671875 0.0078125 0.021484375
0 0.8359375 0.396484375 0.01875 0.06640625
0 0.1359375 0.3798828125 0.0125 0.037109375
2 0.21640625 0.384765625 0.0390625 0.0390625
9 0.621875 0.2900390625 0.009375 0.013671875
2 0.50625 0.359375 0.015625 0.01953125
3 0.18515625 0.3935546875 0.0328125 0.048828125
0 0.696875 0.3671875 0.0125 0.0546875
2 0.36171875 0.3671875 0.0390625 0.0390625
