2 0.36953125 0.37890625 0.0734375 0.06640625
2 0.5703125 0.3525390625 0.04375 0.021484375
2 0.5234375 0.44921875 0.19375 0.1875
2 0.4140625 0.359375 0.04375 0.0390625
2 0.2359375 0.3798828125 0.09375 0.091796875
2 0.1640625 0.3759765625 0.0625 0.056640625
2 0.4671875 0.345703125 0.01875 0.0234375
3 0.45859375 0.353515625 0.0078125 0.015625
0 0.45859375 0.34765625 0.0078125 0.01953125
0 0.43359375 0.3466796875 0.0078125 0.017578125
3 0.4328125 0.353515625 0.00625 0.01171875
9 0.425 0.095703125 0.0125 0.0625
9 0.3953125 0.095703125 0.01875 0.06640625
9 0.3703125 0.099609375 0.015625 0.0625
0 0.9125 0.39453125 0.028125 0.109375
0 0.93828125 0.388671875 0.0296875 0.109375
9 0.14921875 0.1630859375 0.0140625 0.048828125
9 0.1703125 0.1591796875 0.0125 0.044921875
9 0.134375 0.162109375 0.0125 0.04296875
0 0.08125 0.3828125 0.01875 0.03125
2 0.5484375 0.345703125 0.0375 0.0234375
2 0.4875 0.3515625 0.028125 0.02734375
2 0.52265625 0.34765625 0.0140625 0.015625
0 0.13203125 0.3662109375 0.0078125 0.029296875
11 0.084375 0.3173828125 0.03125 0.005859375
11 0.08359375 0.310546875 0.0328125 0.0078125
2 0.5046875 0.349609375 0.00625 0.01171875
11 0.11015625 0.3271484375 0.0046875 0.009765625
11 0.1109375 0.3427734375 0.00625 0.009765625
2 0.39296875 0.3447265625 0.0203125 0.017578125
2 0.528125 0.3486328125 0.0125 0.013671875
2 0.5515625 0.34765625 0.03125 0.01953125
11 0.084375 0.3017578125 0.03125 0.009765625
11 0.09296875 0.32421875 0.0171875 0.0078125
11 0.24609375 0.3154296875 0.0140625 0.017578125
2 0.36953125 0.37890625 0.0734375 0.06640625
2 0.5703125 0.3525390625 0.04375 0.021484375
2 0.5234375 0.44921875 0.19375 0.1875
2 0.4140625 0.359375 0.04375 0.0390625
2 0.2359375 0.3798828125 0.09375 0.091796875
2 0.1640625 0.3759765625 0.0625 0.056640625
2 0.4671875 0.345703125 0.01875 0.0234375
3 0.45859375 0.353515625 0.0078125 0.015625
0 0.45859375 0.34765625 0.0078125 0.01953125
0 0.43359375 0.3466796875 0.0078125 0.017578125
3 0.4328125 0.353515625 0.00625 0.01171875
9 0.425 0.095703125 0.0125 0.0625
9 0.3953125 0.095703125 0.01875 0.06640625
9 0.3703125 0.099609375 0.015625 0.0625
0 0.9125 0.39453125 0.028125 0.109375
0 0.93828125 0.388671875 0.0296875 0.109375
9 0.14921875 0.1630859375 0.0140625 0.048828125
9 0.1703125 0.1591796875 0.0125 0.044921875
9 0.134375 0.162109375 0.0125 0.04296875
0 0.08125 0.3828125 0.01875 0.03125
2 0.5484375 0.345703125 0.0375 0.0234375
2 0.4875 0.3515625 0.028125 0.02734375
2 0.52265625 0.34765625 0.0140625 0.015625
0 0.13203125 0.3662109375 0.0078125 0.029296875
11 0.084375 0.3173828125 0.03125 0.005859375
11 0.08359375 0.310546875 0.0328125 0.0078125
2 0.5046875 0.349609375 0.00625 0.01171875
11 0.11015625 0.3271484375 0.0046875 0.009765625
11 0.1109375 0.3427734375 0.00625 0.009765625
2 0.39296875 0.3447265625 0.0203125 0.017578125
2 0.528125 0.3486328125 0.0125 0.013671875
2 0.5515625 0.34765625 0.03125 0.01953125
11 0.084375 0.3017578125 0.03125 0.009765625
11 0.09296875 0.32421875 0.0171875 0.0078125
11 0.24609375 0.3154296875 0.0140625 0.017578125
