2 0.4 0.3935546875 0.071875 0.068359375
2 0.821875 0.47265625 0.215625 0.1953125
2 0.0640625 0.404296875 0.128125 0.12890625
2 0.46328125 0.3759765625 0.0453125 0.041015625
2 0.48046875 0.3583984375 0.0109375 0.013671875
0 0.6609375 0.3701171875 0.015625 0.048828125
2 0.49453125 0.3603515625 0.0109375 0.013671875
2 0.5375 0.369140625 0.021875 0.0234375
2 0.5078125 0.359375 0.0125 0.015625
0 0.67890625 0.3720703125 0.0171875 0.044921875
0 0.81796875 0.3583984375 0.0140625 0.033203125
0 0.8375 0.361328125 0.021875 0.03515625
3 0.91875 0.5244140625 0.159375 0.189453125
2 0.521875 0.357421875 0.009375 0.01171875
9 0.46484375 0.302734375 0.0078125 0.01953125
9 0.42890625 0.302734375 0.0078125 0.01953125
11 0.2625 0.412109375 0.009375 0.0390625
11 0.83203125 0.2353515625 0.0765625 0.013671875
11 0.83203125 0.251953125 0.0765625 0.01171875
11 0.83203125 0.265625 0.0765625 0.01171875
11 0.81484375 0.279296875 0.0421875 0.01171875
11 0.3875 0.3076171875 0.015625 0.017578125
2 0.3546875 0.3701171875 0.0125 0.021484375
11 0.840625 0.3076171875 0.01875 0.021484375
11 0.840625 0.2841796875 0.01875 0.021484375
2 0.43046875 0.361328125 0.0140625 0.015625
2 0.34453125 0.3740234375 0.0140625 0.025390625
0 0.23203125 0.369140625 0.0078125 0.015625
3 0.96328125 0.5478515625 0.0703125 0.212890625
2 0.334375 0.376953125 0.015625 0.02734375
0 0.1796875 0.3779296875 0.00625 0.017578125
2 0.31953125 0.37890625 0.0203125 0.02734375
2 0.265625 0.3935546875 0.078125 0.072265625
2 0.94453125 0.37890625 0.0203125 0.03515625
2 0.4 0.3935546875 0.071875 0.068359375
2 0.821875 0.47265625 0.215625 0.1953125
2 0.0640625 0.404296875 0.128125 0.12890625
2 0.46328125 0.3759765625 0.0453125 0.041015625
2 0.48046875 0.3583984375 0.0109375 0.013671875
0 0.6609375 0.3701171875 0.015625 0.048828125
2 0.49453125 0.3603515625 0.0109375 0.013671875
2 0.5375 0.369140625 0.021875 0.0234375
2 0.5078125 0.359375 0.0125 0.015625
0 0.67890625 0.3720703125 0.0171875 0.044921875
0 0.81796875 0.3583984375 0.0140625 0.033203125
0 0.8375 0.361328125 0.021875 0.03515625
3 0.91875 0.5244140625 0.159375 0.189453125
2 0.521875 0.357421875 0.009375 0.01171875
9 0.46484375 0.302734375 0.0078125 0.01953125
9 0.42890625 0.302734375 0.0078125 0.01953125
11 0.2625 0.412109375 0.009375 0.0390625
11 0.83203125 0.2353515625 0.0765625 0.013671875
11 0.83203125 0.251953125 0.0765625 0.01171875
11 0.83203125 0.265625 0.0765625 0.01171875
11 0.81484375 0.279296875 0.0421875 0.01171875
11 0.3875 0.3076171875 0.015625 0.017578125
2 0.3546875 0.3701171875 0.0125 0.021484375
11 0.840625 0.3076171875 0.01875 0.021484375
11 0.840625 0.2841796875 0.01875 0.021484375
2 0.43046875 0.361328125 0.0140625 0.015625
2 0.34453125 0.3740234375 0.0140625 0.025390625
0 0.23203125 0.369140625 0.0078125 0.015625
3 0.96328125 0.5478515625 0.0703125 0.212890625
2 0.334375 0.376953125 0.015625 0.02734375
0 0.1796875 0.3779296875 0.00625 0.017578125
2 0.31953125 0.37890625 0.0203125 0.02734375
2 0.265625 0.3935546875 0.078125 0.072265625
2 0.94453125 0.37890625 0.0203125 0.03515625
