2 0.7328125 0.4853515625 0.0625 0.056640625
9 0.48515625 0.220703125 0.0203125 0.06640625
9 0.65859375 0.208984375 0.0203125 0.06640625
11 0.53515625 0.201171875 0.0265625 0.05078125
11 0.79921875 0.23828125 0.0890625 0.03515625
11 0.01796875 0.2744140625 0.0359375 0.048828125
9 0.05625 0.3671875 0.01875 0.015625
11 0.02890625 0.39453125 0.0578125 0.01953125
11 0.86796875 0.3115234375 0.0296875 0.052734375
0 0.9203125 0.5205078125 0.034375 0.115234375
0 0.90078125 0.4912109375 0.0296875 0.099609375
2 0.57421875 0.4912109375 0.0421875 0.048828125
11 0.63828125 0.4140625 0.0171875 0.02734375
2 0.1265625 0.525390625 0.078125 0.0625
2 0.059375 0.521484375 0.05625 0.0625
0 0.48671875 0.4765625 0.0109375 0.0390625
2 0.15859375 0.50390625 0.0421875 0.0390625
2 0.33828125 0.4873046875 0.0296875 0.025390625
11 0.0203125 0.31640625 0.028125 0.03125
2 0.11328125 0.50390625 0.0484375 0.04296875
2 0.19296875 0.50390625 0.0296875 0.03515625
2 0.21796875 0.4970703125 0.0390625 0.041015625
2 0.94765625 0.4541015625 0.0609375 0.033203125
2 0.87265625 0.4677734375 0.0390625 0.033203125
2 0.24453125 0.49609375 0.0234375 0.03515625
2 0.7328125 0.4853515625 0.0625 0.056640625
9 0.48515625 0.220703125 0.0203125 0.06640625
9 0.65859375 0.208984375 0.0203125 0.06640625
11 0.53515625 0.201171875 0.0265625 0.05078125
11 0.79921875 0.23828125 0.0890625 0.03515625
11 0.01796875 0.2744140625 0.0359375 0.048828125
9 0.05625 0.3671875 0.01875 0.015625
11 0.02890625 0.39453125 0.0578125 0.01953125
11 0.86796875 0.3115234375 0.0296875 0.052734375
0 0.9203125 0.5205078125 0.034375 0.115234375
0 0.90078125 0.4912109375 0.0296875 0.099609375
2 0.57421875 0.4912109375 0.0421875 0.048828125
11 0.63828125 0.4140625 0.0171875 0.02734375
2 0.1265625 0.525390625 0.078125 0.0625
2 0.059375 0.521484375 0.05625 0.0625
0 0.48671875 0.4765625 0.0109375 0.0390625
2 0.15859375 0.50390625 0.0421875 0.0390625
2 0.33828125 0.4873046875 0.0296875 0.025390625
11 0.0203125 0.31640625 0.028125 0.03125
2 0.11328125 0.50390625 0.0484375 0.04296875
2 0.19296875 0.50390625 0.0296875 0.03515625
2 0.21796875 0.4970703125 0.0390625 0.041015625
2 0.94765625 0.4541015625 0.0609375 0.033203125
2 0.87265625 0.4677734375 0.0390625 0.033203125
2 0.24453125 0.49609375 0.0234375 0.03515625
