2 0.5875 0.353515625 0.040625 0.04296875
2 0.53671875 0.359375 0.0296875 0.02734375
7 0.5359375 0.3369140625 0.01875 0.021484375
7 0.51640625 0.3447265625 0.0109375 0.017578125
2 0.48671875 0.353515625 0.0171875 0.01953125
2 0.02578125 0.3837890625 0.0515625 0.025390625
2 0.17734375 0.365234375 0.0203125 0.015625
2 0.20625 0.3623046875 0.025 0.013671875
2 0.503125 0.3486328125 0.009375 0.009765625
2 0.15546875 0.369140625 0.0203125 0.015625
2 0.275 0.357421875 0.0125 0.01171875
2 0.31875 0.3515625 0.009375 0.0078125
7 0.340625 0.3466796875 0.021875 0.021484375
2 0.36796875 0.3515625 0.0078125 0.0078125
2 0.37890625 0.349609375 0.0078125 0.0078125
2 0.2265625 0.359375 0.015625 0.01171875
2 0.5875 0.353515625 0.040625 0.04296875
2 0.53671875 0.359375 0.0296875 0.02734375
7 0.5359375 0.3369140625 0.01875 0.021484375
7 0.51640625 0.3447265625 0.0109375 0.017578125
2 0.48671875 0.353515625 0.0171875 0.01953125
2 0.02578125 0.3837890625 0.0515625 0.025390625
2 0.17734375 0.365234375 0.0203125 0.015625
2 0.20625 0.3623046875 0.025 0.013671875
2 0.503125 0.3486328125 0.009375 0.009765625
2 0.15546875 0.369140625 0.0203125 0.015625
2 0.275 0.357421875 0.0125 0.01171875
2 0.31875 0.3515625 0.009375 0.0078125
7 0.340625 0.3466796875 0.021875 0.021484375
2 0.36796875 0.3515625 0.0078125 0.0078125
2 0.37890625 0.349609375 0.0078125 0.0078125
2 0.2265625 0.359375 0.015625 0.01171875
