2 0.51875 0.6328125 0.025 0.03125
7 0.93984375 0.6298828125 0.1171875 0.294921875
7 0.709375 0.6240234375 0.084375 0.095703125
7 0.61015625 0.6259765625 0.0359375 0.060546875
7 0.640625 0.6279296875 0.028125 0.060546875
2 0.55390625 0.6318359375 0.0109375 0.013671875
2 0.51875 0.6328125 0.025 0.03125
7 0.93984375 0.6298828125 0.1171875 0.294921875
7 0.709375 0.6240234375 0.084375 0.095703125
7 0.61015625 0.6259765625 0.0359375 0.060546875
7 0.640625 0.6279296875 0.028125 0.060546875
2 0.55390625 0.6318359375 0.0109375 0.013671875
