3 0.9765625 0.5986328125 0.04375 0.181640625
3 0.93515625 0.5517578125 0.1265625 0.173828125
2 0.8765625 0.4775390625 0.24375 0.244140625
2 0.7421875 0.4267578125 0.15625 0.169921875
3 0.6 0.3984375 0.046875 0.046875
3 0.6140625 0.400390625 0.053125 0.05078125
0 0.5953125 0.35546875 0.0125 0.03125
0 0.575 0.3642578125 0.009375 0.037109375
0 0.54296875 0.3603515625 0.0078125 0.033203125
2 0.03203125 0.4248046875 0.0640625 0.099609375
2 0.21640625 0.392578125 0.1046875 0.08984375
2 0.346875 0.369140625 0.04375 0.04296875
2 0.4078125 0.3701171875 0.040625 0.044921875
2 0.43125 0.3623046875 0.025 0.029296875
2 0.4484375 0.359375 0.015625 0.01953125
2 0.47265625 0.3681640625 0.0359375 0.037109375
2 0.48515625 0.3603515625 0.0265625 0.033203125
2 0.521875 0.3642578125 0.025 0.025390625
2 0.51171875 0.3603515625 0.0203125 0.025390625
11 0.38046875 0.2509765625 0.0140625 0.021484375
11 0.77578125 0.28515625 0.0296875 0.046875
9 0.44921875 0.2529296875 0.0078125 0.021484375
9 0.45859375 0.2529296875 0.0078125 0.021484375
9 0.4421875 0.2529296875 0.00625 0.021484375
9 0.296875 0.2431640625 0.009375 0.025390625
9 0.2875 0.2431640625 0.009375 0.025390625
9 0.56953125 0.310546875 0.0046875 0.0078125
9 0.278125 0.2431640625 0.009375 0.025390625
2 0.3828125 0.3583984375 0.021875 0.025390625
0 0.1375 0.3779296875 0.015625 0.037109375
0 0.12109375 0.376953125 0.0140625 0.0390625
3 0.66015625 0.41015625 0.0421875 0.08984375
2 0.28359375 0.3720703125 0.0296875 0.029296875
0 0.65625 0.365234375 0.021875 0.02734375
0 0.61875 0.361328125 0.009375 0.02734375
3 0.9765625 0.5986328125 0.04375 0.181640625
3 0.93515625 0.5517578125 0.1265625 0.173828125
2 0.8765625 0.4775390625 0.24375 0.244140625
2 0.7421875 0.4267578125 0.15625 0.169921875
3 0.6 0.3984375 0.046875 0.046875
3 0.6140625 0.400390625 0.053125 0.05078125
0 0.5953125 0.35546875 0.0125 0.03125
0 0.575 0.3642578125 0.009375 0.037109375
0 0.54296875 0.3603515625 0.0078125 0.033203125
2 0.03203125 0.4248046875 0.0640625 0.099609375
2 0.21640625 0.392578125 0.1046875 0.08984375
2 0.346875 0.369140625 0.04375 0.04296875
2 0.4078125 0.3701171875 0.040625 0.044921875
2 0.43125 0.3623046875 0.025 0.029296875
2 0.4484375 0.359375 0.015625 0.01953125
2 0.47265625 0.3681640625 0.0359375 0.037109375
2 0.48515625 0.3603515625 0.0265625 0.033203125
2 0.521875 0.3642578125 0.025 0.025390625
2 0.51171875 0.3603515625 0.0203125 0.025390625
11 0.38046875 0.2509765625 0.0140625 0.021484375
11 0.77578125 0.28515625 0.0296875 0.046875
9 0.44921875 0.2529296875 0.0078125 0.021484375
9 0.45859375 0.2529296875 0.0078125 0.021484375
9 0.4421875 0.2529296875 0.00625 0.021484375
9 0.296875 0.2431640625 0.009375 0.025390625
9 0.2875 0.2431640625 0.009375 0.025390625
9 0.56953125 0.310546875 0.0046875 0.0078125
9 0.278125 0.2431640625 0.009375 0.025390625
2 0.3828125 0.3583984375 0.021875 0.025390625
0 0.1375 0.3779296875 0.015625 0.037109375
0 0.12109375 0.376953125 0.0140625 0.0390625
3 0.66015625 0.41015625 0.0421875 0.08984375
2 0.28359375 0.3720703125 0.0296875 0.029296875
0 0.65625 0.365234375 0.021875 0.02734375
0 0.61875 0.361328125 0.009375 0.02734375
