9 0.62578125 0.06640625 0.0265625 0.09765625
0 0.915625 0.517578125 0.040625 0.140625
2 0.56953125 0.49609375 0.1515625 0.109375
2 0.425 0.4892578125 0.1 0.064453125
2 0.13671875 0.4892578125 0.1078125 0.126953125
2 0.36796875 0.484375 0.0546875 0.0546875
0 0.3234375 0.4521484375 0.0125 0.013671875
10 0.85390625 0.53515625 0.0234375 0.07421875
2 0.32578125 0.48046875 0.0546875 0.04296875
9 0.00703125 0.3564453125 0.0109375 0.017578125
11 0.01328125 0.3017578125 0.0265625 0.068359375
11 0.55546875 0.4130859375 0.0078125 0.021484375
2 0.2953125 0.4765625 0.0375 0.0390625
10 0.059375 0.525390625 0.015625 0.05078125
2 0.26953125 0.4638671875 0.0484375 0.044921875
11 0.01953125 0.4150390625 0.0390625 0.025390625
0 0.196875 0.4638671875 0.0125 0.037109375
11 0.2921875 0.43359375 0.0125 0.015625
9 0.62578125 0.06640625 0.0265625 0.09765625
0 0.915625 0.517578125 0.040625 0.140625
2 0.56953125 0.49609375 0.1515625 0.109375
2 0.425 0.4892578125 0.1 0.064453125
2 0.13671875 0.4892578125 0.1078125 0.126953125
2 0.36796875 0.484375 0.0546875 0.0546875
0 0.3234375 0.4521484375 0.0125 0.013671875
10 0.85390625 0.53515625 0.0234375 0.07421875
2 0.32578125 0.48046875 0.0546875 0.04296875
9 0.00703125 0.3564453125 0.0109375 0.017578125
11 0.01328125 0.3017578125 0.0265625 0.068359375
11 0.55546875 0.4130859375 0.0078125 0.021484375
2 0.2953125 0.4765625 0.0375 0.0390625
10 0.059375 0.525390625 0.015625 0.05078125
2 0.26953125 0.4638671875 0.0484375 0.044921875
11 0.01953125 0.4150390625 0.0390625 0.025390625
0 0.196875 0.4638671875 0.0125 0.037109375
11 0.2921875 0.43359375 0.0125 0.015625
