9 0.4953125 0.3056640625 0.009375 0.033203125
9 0.634375 0.3046875 0.009375 0.03515625
11 0.7109375 0.3193359375 0.05 0.021484375
0 0.6 0.4658203125 0.0125 0.052734375
2 0.4609375 0.4609375 0.075 0.05078125
2 0.37421875 0.4619140625 0.0609375 0.037109375
2 0.18125 0.546875 0.24375 0.19921875
2 0.08125 0.625 0.1625 0.23046875
2 0.253125 0.458984375 0.06875 0.0546875
2 0.03984375 0.48046875 0.0796875 0.08984375
11 0.16640625 0.380859375 0.0203125 0.07421875
9 0.90859375 0.2421875 0.0171875 0.046875
9 0.87421875 0.2578125 0.0171875 0.046875
9 0.7578125 0.3837890625 0.00625 0.013671875
11 0.96640625 0.2421875 0.0390625 0.046875
11 0.0421875 0.4013671875 0.01875 0.013671875
9 0.0328125 0.36328125 0.01875 0.04296875
2 0.33125 0.4599609375 0.04375 0.033203125
2 0.925 0.6748046875 0.146875 0.294921875
0 0.29453125 0.44140625 0.0078125 0.01171875
11 0.98671875 0.396484375 0.0171875 0.015625
10 0.5796875 0.4755859375 0.009375 0.029296875
2 0.3 0.4580078125 0.025 0.025390625
9 0.0625 0.3623046875 0.021875 0.041015625
9 0.4953125 0.3056640625 0.009375 0.033203125
9 0.634375 0.3046875 0.009375 0.03515625
11 0.7109375 0.3193359375 0.05 0.021484375
0 0.6 0.4658203125 0.0125 0.052734375
2 0.4609375 0.4609375 0.075 0.05078125
2 0.37421875 0.4619140625 0.0609375 0.037109375
2 0.18125 0.546875 0.24375 0.19921875
2 0.08125 0.625 0.1625 0.23046875
2 0.253125 0.458984375 0.06875 0.0546875
2 0.03984375 0.48046875 0.0796875 0.08984375
11 0.16640625 0.380859375 0.0203125 0.07421875
9 0.90859375 0.2421875 0.0171875 0.046875
9 0.87421875 0.2578125 0.0171875 0.046875
9 0.7578125 0.3837890625 0.00625 0.013671875
11 0.96640625 0.2421875 0.0390625 0.046875
11 0.0421875 0.4013671875 0.01875 0.013671875
9 0.0328125 0.36328125 0.01875 0.04296875
2 0.33125 0.4599609375 0.04375 0.033203125
2 0.925 0.6748046875 0.146875 0.294921875
0 0.29453125 0.44140625 0.0078125 0.01171875
11 0.98671875 0.396484375 0.0171875 0.015625
10 0.5796875 0.4755859375 0.009375 0.029296875
2 0.3 0.4580078125 0.025 0.025390625
9 0.0625 0.3623046875 0.021875 0.041015625
