0 0.72109375 0.3779296875 0.0203125 0.076171875
0 0.6765625 0.3837890625 0.021875 0.076171875
0 0.59765625 0.375 0.0171875 0.0625
2 0.4 0.3818359375 0.046875 0.048828125
2 0.42734375 0.3759765625 0.0234375 0.037109375
2 0.45859375 0.365234375 0.0140625 0.0234375
2 0.48203125 0.3779296875 0.0359375 0.037109375
2 0.5609375 0.3818359375 0.0375 0.041015625
2 0.53828125 0.375 0.0234375 0.03125
11 0.25625 0.1298828125 0.0375 0.052734375
9 0.41875 0.142578125 0.015625 0.0546875
9 0.4421875 0.1435546875 0.0125 0.052734375
9 0.40234375 0.1435546875 0.0140625 0.052734375
2 0.496875 0.373046875 0.021875 0.03125
9 0.46953125 0.3125 0.0046875 0.01171875
3 0.25859375 0.3916015625 0.0203125 0.037109375
3 0.0109375 0.435546875 0.021875 0.03515625
11 0.965625 0.3125 0.065625 0.078125
11 0.96796875 0.1943359375 0.0578125 0.029296875
9 0.97890625 0.240234375 0.0328125 0.0390625
2 0.16640625 0.3974609375 0.0578125 0.044921875
2 0.5109375 0.3671875 0.015625 0.01953125
9 0.928125 0.2353515625 0.0375 0.041015625
0 0.059375 0.38671875 0.015625 0.03515625
0 0.1109375 0.376953125 0.0125 0.015625
2 0.3625 0.3740234375 0.0375 0.041015625
11 0.665625 0.3134765625 0.021875 0.025390625
10 0.93125 0.404296875 0.0125 0.02734375
0 0.14140625 0.3828125 0.0140625 0.03515625
0 0.08203125 0.3896484375 0.0109375 0.013671875
0 0.08984375 0.3876953125 0.0109375 0.013671875
0 0.03671875 0.400390625 0.0109375 0.0234375
1 0.13125 0.4091796875 0.015625 0.021484375
9 0.034375 0.10546875 0.015625 0.05859375
9 0.66640625 0.28125 0.0109375 0.015625
0 0.76015625 0.3818359375 0.0171875 0.068359375
0 0.2625 0.3837890625 0.0125 0.037109375
2 0.3203125 0.380859375 0.05625 0.0546875
9 0.01015625 0.109375 0.0203125 0.0546875
3 0.45234375 0.373046875 0.0109375 0.01953125
0 0.45234375 0.3662109375 0.0109375 0.021484375
0 0.72109375 0.3779296875 0.0203125 0.076171875
0 0.6765625 0.3837890625 0.021875 0.076171875
0 0.59765625 0.375 0.0171875 0.0625
2 0.4 0.3818359375 0.046875 0.048828125
2 0.42734375 0.3759765625 0.0234375 0.037109375
2 0.45859375 0.365234375 0.0140625 0.0234375
2 0.48203125 0.3779296875 0.0359375 0.037109375
2 0.5609375 0.3818359375 0.0375 0.041015625
2 0.53828125 0.375 0.0234375 0.03125
11 0.25625 0.1298828125 0.0375 0.052734375
9 0.41875 0.142578125 0.015625 0.0546875
9 0.4421875 0.1435546875 0.0125 0.052734375
9 0.40234375 0.1435546875 0.0140625 0.052734375
2 0.496875 0.373046875 0.021875 0.03125
9 0.46953125 0.3125 0.0046875 0.01171875
3 0.25859375 0.3916015625 0.0203125 0.037109375
3 0.0109375 0.435546875 0.021875 0.03515625
11 0.965625 0.3125 0.065625 0.078125
11 0.96796875 0.1943359375 0.0578125 0.029296875
9 0.97890625 0.240234375 0.0328125 0.0390625
2 0.16640625 0.3974609375 0.0578125 0.044921875
2 0.5109375 0.3671875 0.015625 0.01953125
9 0.928125 0.2353515625 0.0375 0.041015625
0 0.059375 0.38671875 0.015625 0.03515625
0 0.1109375 0.376953125 0.0125 0.015625
2 0.3625 0.3740234375 0.0375 0.041015625
11 0.665625 0.3134765625 0.021875 0.025390625
10 0.93125 0.404296875 0.0125 0.02734375
0 0.14140625 0.3828125 0.0140625 0.03515625
0 0.08203125 0.3896484375 0.0109375 0.013671875
0 0.08984375 0.3876953125 0.0109375 0.013671875
0 0.03671875 0.400390625 0.0109375 0.0234375
1 0.13125 0.4091796875 0.015625 0.021484375
9 0.034375 0.10546875 0.015625 0.05859375
9 0.66640625 0.28125 0.0109375 0.015625
0 0.76015625 0.3818359375 0.0171875 0.068359375
0 0.2625 0.3837890625 0.0125 0.037109375
2 0.3203125 0.380859375 0.05625 0.0546875
9 0.01015625 0.109375 0.0203125 0.0546875
3 0.45234375 0.373046875 0.0109375 0.01953125
0 0.45234375 0.3662109375 0.0109375 0.021484375
