9 0.48359375 0.296875 0.0109375 0.0390625
9 0.63828125 0.294921875 0.0109375 0.0390625
11 0.72421875 0.310546875 0.0546875 0.0234375
0 0.6 0.4697265625 0.015625 0.056640625
2 0.44765625 0.4658203125 0.0796875 0.052734375
2 0.35625 0.4658203125 0.065625 0.037109375
2 0.10546875 0.60546875 0.2109375 0.29296875
2 0.22578125 0.4638671875 0.0703125 0.060546875
11 0.0328125 0.3671875 0.034375 0.09375
9 0.9609375 0.212890625 0.021875 0.05859375
9 0.91640625 0.2353515625 0.0203125 0.052734375
9 0.7734375 0.380859375 0.009375 0.015625
2 0.31171875 0.466796875 0.0453125 0.03515625
2 0.90390625 0.681640625 0.1890625 0.3515625
0 0.27109375 0.4453125 0.0078125 0.01171875
10 0.57890625 0.482421875 0.0109375 0.03125
2 0.2765625 0.4638671875 0.034375 0.029296875
9 0.18359375 0.4013671875 0.0078125 0.013671875
9 0.12890625 0.2978515625 0.0140625 0.033203125
9 0.09609375 0.287109375 0.0140625 0.0390625
11 0.16796875 0.330078125 0.0203125 0.01953125
11 0.18046875 0.3681640625 0.0140625 0.037109375
2 0.17265625 0.4619140625 0.0359375 0.033203125
9 0.48359375 0.296875 0.0109375 0.0390625
9 0.63828125 0.294921875 0.0109375 0.0390625
11 0.72421875 0.310546875 0.0546875 0.0234375
0 0.6 0.4697265625 0.015625 0.056640625
2 0.44765625 0.4658203125 0.0796875 0.052734375
2 0.35625 0.4658203125 0.065625 0.037109375
2 0.10546875 0.60546875 0.2109375 0.29296875
2 0.22578125 0.4638671875 0.0703125 0.060546875
11 0.0328125 0.3671875 0.034375 0.09375
9 0.9609375 0.212890625 0.021875 0.05859375
9 0.91640625 0.2353515625 0.0203125 0.052734375
9 0.7734375 0.380859375 0.009375 0.015625
2 0.31171875 0.466796875 0.0453125 0.03515625
2 0.90390625 0.681640625 0.1890625 0.3515625
0 0.27109375 0.4453125 0.0078125 0.01171875
10 0.57890625 0.482421875 0.0109375 0.03125
2 0.2765625 0.4638671875 0.034375 0.029296875
9 0.18359375 0.4013671875 0.0078125 0.013671875
9 0.12890625 0.2978515625 0.0140625 0.033203125
9 0.09609375 0.287109375 0.0140625 0.0390625
11 0.16796875 0.330078125 0.0203125 0.01953125
11 0.18046875 0.3681640625 0.0140625 0.037109375
2 0.17265625 0.4619140625 0.0359375 0.033203125
