0 0.70078125 0.3779296875 0.0203125 0.072265625
0 0.6625 0.3828125 0.01875 0.0703125
0 0.58984375 0.375 0.0171875 0.05859375
2 0.40234375 0.3857421875 0.0453125 0.048828125
2 0.42734375 0.3779296875 0.0234375 0.037109375
2 0.45703125 0.3681640625 0.0140625 0.025390625
2 0.48359375 0.3779296875 0.0359375 0.037109375
2 0.5578125 0.3818359375 0.034375 0.037109375
2 0.53984375 0.376953125 0.0265625 0.03125
11 0.278125 0.1552734375 0.034375 0.044921875
9 0.4265625 0.16796875 0.015625 0.05078125
9 0.440625 0.166015625 0.015625 0.046875
9 0.41171875 0.1669921875 0.0140625 0.048828125
9 0.0765625 0.1396484375 0.015625 0.048828125
9 0.06015625 0.1396484375 0.0171875 0.048828125
9 0.04140625 0.1376953125 0.0171875 0.048828125
2 0.31640625 0.3779296875 0.0171875 0.037109375
2 0.496875 0.375 0.021875 0.03125
9 0.46796875 0.318359375 0.0046875 0.01171875
3 0.28046875 0.39453125 0.0171875 0.03125
0 0.06171875 0.41015625 0.0265625 0.05859375
11 0.8890625 0.3154296875 0.053125 0.060546875
11 0.8890625 0.21484375 0.05625 0.0234375
9 0.90390625 0.2568359375 0.0203125 0.025390625
2 0.18359375 0.400390625 0.0515625 0.04296875
9 0.653125 0.287109375 0.0125 0.015625
2 0.509375 0.369140625 0.015625 0.01953125
9 0.8703125 0.2568359375 0.025 0.025390625
0 0.98046875 0.439453125 0.0359375 0.08984375
0 0.08671875 0.3896484375 0.0140625 0.033203125
0 0.128125 0.37890625 0.0125 0.015625
2 0.3703125 0.37109375 0.03125 0.03515625
11 0.65078125 0.3193359375 0.0203125 0.025390625
3 0.45234375 0.3759765625 0.0109375 0.021484375
0 0.453125 0.3681640625 0.0125 0.021484375
0 0.15546875 0.384765625 0.0109375 0.03125
0 0.73828125 0.380859375 0.0171875 0.06640625
3 0.06171875 0.4248046875 0.0609375 0.048828125
2 0.33671875 0.380859375 0.0484375 0.05078125
0 0.28203125 0.37890625 0.0140625 0.03515625
0 0.70078125 0.3779296875 0.0203125 0.072265625
0 0.6625 0.3828125 0.01875 0.0703125
0 0.58984375 0.375 0.0171875 0.05859375
2 0.40234375 0.3857421875 0.0453125 0.048828125
2 0.42734375 0.3779296875 0.0234375 0.037109375
2 0.45703125 0.3681640625 0.0140625 0.025390625
2 0.48359375 0.3779296875 0.0359375 0.037109375
2 0.5578125 0.3818359375 0.034375 0.037109375
2 0.53984375 0.376953125 0.0265625 0.03125
11 0.278125 0.1552734375 0.034375 0.044921875
9 0.4265625 0.16796875 0.015625 0.05078125
9 0.440625 0.166015625 0.015625 0.046875
9 0.41171875 0.1669921875 0.0140625 0.048828125
9 0.0765625 0.1396484375 0.015625 0.048828125
9 0.06015625 0.1396484375 0.0171875 0.048828125
9 0.04140625 0.1376953125 0.0171875 0.048828125
2 0.31640625 0.3779296875 0.0171875 0.037109375
2 0.496875 0.375 0.021875 0.03125
9 0.46796875 0.318359375 0.0046875 0.01171875
3 0.28046875 0.39453125 0.0171875 0.03125
0 0.06171875 0.41015625 0.0265625 0.05859375
11 0.8890625 0.3154296875 0.053125 0.060546875
11 0.8890625 0.21484375 0.05625 0.0234375
9 0.90390625 0.2568359375 0.0203125 0.025390625
2 0.18359375 0.400390625 0.0515625 0.04296875
9 0.653125 0.287109375 0.0125 0.015625
2 0.509375 0.369140625 0.015625 0.01953125
9 0.8703125 0.2568359375 0.025 0.025390625
0 0.98046875 0.439453125 0.0359375 0.08984375
0 0.08671875 0.3896484375 0.0140625 0.033203125
0 0.128125 0.37890625 0.0125 0.015625
2 0.3703125 0.37109375 0.03125 0.03515625
11 0.65078125 0.3193359375 0.0203125 0.025390625
3 0.45234375 0.3759765625 0.0109375 0.021484375
0 0.453125 0.3681640625 0.0125 0.021484375
0 0.15546875 0.384765625 0.0109375 0.03125
0 0.73828125 0.380859375 0.0171875 0.06640625
3 0.06171875 0.4248046875 0.0609375 0.048828125
2 0.33671875 0.380859375 0.0484375 0.05078125
0 0.28203125 0.37890625 0.0140625 0.03515625
