2 0.8625 0.4619140625 0.271875 0.287109375
2 0.61171875 0.353515625 0.0453125 0.05078125
2 0.54375 0.3564453125 0.03125 0.029296875
7 0.53046875 0.33984375 0.0171875 0.02734375
7 0.503125 0.3388671875 0.009375 0.009765625
2 0.50546875 0.3466796875 0.0109375 0.009765625
2 0.49140625 0.3505859375 0.0171875 0.017578125
2 0.0765625 0.37890625 0.059375 0.046875
2 0.33671875 0.3525390625 0.0140625 0.013671875
2 0.3 0.3515625 0.021875 0.0234375
2 0.23515625 0.36328125 0.0296875 0.0234375
2 0.36875 0.3505859375 0.009375 0.009765625
2 0.378125 0.3505859375 0.009375 0.009765625
7 0.26875 0.34375 0.04375 0.046875
2 0.35703125 0.34765625 0.0140625 0.01171875
2 0.3953125 0.3486328125 0.009375 0.009765625
2 0.11328125 0.373046875 0.0296875 0.03125
2 0.8625 0.4619140625 0.271875 0.287109375
2 0.61171875 0.353515625 0.0453125 0.05078125
2 0.54375 0.3564453125 0.03125 0.029296875
7 0.53046875 0.33984375 0.0171875 0.02734375
7 0.503125 0.3388671875 0.009375 0.009765625
2 0.50546875 0.3466796875 0.0109375 0.009765625
2 0.49140625 0.3505859375 0.0171875 0.017578125
2 0.0765625 0.37890625 0.059375 0.046875
2 0.33671875 0.3525390625 0.0140625 0.013671875
2 0.3 0.3515625 0.021875 0.0234375
2 0.23515625 0.36328125 0.0296875 0.0234375
2 0.36875 0.3505859375 0.009375 0.009765625
2 0.378125 0.3505859375 0.009375 0.009765625
7 0.26875 0.34375 0.04375 0.046875
2 0.35703125 0.34765625 0.0140625 0.01171875
2 0.3953125 0.3486328125 0.009375 0.009765625
2 0.11328125 0.373046875 0.0296875 0.03125
