2 0.9453125 0.5361328125 0.10625 0.294921875
2 0.60625 0.357421875 0.04375 0.046875
2 0.54375 0.3583984375 0.03125 0.029296875
7 0.53125 0.34375 0.01875 0.03125
7 0.50546875 0.3447265625 0.0140625 0.017578125
2 0.49140625 0.3544921875 0.0171875 0.021484375
2 0.034375 0.3916015625 0.0625 0.044921875
2 0.26015625 0.3623046875 0.0296875 0.025390625
2 0.22578125 0.3583984375 0.0390625 0.037109375
2 0.33828125 0.357421875 0.0171875 0.015625
2 0.3625 0.353515625 0.015625 0.015625
2 0.384375 0.3505859375 0.009375 0.009765625
2 0.303125 0.3583984375 0.015625 0.013671875
2 0.39375 0.3505859375 0.009375 0.009765625
2 0.9453125 0.5361328125 0.10625 0.294921875
2 0.60625 0.357421875 0.04375 0.046875
2 0.54375 0.3583984375 0.03125 0.029296875
7 0.53125 0.34375 0.01875 0.03125
7 0.50546875 0.3447265625 0.0140625 0.017578125
2 0.49140625 0.3544921875 0.0171875 0.021484375
2 0.034375 0.3916015625 0.0625 0.044921875
2 0.26015625 0.3623046875 0.0296875 0.025390625
2 0.22578125 0.3583984375 0.0390625 0.037109375
2 0.33828125 0.357421875 0.0171875 0.015625
2 0.3625 0.353515625 0.015625 0.015625
2 0.384375 0.3505859375 0.009375 0.009765625
2 0.303125 0.3583984375 0.015625 0.013671875
2 0.39375 0.3505859375 0.009375 0.009765625
