2 0.3640625 0.642578125 0.10625 0.1015625
2 0.521875 0.63671875 0.01875 0.0234375
7 0.9703125 0.658203125 0.05625 0.22265625
7 0.77421875 0.62890625 0.0859375 0.1484375
7 0.67265625 0.6279296875 0.0609375 0.080078125
7 0.59453125 0.6279296875 0.0296875 0.052734375
7 0.621875 0.62890625 0.028125 0.05078125
2 0.5484375 0.6357421875 0.0125 0.013671875
7 0.88125 0.650390625 0.184375 0.1796875
2 0.3640625 0.642578125 0.10625 0.1015625
2 0.521875 0.63671875 0.01875 0.0234375
7 0.9703125 0.658203125 0.05625 0.22265625
7 0.77421875 0.62890625 0.0859375 0.1484375
7 0.67265625 0.6279296875 0.0609375 0.080078125
7 0.59453125 0.6279296875 0.0296875 0.052734375
7 0.621875 0.62890625 0.028125 0.05078125
2 0.5484375 0.6357421875 0.0125 0.013671875
7 0.88125 0.650390625 0.184375 0.1796875
