2 0.7328125 0.484375 0.0625 0.05859375
9 0.48828125 0.220703125 0.0203125 0.06640625
9 0.66015625 0.208984375 0.0203125 0.06640625
11 0.53671875 0.201171875 0.0265625 0.05078125
11 0.79765625 0.2392578125 0.0859375 0.037109375
11 0.01875 0.2744140625 0.0375 0.048828125
9 0.00546875 0.3701171875 0.0109375 0.017578125
9 0.0671875 0.369140625 0.01875 0.015625
11 0.03046875 0.39453125 0.0609375 0.01953125
11 0.86328125 0.3115234375 0.0296875 0.052734375
0 0.9171875 0.5205078125 0.034375 0.115234375
0 0.89765625 0.4892578125 0.0296875 0.099609375
2 0.57421875 0.4892578125 0.0421875 0.048828125
11 0.63828125 0.4091796875 0.0171875 0.029296875
2 0.1296875 0.525390625 0.078125 0.0625
2 0.0640625 0.5244140625 0.059375 0.068359375
0 0.48671875 0.4755859375 0.0109375 0.037109375
2 0.19453125 0.5048828125 0.0328125 0.037109375
2 0.33828125 0.4873046875 0.0296875 0.025390625
11 0.02421875 0.31640625 0.0265625 0.03125
2 0.1625 0.50390625 0.040625 0.0390625
2 0.11171875 0.5107421875 0.0421875 0.048828125
2 0.21953125 0.4970703125 0.0359375 0.041015625
2 0.86953125 0.4638671875 0.0359375 0.029296875
2 0.946875 0.4521484375 0.059375 0.033203125
2 0.2484375 0.49609375 0.025 0.03125
2 0.7328125 0.484375 0.0625 0.05859375
9 0.48828125 0.220703125 0.0203125 0.06640625
9 0.66015625 0.208984375 0.0203125 0.06640625
11 0.53671875 0.201171875 0.0265625 0.05078125
11 0.79765625 0.2392578125 0.0859375 0.037109375
11 0.01875 0.2744140625 0.0375 0.048828125
9 0.00546875 0.3701171875 0.0109375 0.017578125
9 0.0671875 0.369140625 0.01875 0.015625
11 0.03046875 0.39453125 0.0609375 0.01953125
11 0.86328125 0.3115234375 0.0296875 0.052734375
0 0.9171875 0.5205078125 0.034375 0.115234375
0 0.89765625 0.4892578125 0.0296875 0.099609375
2 0.57421875 0.4892578125 0.0421875 0.048828125
11 0.63828125 0.4091796875 0.0171875 0.029296875
2 0.1296875 0.525390625 0.078125 0.0625
2 0.0640625 0.5244140625 0.059375 0.068359375
0 0.48671875 0.4755859375 0.0109375 0.037109375
2 0.19453125 0.5048828125 0.0328125 0.037109375
2 0.33828125 0.4873046875 0.0296875 0.025390625
11 0.02421875 0.31640625 0.0265625 0.03125
2 0.1625 0.50390625 0.040625 0.0390625
2 0.11171875 0.5107421875 0.0421875 0.048828125
2 0.21953125 0.4970703125 0.0359375 0.041015625
2 0.86953125 0.4638671875 0.0359375 0.029296875
2 0.946875 0.4521484375 0.059375 0.033203125
2 0.2484375 0.49609375 0.025 0.03125
