2 0.32109375 0.6435546875 0.1421875 0.123046875
2 0.521875 0.630859375 0.01875 0.0234375
7 0.80546875 0.626953125 0.1265625 0.1640625
7 0.67578125 0.6240234375 0.0609375 0.080078125
7 0.59453125 0.625 0.0296875 0.05078125
7 0.621875 0.626953125 0.028125 0.05078125
2 0.5484375 0.6298828125 0.0125 0.013671875
7 0.903125 0.6533203125 0.190625 0.185546875
2 0.32109375 0.6435546875 0.1421875 0.123046875
2 0.521875 0.630859375 0.01875 0.0234375
7 0.80546875 0.626953125 0.1265625 0.1640625
7 0.67578125 0.6240234375 0.0609375 0.080078125
7 0.59453125 0.625 0.0296875 0.05078125
7 0.621875 0.626953125 0.028125 0.05078125
2 0.5484375 0.6298828125 0.0125 0.013671875
7 0.903125 0.6533203125 0.190625 0.185546875
