9 0.48671875 0.298828125 0.0109375 0.03515625
9 0.63828125 0.296875 0.0109375 0.0390625
11 0.71953125 0.3115234375 0.0546875 0.021484375
0 0.60078125 0.4677734375 0.0140625 0.052734375
2 0.4515625 0.462890625 0.078125 0.0546875
2 0.36171875 0.4638671875 0.0640625 0.037109375
2 0.12109375 0.5791015625 0.2421875 0.259765625
2 0.23359375 0.4619140625 0.0703125 0.060546875
11 0.07109375 0.3720703125 0.0484375 0.080078125
9 0.94296875 0.2216796875 0.0203125 0.056640625
9 0.90234375 0.2412109375 0.0203125 0.048828125
9 0.76953125 0.3798828125 0.0078125 0.013671875
11 0.99453125 0.2265625 0.0078125 0.03515625
2 0.3171875 0.462890625 0.04375 0.03515625
2 0.91015625 0.6845703125 0.1765625 0.357421875
0 0.27734375 0.443359375 0.0078125 0.01171875
10 0.57890625 0.4765625 0.0109375 0.03125
2 0.28515625 0.4609375 0.0296875 0.02734375
9 0.00625 0.3515625 0.0125 0.0390625
9 0.19453125 0.3994140625 0.0078125 0.013671875
9 0.1390625 0.2998046875 0.015625 0.033203125
9 0.11015625 0.2890625 0.0140625 0.0390625
11 0.1796875 0.3310546875 0.01875 0.017578125
11 0.190625 0.369140625 0.015625 0.03515625
2 0.18125 0.4560546875 0.034375 0.029296875
9 0.48671875 0.298828125 0.0109375 0.03515625
9 0.63828125 0.296875 0.0109375 0.0390625
11 0.71953125 0.3115234375 0.0546875 0.021484375
0 0.60078125 0.4677734375 0.0140625 0.052734375
2 0.4515625 0.462890625 0.078125 0.0546875
2 0.36171875 0.4638671875 0.0640625 0.037109375
2 0.12109375 0.5791015625 0.2421875 0.259765625
2 0.23359375 0.4619140625 0.0703125 0.060546875
11 0.07109375 0.3720703125 0.0484375 0.080078125
9 0.94296875 0.2216796875 0.0203125 0.056640625
9 0.90234375 0.2412109375 0.0203125 0.048828125
9 0.76953125 0.3798828125 0.0078125 0.013671875
11 0.99453125 0.2265625 0.0078125 0.03515625
2 0.3171875 0.462890625 0.04375 0.03515625
2 0.91015625 0.6845703125 0.1765625 0.357421875
0 0.27734375 0.443359375 0.0078125 0.01171875
10 0.57890625 0.4765625 0.0109375 0.03125
2 0.28515625 0.4609375 0.0296875 0.02734375
9 0.00625 0.3515625 0.0125 0.0390625
9 0.19453125 0.3994140625 0.0078125 0.013671875
9 0.1390625 0.2998046875 0.015625 0.033203125
9 0.11015625 0.2890625 0.0140625 0.0390625
11 0.1796875 0.3310546875 0.01875 0.017578125
11 0.190625 0.369140625 0.015625 0.03515625
2 0.18125 0.4560546875 0.034375 0.029296875
