2 0.97578125 0.6435546875 0.0453125 0.212890625
2 0.6859375 0.4482421875 0.046875 0.044921875
2 0.5859375 0.4443359375 0.0125 0.013671875
2 0.52421875 0.4453125 0.0203125 0.01953125
0 0.4875 0.4443359375 0.009375 0.029296875
9 0.509375 0.279296875 0.0125 0.04296875
9 0.6171875 0.271484375 0.0125 0.046875
11 0.54140625 0.263671875 0.0203125 0.03125
11 0.70625 0.291015625 0.05625 0.0234375
11 0.221875 0.3115234375 0.025 0.033203125
9 0.2078125 0.3701171875 0.009375 0.009765625
9 0.2453125 0.3681640625 0.009375 0.009765625
0 0.58984375 0.470703125 0.0328125 0.0703125
0 0.21015625 0.5234375 0.0484375 0.16796875
0 0.14140625 0.5263671875 0.0359375 0.177734375
9 0.11796875 0.20703125 0.0171875 0.05859375
9 0.20234375 0.244140625 0.0140625 0.05078125
2 0.265625 0.4599609375 0.03125 0.033203125
11 0.22734375 0.384765625 0.0359375 0.01171875
0 0.02890625 0.5068359375 0.0421875 0.138671875
2 0.12109375 0.4794921875 0.0328125 0.037109375
2 0.3140625 0.45703125 0.0375 0.03515625
2 0.009375 0.4892578125 0.01875 0.041015625
9 0.9609375 0.2705078125 0.028125 0.033203125
11 0.74609375 0.3359375 0.0203125 0.03515625
2 0.08203125 0.4833984375 0.0578125 0.044921875
0 0.87890625 0.4619140625 0.0296875 0.083984375
2 0.465625 0.4345703125 0.015625 0.017578125
2 0.396875 0.44921875 0.028125 0.0234375
0 0.871875 0.4228515625 0.0125 0.025390625
2 0.84609375 0.4248046875 0.0328125 0.021484375
2 0.28671875 0.45703125 0.0171875 0.01953125
0 0.059375 0.4609375 0.0125 0.0234375
2 0.81953125 0.4296875 0.0171875 0.015625
2 0.246875 0.4716796875 0.03125 0.048828125
2 0.16875 0.4755859375 0.034375 0.033203125
2 0.97578125 0.6435546875 0.0453125 0.212890625
2 0.6859375 0.4482421875 0.046875 0.044921875
2 0.5859375 0.4443359375 0.0125 0.013671875
2 0.52421875 0.4453125 0.0203125 0.01953125
0 0.4875 0.4443359375 0.009375 0.029296875
9 0.509375 0.279296875 0.0125 0.04296875
9 0.6171875 0.271484375 0.0125 0.046875
11 0.54140625 0.263671875 0.0203125 0.03125
11 0.70625 0.291015625 0.05625 0.0234375
11 0.221875 0.3115234375 0.025 0.033203125
9 0.2078125 0.3701171875 0.009375 0.009765625
9 0.2453125 0.3681640625 0.009375 0.009765625
0 0.58984375 0.470703125 0.0328125 0.0703125
0 0.21015625 0.5234375 0.0484375 0.16796875
0 0.14140625 0.5263671875 0.0359375 0.177734375
9 0.11796875 0.20703125 0.0171875 0.05859375
9 0.20234375 0.244140625 0.0140625 0.05078125
2 0.265625 0.4599609375 0.03125 0.033203125
11 0.22734375 0.384765625 0.0359375 0.01171875
0 0.02890625 0.5068359375 0.0421875 0.138671875
2 0.12109375 0.4794921875 0.0328125 0.037109375
2 0.3140625 0.45703125 0.0375 0.03515625
2 0.009375 0.4892578125 0.01875 0.041015625
9 0.9609375 0.2705078125 0.028125 0.033203125
11 0.74609375 0.3359375 0.0203125 0.03515625
2 0.08203125 0.4833984375 0.0578125 0.044921875
0 0.87890625 0.4619140625 0.0296875 0.083984375
2 0.465625 0.4345703125 0.015625 0.017578125
2 0.396875 0.44921875 0.028125 0.0234375
0 0.871875 0.4228515625 0.0125 0.025390625
2 0.84609375 0.4248046875 0.0328125 0.021484375
2 0.28671875 0.45703125 0.0171875 0.01953125
0 0.059375 0.4609375 0.0125 0.0234375
2 0.81953125 0.4296875 0.0171875 0.015625
2 0.246875 0.4716796875 0.03125 0.048828125
2 0.16875 0.4755859375 0.034375 0.033203125
