2 0.5890625 0.3564453125 0.040625 0.044921875
2 0.53828125 0.361328125 0.0296875 0.02734375
7 0.5328125 0.341796875 0.01875 0.03125
7 0.51484375 0.345703125 0.0109375 0.01953125
2 0.48359375 0.3525390625 0.0171875 0.017578125
2 0.134375 0.3662109375 0.0375 0.021484375
2 0.2125 0.361328125 0.028125 0.015625
2 0.01796875 0.39453125 0.0359375 0.04296875
2 0.27890625 0.357421875 0.0171875 0.01171875
2 0.3046875 0.35546875 0.009375 0.0078125
2 0.328125 0.3544921875 0.009375 0.005859375
2 0.50390625 0.3515625 0.0078125 0.0078125
2 0.5890625 0.3564453125 0.040625 0.044921875
2 0.53828125 0.361328125 0.0296875 0.02734375
7 0.5328125 0.341796875 0.01875 0.03125
7 0.51484375 0.345703125 0.0109375 0.01953125
2 0.48359375 0.3525390625 0.0171875 0.017578125
2 0.134375 0.3662109375 0.0375 0.021484375
2 0.2125 0.361328125 0.028125 0.015625
2 0.01796875 0.39453125 0.0359375 0.04296875
2 0.27890625 0.357421875 0.0171875 0.01171875
2 0.3046875 0.35546875 0.009375 0.0078125
2 0.328125 0.3544921875 0.009375 0.005859375
2 0.50390625 0.3515625 0.0078125 0.0078125
