2 0.39375 0.39453125 0.071875 0.0703125
2 0.8859375 0.5107421875 0.225 0.248046875
2 0.45859375 0.3779296875 0.0453125 0.041015625
0 0.66796875 0.37109375 0.0171875 0.05078125
2 0.484375 0.359375 0.009375 0.01171875
2 0.528125 0.369140625 0.021875 0.0234375
2 0.496875 0.3603515625 0.0125 0.013671875
0 0.68828125 0.3740234375 0.0203125 0.044921875
0 0.878125 0.3681640625 0.028125 0.052734375
2 0.5140625 0.357421875 0.009375 0.01171875
9 0.45390625 0.298828125 0.0078125 0.01953125
9 0.41171875 0.30078125 0.0078125 0.01953125
11 0.21328125 0.4228515625 0.0109375 0.052734375
11 0.88515625 0.2109375 0.0828125 0.015625
11 0.88515625 0.23046875 0.0828125 0.015625
11 0.88515625 0.2509765625 0.0828125 0.013671875
11 0.86796875 0.2705078125 0.0484375 0.013671875
11 0.371875 0.3056640625 0.015625 0.017578125
2 0.3390625 0.375 0.015625 0.0234375
11 0.90078125 0.30078125 0.0203125 0.02734375
11 0.9015625 0.2724609375 0.01875 0.025390625
2 0.42578125 0.3623046875 0.0109375 0.013671875
2 0.32890625 0.3779296875 0.0140625 0.025390625
2 0.31640625 0.37890625 0.0203125 0.02734375
2 0.3 0.3818359375 0.021875 0.029296875
2 0.20078125 0.408203125 0.1046875 0.09375
2 0.27734375 0.384765625 0.0203125 0.02734375
2 0.2625 0.38671875 0.021875 0.03125
0 0.040625 0.3916015625 0.009375 0.052734375
0 0.1578125 0.37890625 0.009375 0.0234375
0 0.0328125 0.39453125 0.0125 0.05078125
0 0.84765625 0.375 0.0171875 0.06640625
2 0.39375 0.39453125 0.071875 0.0703125
2 0.8859375 0.5107421875 0.225 0.248046875
2 0.45859375 0.3779296875 0.0453125 0.041015625
0 0.66796875 0.37109375 0.0171875 0.05078125
2 0.484375 0.359375 0.009375 0.01171875
2 0.528125 0.369140625 0.021875 0.0234375
2 0.496875 0.3603515625 0.0125 0.013671875
0 0.68828125 0.3740234375 0.0203125 0.044921875
0 0.878125 0.3681640625 0.028125 0.052734375
2 0.5140625 0.357421875 0.009375 0.01171875
9 0.45390625 0.298828125 0.0078125 0.01953125
9 0.41171875 0.30078125 0.0078125 0.01953125
11 0.21328125 0.4228515625 0.0109375 0.052734375
11 0.88515625 0.2109375 0.0828125 0.015625
11 0.88515625 0.23046875 0.0828125 0.015625
11 0.88515625 0.2509765625 0.0828125 0.013671875
11 0.86796875 0.2705078125 0.0484375 0.013671875
11 0.371875 0.3056640625 0.015625 0.017578125
2 0.3390625 0.375 0.015625 0.0234375
11 0.90078125 0.30078125 0.0203125 0.02734375
11 0.9015625 0.2724609375 0.01875 0.025390625
2 0.42578125 0.3623046875 0.0109375 0.013671875
2 0.32890625 0.3779296875 0.0140625 0.025390625
2 0.31640625 0.37890625 0.0203125 0.02734375
2 0.3 0.3818359375 0.021875 0.029296875
2 0.20078125 0.408203125 0.1046875 0.09375
2 0.27734375 0.384765625 0.0203125 0.02734375
2 0.2625 0.38671875 0.021875 0.03125
0 0.040625 0.3916015625 0.009375 0.052734375
0 0.1578125 0.37890625 0.009375 0.0234375
0 0.0328125 0.39453125 0.0125 0.05078125
0 0.84765625 0.375 0.0171875 0.06640625
