2 0.90859375 0.5693359375 0.1796875 0.287109375
2 0.6734375 0.4521484375 0.04375 0.041015625
2 0.578125 0.4482421875 0.0125 0.013671875
2 0.5203125 0.4501953125 0.021875 0.021484375
0 0.4875 0.4482421875 0.00625 0.029296875
9 0.51015625 0.30078125 0.0109375 0.0390625
9 0.6078125 0.2939453125 0.009375 0.037109375
11 0.53984375 0.2880859375 0.0171875 0.025390625
11 0.68515625 0.3095703125 0.0484375 0.017578125
11 0.2546875 0.330078125 0.021875 0.02734375
9 0.24140625 0.380859375 0.0078125 0.0078125
9 0.27578125 0.3818359375 0.0078125 0.009765625
0 0.52578125 0.4716796875 0.0171875 0.064453125
0 0.25390625 0.5087890625 0.0359375 0.130859375
0 0.20703125 0.501953125 0.0328125 0.1328125
9 0.17421875 0.244140625 0.0171875 0.046875
9 0.23984375 0.2705078125 0.0109375 0.041015625
2 0.2765625 0.4697265625 0.03125 0.044921875
11 0.2578125 0.3955078125 0.03125 0.009765625
0 0.08828125 0.5009765625 0.0328125 0.107421875
0 0.06484375 0.4609375 0.0109375 0.015625
2 0.15546875 0.482421875 0.0390625 0.0390625
2 0.35 0.458984375 0.025 0.0234375
2 0.0484375 0.4921875 0.059375 0.046875
11 0.91796875 0.369140625 0.0296875 0.03515625
11 0.9203125 0.3330078125 0.059375 0.029296875
9 0.86875 0.310546875 0.01875 0.01953125
9 0.928125 0.2998046875 0.015625 0.017578125
11 0.7234375 0.353515625 0.015625 0.03125
2 0.39765625 0.455078125 0.0171875 0.02734375
2 0.11640625 0.482421875 0.0421875 0.04296875
0 0.84765625 0.458984375 0.0234375 0.0703125
2 0.4671875 0.4404296875 0.01875 0.017578125
2 0.4234375 0.4501953125 0.034375 0.021484375
2 0.90859375 0.5693359375 0.1796875 0.287109375
2 0.6734375 0.4521484375 0.04375 0.041015625
2 0.578125 0.4482421875 0.0125 0.013671875
2 0.5203125 0.4501953125 0.021875 0.021484375
0 0.4875 0.4482421875 0.00625 0.029296875
9 0.51015625 0.30078125 0.0109375 0.0390625
9 0.6078125 0.2939453125 0.009375 0.037109375
11 0.53984375 0.2880859375 0.0171875 0.025390625
11 0.68515625 0.3095703125 0.0484375 0.017578125
11 0.2546875 0.330078125 0.021875 0.02734375
9 0.24140625 0.380859375 0.0078125 0.0078125
9 0.27578125 0.3818359375 0.0078125 0.009765625
0 0.52578125 0.4716796875 0.0171875 0.064453125
0 0.25390625 0.5087890625 0.0359375 0.130859375
0 0.20703125 0.501953125 0.0328125 0.1328125
9 0.17421875 0.244140625 0.0171875 0.046875
9 0.23984375 0.2705078125 0.0109375 0.041015625
2 0.2765625 0.4697265625 0.03125 0.044921875
11 0.2578125 0.3955078125 0.03125 0.009765625
0 0.08828125 0.5009765625 0.0328125 0.107421875
0 0.06484375 0.4609375 0.0109375 0.015625
2 0.15546875 0.482421875 0.0390625 0.0390625
2 0.35 0.458984375 0.025 0.0234375
2 0.0484375 0.4921875 0.059375 0.046875
11 0.91796875 0.369140625 0.0296875 0.03515625
11 0.9203125 0.3330078125 0.059375 0.029296875
9 0.86875 0.310546875 0.01875 0.01953125
9 0.928125 0.2998046875 0.015625 0.017578125
11 0.7234375 0.353515625 0.015625 0.03125
2 0.39765625 0.455078125 0.0171875 0.02734375
2 0.11640625 0.482421875 0.0421875 0.04296875
0 0.84765625 0.458984375 0.0234375 0.0703125
2 0.4671875 0.4404296875 0.01875 0.017578125
2 0.4234375 0.4501953125 0.034375 0.021484375
