2 0.89453125 0.5146484375 0.2078125 0.326171875
2 0.28046875 0.4208984375 0.1296875 0.115234375
2 0.5578125 0.3740234375 0.0375 0.041015625
2 0.4984375 0.4130859375 0.1125 0.107421875
2 0.40078125 0.376953125 0.0546875 0.05078125
2 0.30859375 0.3681640625 0.0578125 0.048828125
2 0.21875 0.3798828125 0.046875 0.044921875
2 0.453125 0.357421875 0.021875 0.0234375
2 0.34140625 0.3681640625 0.0265625 0.033203125
3 0.453125 0.3671875 0.009375 0.01953125
0 0.453125 0.3603515625 0.009375 0.021484375
0 0.425 0.357421875 0.009375 0.01953125
3 0.425 0.3623046875 0.009375 0.017578125
9 0.44296875 0.1875 0.0140625 0.046875
9 0.42734375 0.1875 0.0140625 0.046875
9 0.41171875 0.1875 0.0140625 0.046875
0 0.7421875 0.3759765625 0.021875 0.068359375
0 0.7640625 0.376953125 0.01875 0.0703125
9 0.23984375 0.2177734375 0.0109375 0.033203125
9 0.25390625 0.21875 0.0109375 0.03125
9 0.2265625 0.2177734375 0.0125 0.033203125
0 0.184375 0.37109375 0.009375 0.03515625
0 0.15390625 0.3818359375 0.0140625 0.025390625
0 0.56875 0.3525390625 0.009375 0.021484375
2 0.54296875 0.3623046875 0.0296875 0.037109375
11 0.17421875 0.3388671875 0.0078125 0.009765625
11 0.17421875 0.3525390625 0.0078125 0.009765625
2 0.43359375 0.3583984375 0.0140625 0.017578125
0 0.265625 0.35546875 0.009375 0.015625
2 0.375 0.3603515625 0.015625 0.017578125
11 0.86875 0.26953125 0.0625 0.0234375
11 0.8921875 0.2451171875 0.109375 0.021484375
11 0.89296875 0.2197265625 0.1109375 0.021484375
11 0.89375 0.193359375 0.109375 0.0234375
2 0.496875 0.3544921875 0.025 0.013671875
2 0.521875 0.357421875 0.015625 0.015625
0 0.2484375 0.3564453125 0.009375 0.013671875
0 0.2609375 0.3564453125 0.009375 0.013671875
0 0.17109375 0.373046875 0.0078125 0.03125
0 0.78671875 0.392578125 0.0203125 0.07421875
2 0.89453125 0.5146484375 0.2078125 0.326171875
2 0.28046875 0.4208984375 0.1296875 0.115234375
2 0.5578125 0.3740234375 0.0375 0.041015625
2 0.4984375 0.4130859375 0.1125 0.107421875
2 0.40078125 0.376953125 0.0546875 0.05078125
2 0.30859375 0.3681640625 0.0578125 0.048828125
2 0.21875 0.3798828125 0.046875 0.044921875
2 0.453125 0.357421875 0.021875 0.0234375
2 0.34140625 0.3681640625 0.0265625 0.033203125
3 0.453125 0.3671875 0.009375 0.01953125
0 0.453125 0.3603515625 0.009375 0.021484375
0 0.425 0.357421875 0.009375 0.01953125
3 0.425 0.3623046875 0.009375 0.017578125
9 0.44296875 0.1875 0.0140625 0.046875
9 0.42734375 0.1875 0.0140625 0.046875
9 0.41171875 0.1875 0.0140625 0.046875
0 0.7421875 0.3759765625 0.021875 0.068359375
0 0.7640625 0.376953125 0.01875 0.0703125
9 0.23984375 0.2177734375 0.0109375 0.033203125
9 0.25390625 0.21875 0.0109375 0.03125
9 0.2265625 0.2177734375 0.0125 0.033203125
0 0.184375 0.37109375 0.009375 0.03515625
0 0.15390625 0.3818359375 0.0140625 0.025390625
0 0.56875 0.3525390625 0.009375 0.021484375
2 0.54296875 0.3623046875 0.0296875 0.037109375
11 0.17421875 0.3388671875 0.0078125 0.009765625
11 0.17421875 0.3525390625 0.0078125 0.009765625
2 0.43359375 0.3583984375 0.0140625 0.017578125
0 0.265625 0.35546875 0.009375 0.015625
2 0.375 0.3603515625 0.015625 0.017578125
11 0.86875 0.26953125 0.0625 0.0234375
11 0.8921875 0.2451171875 0.109375 0.021484375
11 0.89296875 0.2197265625 0.1109375 0.021484375
11 0.89375 0.193359375 0.109375 0.0234375
2 0.496875 0.3544921875 0.025 0.013671875
2 0.521875 0.357421875 0.015625 0.015625
0 0.2484375 0.3564453125 0.009375 0.013671875
0 0.2609375 0.3564453125 0.009375 0.013671875
0 0.17109375 0.373046875 0.0078125 0.03125
0 0.78671875 0.392578125 0.0203125 0.07421875
