9 0.50546875 0.306640625 0.0078125 0.03125
9 0.6328125 0.3056640625 0.009375 0.033203125
11 0.70390625 0.318359375 0.0453125 0.01953125
0 0.6015625 0.4521484375 0.0125 0.048828125
2 0.47109375 0.447265625 0.0703125 0.046875
2 0.38828125 0.44921875 0.0578125 0.03515625
2 0.26953125 0.51171875 0.1703125 0.1484375
2 0.13984375 0.5751953125 0.2796875 0.197265625
2 0.2765625 0.4287109375 0.059375 0.017578125
2 0.10703125 0.4501953125 0.1359375 0.056640625
11 0.2359375 0.3798828125 0.021875 0.060546875
9 0.87265625 0.25390625 0.0171875 0.046875
9 0.84765625 0.265625 0.0140625 0.04296875
9 0.746875 0.37890625 0.00625 0.015625
11 0.9203125 0.2568359375 0.03125 0.037109375
11 0.109375 0.3935546875 0.015625 0.017578125
2 0.04765625 0.46484375 0.0953125 0.0546875
9 0.1 0.3623046875 0.0125 0.037109375
2 0.021875 0.5009765625 0.04375 0.060546875
2 0.346875 0.447265625 0.040625 0.03125
2 0.9546875 0.6962890625 0.0875 0.212890625
0 0.31328125 0.4306640625 0.0078125 0.013671875
11 0.93046875 0.3955078125 0.0140625 0.017578125
10 0.5828125 0.462890625 0.009375 0.02734375
9 0.50546875 0.306640625 0.0078125 0.03125
9 0.6328125 0.3056640625 0.009375 0.033203125
11 0.70390625 0.318359375 0.0453125 0.01953125
0 0.6015625 0.4521484375 0.0125 0.048828125
2 0.47109375 0.447265625 0.0703125 0.046875
2 0.38828125 0.44921875 0.0578125 0.03515625
2 0.26953125 0.51171875 0.1703125 0.1484375
2 0.13984375 0.5751953125 0.2796875 0.197265625
2 0.2765625 0.4287109375 0.059375 0.017578125
2 0.10703125 0.4501953125 0.1359375 0.056640625
11 0.2359375 0.3798828125 0.021875 0.060546875
9 0.87265625 0.25390625 0.0171875 0.046875
9 0.84765625 0.265625 0.0140625 0.04296875
9 0.746875 0.37890625 0.00625 0.015625
11 0.9203125 0.2568359375 0.03125 0.037109375
11 0.109375 0.3935546875 0.015625 0.017578125
2 0.04765625 0.46484375 0.0953125 0.0546875
9 0.1 0.3623046875 0.0125 0.037109375
2 0.021875 0.5009765625 0.04375 0.060546875
2 0.346875 0.447265625 0.040625 0.03125
2 0.9546875 0.6962890625 0.0875 0.212890625
0 0.31328125 0.4306640625 0.0078125 0.013671875
11 0.93046875 0.3955078125 0.0140625 0.017578125
10 0.5828125 0.462890625 0.009375 0.02734375
