2 0.39375 0.39453125 0.071875 0.0703125
2 0.88125 0.5009765625 0.234375 0.236328125
2 0.01796875 0.4091796875 0.0359375 0.130859375
2 0.46015625 0.3779296875 0.0453125 0.041015625
0 0.66796875 0.369140625 0.0171875 0.05078125
2 0.48671875 0.3603515625 0.0109375 0.013671875
2 0.53125 0.37109375 0.021875 0.0234375
2 0.4984375 0.359375 0.0125 0.015625
0 0.68671875 0.3720703125 0.0203125 0.044921875
0 0.86953125 0.3642578125 0.0265625 0.048828125
2 0.515625 0.359375 0.009375 0.01171875
9 0.45390625 0.30078125 0.0078125 0.01953125
9 0.41328125 0.302734375 0.0078125 0.01953125
11 0.22109375 0.4267578125 0.0109375 0.044921875
11 0.88203125 0.21875 0.0828125 0.015625
11 0.88203125 0.23828125 0.0828125 0.015625
11 0.88203125 0.2568359375 0.0828125 0.013671875
11 0.86484375 0.2744140625 0.0484375 0.013671875
11 0.375 0.3076171875 0.015625 0.017578125
2 0.34296875 0.373046875 0.0140625 0.0234375
11 0.9 0.2998046875 0.01875 0.021484375
11 0.9 0.275390625 0.01875 0.01953125
2 0.42578125 0.3623046875 0.0109375 0.013671875
2 0.33359375 0.3759765625 0.0140625 0.025390625
2 0.31953125 0.37890625 0.0171875 0.02734375
2 0.303125 0.3798828125 0.021875 0.029296875
2 0.2109375 0.4052734375 0.096875 0.091796875
2 0.28046875 0.3828125 0.0203125 0.02734375
2 0.26484375 0.3837890625 0.0203125 0.029296875
0 0.0453125 0.3916015625 0.009375 0.052734375
0 0.16171875 0.38671875 0.0078125 0.02734375
0 0.0390625 0.392578125 0.009375 0.05078125
2 0.39375 0.39453125 0.071875 0.0703125
2 0.88125 0.5009765625 0.234375 0.236328125
2 0.01796875 0.4091796875 0.0359375 0.130859375
2 0.46015625 0.3779296875 0.0453125 0.041015625
0 0.66796875 0.369140625 0.0171875 0.05078125
2 0.48671875 0.3603515625 0.0109375 0.013671875
2 0.53125 0.37109375 0.021875 0.0234375
2 0.4984375 0.359375 0.0125 0.015625
0 0.68671875 0.3720703125 0.0203125 0.044921875
0 0.86953125 0.3642578125 0.0265625 0.048828125
2 0.515625 0.359375 0.009375 0.01171875
9 0.45390625 0.30078125 0.0078125 0.01953125
9 0.41328125 0.302734375 0.0078125 0.01953125
11 0.22109375 0.4267578125 0.0109375 0.044921875
11 0.88203125 0.21875 0.0828125 0.015625
11 0.88203125 0.23828125 0.0828125 0.015625
11 0.88203125 0.2568359375 0.0828125 0.013671875
11 0.86484375 0.2744140625 0.0484375 0.013671875
11 0.375 0.3076171875 0.015625 0.017578125
2 0.34296875 0.373046875 0.0140625 0.0234375
11 0.9 0.2998046875 0.01875 0.021484375
11 0.9 0.275390625 0.01875 0.01953125
2 0.42578125 0.3623046875 0.0109375 0.013671875
2 0.33359375 0.3759765625 0.0140625 0.025390625
2 0.31953125 0.37890625 0.0171875 0.02734375
2 0.303125 0.3798828125 0.021875 0.029296875
2 0.2109375 0.4052734375 0.096875 0.091796875
2 0.28046875 0.3828125 0.0203125 0.02734375
2 0.26484375 0.3837890625 0.0203125 0.029296875
0 0.0453125 0.3916015625 0.009375 0.052734375
0 0.16171875 0.38671875 0.0078125 0.02734375
0 0.0390625 0.392578125 0.009375 0.05078125
