2 0.90859375 0.5419921875 0.1796875 0.287109375
2 0.65859375 0.486328125 0.1828125 0.12109375
2 0.0765625 0.513671875 0.153125 0.265625
2 0.56640625 0.470703125 0.0828125 0.0859375
0 0.49609375 0.419921875 0.0109375 0.015625
2 0.509375 0.4599609375 0.065625 0.068359375
11 0.92734375 0.3359375 0.0234375 0.046875
2 0.47578125 0.4541015625 0.0453125 0.056640625
2 0.45 0.4365234375 0.0625 0.060546875
0 0.3375 0.4345703125 0.0125 0.044921875
11 0.48203125 0.3974609375 0.0171875 0.021484375
2 0.2328125 0.439453125 0.046875 0.0390625
0 0.840625 0.462890625 0.04375 0.11328125
2 0.21171875 0.470703125 0.0421875 0.06640625
2 0.171875 0.48046875 0.075 0.10546875
2 0.23046875 0.4599609375 0.0359375 0.048828125
2 0.90859375 0.5419921875 0.1796875 0.287109375
2 0.65859375 0.486328125 0.1828125 0.12109375
2 0.0765625 0.513671875 0.153125 0.265625
2 0.56640625 0.470703125 0.0828125 0.0859375
0 0.49609375 0.419921875 0.0109375 0.015625
2 0.509375 0.4599609375 0.065625 0.068359375
11 0.92734375 0.3359375 0.0234375 0.046875
2 0.47578125 0.4541015625 0.0453125 0.056640625
2 0.45 0.4365234375 0.0625 0.060546875
0 0.3375 0.4345703125 0.0125 0.044921875
11 0.48203125 0.3974609375 0.0171875 0.021484375
2 0.2328125 0.439453125 0.046875 0.0390625
0 0.840625 0.462890625 0.04375 0.11328125
2 0.21171875 0.470703125 0.0421875 0.06640625
2 0.171875 0.48046875 0.075 0.10546875
2 0.23046875 0.4599609375 0.0359375 0.048828125
