2 0.590625 0.3544921875 0.040625 0.048828125
2 0.5359375 0.3603515625 0.03125 0.029296875
7 0.528125 0.341796875 0.01875 0.03125
7 0.5109375 0.3447265625 0.009375 0.017578125
2 0.48125 0.3544921875 0.015625 0.021484375
2 0.1 0.373046875 0.053125 0.046875
2 0.2375 0.3662109375 0.025 0.021484375
2 0.29453125 0.353515625 0.0140625 0.01171875
2 0.075 0.3837890625 0.04375 0.037109375
2 0.21953125 0.3681640625 0.0171875 0.021484375
2 0.31875 0.3515625 0.009375 0.0078125
2 0.27734375 0.3564453125 0.0171875 0.009765625
2 0.35546875 0.3515625 0.0078125 0.0078125
2 0.146875 0.3740234375 0.03125 0.021484375
2 0.590625 0.3544921875 0.040625 0.048828125
2 0.5359375 0.3603515625 0.03125 0.029296875
7 0.528125 0.341796875 0.01875 0.03125
7 0.5109375 0.3447265625 0.009375 0.017578125
2 0.48125 0.3544921875 0.015625 0.021484375
2 0.1 0.373046875 0.053125 0.046875
2 0.2375 0.3662109375 0.025 0.021484375
2 0.29453125 0.353515625 0.0140625 0.01171875
2 0.075 0.3837890625 0.04375 0.037109375
2 0.21953125 0.3681640625 0.0171875 0.021484375
2 0.31875 0.3515625 0.009375 0.0078125
2 0.27734375 0.3564453125 0.0171875 0.009765625
2 0.35546875 0.3515625 0.0078125 0.0078125
2 0.146875 0.3740234375 0.03125 0.021484375
