2 0.44921875 0.6279296875 0.0546875 0.056640625
2 0.5265625 0.6298828125 0.01875 0.021484375
7 0.89375 0.623046875 0.209375 0.24609375
7 0.71875 0.6220703125 0.059375 0.115234375
7 0.6578125 0.62109375 0.05 0.0703125
7 0.590625 0.623046875 0.028125 0.046875
7 0.61640625 0.623046875 0.0234375 0.046875
2 0.5484375 0.6279296875 0.0125 0.013671875
7 0.77578125 0.6396484375 0.0640625 0.138671875
2 0.44921875 0.6279296875 0.0546875 0.056640625
2 0.5265625 0.6298828125 0.01875 0.021484375
7 0.89375 0.623046875 0.209375 0.24609375
7 0.71875 0.6220703125 0.059375 0.115234375
7 0.6578125 0.62109375 0.05 0.0703125
7 0.590625 0.623046875 0.028125 0.046875
7 0.61640625 0.623046875 0.0234375 0.046875
2 0.5484375 0.6279296875 0.0125 0.013671875
7 0.77578125 0.6396484375 0.0640625 0.138671875
