2 0.88125 0.486328125 0.234375 0.3359375
2 0.61015625 0.357421875 0.0453125 0.05078125
2 0.54453125 0.359375 0.0296875 0.02734375
7 0.53125 0.341796875 0.01875 0.03125
7 0.5046875 0.3427734375 0.009375 0.009765625
2 0.50546875 0.3505859375 0.0109375 0.009765625
2 0.49140625 0.3544921875 0.0171875 0.017578125
2 0.3 0.3583984375 0.021875 0.017578125
2 0.2359375 0.359375 0.034375 0.03125
2 0.10703125 0.3798828125 0.0515625 0.041015625
2 0.35 0.353515625 0.009375 0.01171875
2 0.36015625 0.353515625 0.0109375 0.01171875
7 0.20234375 0.3505859375 0.0828125 0.060546875
2 0.33515625 0.349609375 0.0203125 0.0234375
2 0.38671875 0.349609375 0.0109375 0.01171875
2 0.39921875 0.34765625 0.0078125 0.0078125
2 0.4109375 0.3486328125 0.00625 0.005859375
2 0.88125 0.486328125 0.234375 0.3359375
2 0.61015625 0.357421875 0.0453125 0.05078125
2 0.54453125 0.359375 0.0296875 0.02734375
7 0.53125 0.341796875 0.01875 0.03125
7 0.5046875 0.3427734375 0.009375 0.009765625
2 0.50546875 0.3505859375 0.0109375 0.009765625
2 0.49140625 0.3544921875 0.0171875 0.017578125
2 0.3 0.3583984375 0.021875 0.017578125
2 0.2359375 0.359375 0.034375 0.03125
2 0.10703125 0.3798828125 0.0515625 0.041015625
2 0.35 0.353515625 0.009375 0.01171875
2 0.36015625 0.353515625 0.0109375 0.01171875
7 0.20234375 0.3505859375 0.0828125 0.060546875
2 0.33515625 0.349609375 0.0203125 0.0234375
2 0.38671875 0.349609375 0.0109375 0.01171875
2 0.39921875 0.34765625 0.0078125 0.0078125
2 0.4109375 0.3486328125 0.00625 0.005859375
