9 0.50859375 0.3076171875 0.0078125 0.029296875
9 0.628125 0.3046875 0.009375 0.03125
11 0.69453125 0.3154296875 0.0421875 0.017578125
0 0.60078125 0.44140625 0.0109375 0.046875
0 0.51015625 0.439453125 0.0109375 0.0390625
2 0.47734375 0.4404296875 0.0640625 0.044921875
2 0.39921875 0.4404296875 0.0578125 0.033203125
2 0.32265625 0.4921875 0.1328125 0.125
2 0.221875 0.541015625 0.215625 0.15234375
2 0.29921875 0.423828125 0.0484375 0.01953125
2 0.14765625 0.451171875 0.1265625 0.05859375
11 0.271875 0.3798828125 0.0375 0.052734375
9 0.8453125 0.2568359375 0.015625 0.041015625
9 0.8234375 0.265625 0.0125 0.0390625
9 0.73671875 0.369140625 0.0046875 0.01171875
11 0.88359375 0.259765625 0.0234375 0.03125
11 0.0328125 0.3369140625 0.034375 0.064453125
11 0.15859375 0.396484375 0.0109375 0.01171875
9 0.17265625 0.3642578125 0.0109375 0.029296875
2 0.10703125 0.4765625 0.0953125 0.0703125
9 0.15 0.3642578125 0.0125 0.029296875
2 0.09765625 0.4990234375 0.0609375 0.068359375
2 0.04140625 0.4921875 0.0828125 0.125
2 0.2484375 0.443359375 0.03125 0.0390625
2 0.3640625 0.4384765625 0.03125 0.025390625
9 0.50859375 0.3076171875 0.0078125 0.029296875
9 0.628125 0.3046875 0.009375 0.03125
11 0.69453125 0.3154296875 0.0421875 0.017578125
0 0.60078125 0.44140625 0.0109375 0.046875
0 0.51015625 0.439453125 0.0109375 0.0390625
2 0.47734375 0.4404296875 0.0640625 0.044921875
2 0.39921875 0.4404296875 0.0578125 0.033203125
2 0.32265625 0.4921875 0.1328125 0.125
2 0.221875 0.541015625 0.215625 0.15234375
2 0.29921875 0.423828125 0.0484375 0.01953125
2 0.14765625 0.451171875 0.1265625 0.05859375
11 0.271875 0.3798828125 0.0375 0.052734375
9 0.8453125 0.2568359375 0.015625 0.041015625
9 0.8234375 0.265625 0.0125 0.0390625
9 0.73671875 0.369140625 0.0046875 0.01171875
11 0.88359375 0.259765625 0.0234375 0.03125
11 0.0328125 0.3369140625 0.034375 0.064453125
11 0.15859375 0.396484375 0.0109375 0.01171875
9 0.17265625 0.3642578125 0.0109375 0.029296875
2 0.10703125 0.4765625 0.0953125 0.0703125
9 0.15 0.3642578125 0.0125 0.029296875
2 0.09765625 0.4990234375 0.0609375 0.068359375
2 0.04140625 0.4921875 0.0828125 0.125
2 0.2484375 0.443359375 0.03125 0.0390625
2 0.3640625 0.4384765625 0.03125 0.025390625
