2 0.590625 0.3583984375 0.040625 0.048828125
2 0.53671875 0.3623046875 0.0296875 0.029296875
7 0.528125 0.34375 0.01875 0.03125
7 0.5109375 0.34765625 0.009375 0.015625
2 0.48125 0.3583984375 0.015625 0.021484375
2 0.01796875 0.3837890625 0.0359375 0.060546875
2 0.19765625 0.37109375 0.0328125 0.02734375
2 0.27578125 0.3564453125 0.0171875 0.013671875
2 0.178125 0.3720703125 0.015625 0.025390625
2 0.30625 0.3544921875 0.0125 0.009765625
2 0.2515625 0.365234375 0.025 0.01953125
2 0.346875 0.353515625 0.009375 0.0078125
2 0.09375 0.37890625 0.0375 0.02734375
2 0.590625 0.3583984375 0.040625 0.048828125
2 0.53671875 0.3623046875 0.0296875 0.029296875
7 0.528125 0.34375 0.01875 0.03125
7 0.5109375 0.34765625 0.009375 0.015625
2 0.48125 0.3583984375 0.015625 0.021484375
2 0.01796875 0.3837890625 0.0359375 0.060546875
2 0.19765625 0.37109375 0.0328125 0.02734375
2 0.27578125 0.3564453125 0.0171875 0.013671875
2 0.178125 0.3720703125 0.015625 0.025390625
2 0.30625 0.3544921875 0.0125 0.009765625
2 0.2515625 0.365234375 0.025 0.01953125
2 0.346875 0.353515625 0.009375 0.0078125
2 0.09375 0.37890625 0.0375 0.02734375
