2 0.93828125 0.5703125 0.1203125 0.265625
2 0.68046875 0.4501953125 0.0453125 0.044921875
2 0.57890625 0.4462890625 0.0140625 0.013671875
2 0.5203125 0.4482421875 0.021875 0.021484375
0 0.48515625 0.447265625 0.0078125 0.03125
9 0.50859375 0.2890625 0.0109375 0.04296875
9 0.6125 0.2822265625 0.0125 0.041015625
11 0.5390625 0.2763671875 0.01875 0.029296875
11 0.6953125 0.30078125 0.053125 0.01953125
11 0.23515625 0.3212890625 0.0234375 0.029296875
9 0.2234375 0.3759765625 0.009375 0.009765625
9 0.25859375 0.3759765625 0.0078125 0.009765625
0 0.5578125 0.47265625 0.021875 0.06640625
0 0.2484375 0.5146484375 0.040625 0.146484375
0 0.1890625 0.5205078125 0.0375 0.158203125
9 0.14140625 0.2265625 0.0171875 0.05859375
9 0.2171875 0.2578125 0.0125 0.04296875
2 0.2703125 0.4609375 0.028125 0.03515625
11 0.24140625 0.390625 0.0359375 0.01171875
0 0.05703125 0.5048828125 0.0390625 0.126953125
2 0.14140625 0.482421875 0.0421875 0.0390625
2 0.33359375 0.458984375 0.0359375 0.03125
2 0.0203125 0.4951171875 0.040625 0.052734375
11 0.975 0.3564453125 0.0375 0.052734375
11 0.9703125 0.3154296875 0.05625 0.025390625
9 0.9140625 0.291015625 0.025 0.0234375
9 0.9703125 0.2822265625 0.021875 0.021484375
11 0.73515625 0.345703125 0.0171875 0.03515625
2 0.3890625 0.4580078125 0.0125 0.021484375
2 0.0953125 0.484375 0.053125 0.04296875
0 0.8640625 0.4638671875 0.021875 0.080078125
2 0.4625 0.4375 0.015625 0.015625
2 0.40703125 0.4521484375 0.0234375 0.021484375
0 0.87578125 0.4423828125 0.0171875 0.056640625
2 0.1671875 0.4775390625 0.01875 0.029296875
2 0.82734375 0.4287109375 0.0453125 0.025390625
2 0.29140625 0.4619140625 0.0203125 0.021484375
0 0.06640625 0.4658203125 0.0109375 0.025390625
2 0.93828125 0.5703125 0.1203125 0.265625
2 0.68046875 0.4501953125 0.0453125 0.044921875
2 0.57890625 0.4462890625 0.0140625 0.013671875
2 0.5203125 0.4482421875 0.021875 0.021484375
0 0.48515625 0.447265625 0.0078125 0.03125
9 0.50859375 0.2890625 0.0109375 0.04296875
9 0.6125 0.2822265625 0.0125 0.041015625
11 0.5390625 0.2763671875 0.01875 0.029296875
11 0.6953125 0.30078125 0.053125 0.01953125
11 0.23515625 0.3212890625 0.0234375 0.029296875
9 0.2234375 0.3759765625 0.009375 0.009765625
9 0.25859375 0.3759765625 0.0078125 0.009765625
0 0.5578125 0.47265625 0.021875 0.06640625
0 0.2484375 0.5146484375 0.040625 0.146484375
0 0.1890625 0.5205078125 0.0375 0.158203125
9 0.14140625 0.2265625 0.0171875 0.05859375
9 0.2171875 0.2578125 0.0125 0.04296875
2 0.2703125 0.4609375 0.028125 0.03515625
11 0.24140625 0.390625 0.0359375 0.01171875
0 0.05703125 0.5048828125 0.0390625 0.126953125
2 0.14140625 0.482421875 0.0421875 0.0390625
2 0.33359375 0.458984375 0.0359375 0.03125
2 0.0203125 0.4951171875 0.040625 0.052734375
11 0.975 0.3564453125 0.0375 0.052734375
11 0.9703125 0.3154296875 0.05625 0.025390625
9 0.9140625 0.291015625 0.025 0.0234375
9 0.9703125 0.2822265625 0.021875 0.021484375
11 0.73515625 0.345703125 0.0171875 0.03515625
2 0.3890625 0.4580078125 0.0125 0.021484375
2 0.0953125 0.484375 0.053125 0.04296875
0 0.8640625 0.4638671875 0.021875 0.080078125
2 0.4625 0.4375 0.015625 0.015625
2 0.40703125 0.4521484375 0.0234375 0.021484375
0 0.87578125 0.4423828125 0.0171875 0.056640625
2 0.1671875 0.4775390625 0.01875 0.029296875
2 0.82734375 0.4287109375 0.0453125 0.025390625
2 0.29140625 0.4619140625 0.0203125 0.021484375
0 0.06640625 0.4658203125 0.0109375 0.025390625
