2 0.84453125 0.443359375 0.2890625 0.25
2 0.6125 0.357421875 0.046875 0.0546875
2 0.54375 0.3564453125 0.03125 0.029296875
7 0.52890625 0.3408203125 0.0171875 0.029296875
7 0.503125 0.3408203125 0.009375 0.009765625
2 0.50546875 0.3505859375 0.0109375 0.009765625
2 0.49140625 0.3505859375 0.0171875 0.021484375
2 0.2171875 0.3642578125 0.034375 0.029296875
7 0.04453125 0.36328125 0.0890625 0.0859375
2 0.36171875 0.353515625 0.0140625 0.01171875
2 0.33359375 0.3515625 0.0234375 0.01953125
2 0.29921875 0.3564453125 0.0234375 0.021484375
2 0.1390625 0.3720703125 0.0375 0.033203125
2 0.38203125 0.3515625 0.0078125 0.0078125
2 0.38984375 0.3505859375 0.0078125 0.009765625
7 0.3109375 0.337890625 0.034375 0.03125
2 0.37109375 0.34765625 0.0109375 0.01171875
2 0.84453125 0.443359375 0.2890625 0.25
2 0.6125 0.357421875 0.046875 0.0546875
2 0.54375 0.3564453125 0.03125 0.029296875
7 0.52890625 0.3408203125 0.0171875 0.029296875
7 0.503125 0.3408203125 0.009375 0.009765625
2 0.50546875 0.3505859375 0.0109375 0.009765625
2 0.49140625 0.3505859375 0.0171875 0.021484375
2 0.2171875 0.3642578125 0.034375 0.029296875
7 0.04453125 0.36328125 0.0890625 0.0859375
2 0.36171875 0.353515625 0.0140625 0.01171875
2 0.33359375 0.3515625 0.0234375 0.01953125
2 0.29921875 0.3564453125 0.0234375 0.021484375
2 0.1390625 0.3720703125 0.0375 0.033203125
2 0.38203125 0.3515625 0.0078125 0.0078125
2 0.38984375 0.3505859375 0.0078125 0.009765625
7 0.3109375 0.337890625 0.034375 0.03125
2 0.37109375 0.34765625 0.0109375 0.01171875
