2 0.48125 0.6328125 0.04375 0.04296875
2 0.53046875 0.63671875 0.0171875 0.01953125
7 0.865625 0.64453125 0.265625 0.20703125
7 0.70234375 0.6337890625 0.0703125 0.103515625
7 0.64765625 0.626953125 0.0421875 0.06640625
7 0.58828125 0.6298828125 0.0265625 0.044921875
7 0.6125 0.6298828125 0.021875 0.044921875
2 0.54921875 0.634765625 0.0109375 0.01171875
2 0.48125 0.6328125 0.04375 0.04296875
2 0.53046875 0.63671875 0.0171875 0.01953125
7 0.865625 0.64453125 0.265625 0.20703125
7 0.70234375 0.6337890625 0.0703125 0.103515625
7 0.64765625 0.626953125 0.0421875 0.06640625
7 0.58828125 0.6298828125 0.0265625 0.044921875
7 0.6125 0.6298828125 0.021875 0.044921875
2 0.54921875 0.634765625 0.0109375 0.01171875
