2 0.58984375 0.357421875 0.0390625 0.04296875
2 0.53828125 0.3623046875 0.0296875 0.029296875
7 0.53359375 0.341796875 0.0203125 0.03125
7 0.51640625 0.3466796875 0.0109375 0.017578125
2 0.48671875 0.353515625 0.0171875 0.01953125
2 0.0234375 0.380859375 0.046875 0.02734375
2 0.15546875 0.369140625 0.0359375 0.01953125
2 0.2390625 0.3583984375 0.0125 0.009765625
2 0.265625 0.3564453125 0.021875 0.009765625
2 0.5046875 0.3505859375 0.009375 0.009765625
2 0.22265625 0.361328125 0.0203125 0.0078125
2 0.3109375 0.3564453125 0.009375 0.009765625
2 0.3390625 0.3525390625 0.009375 0.009765625
7 0.35390625 0.3447265625 0.0203125 0.021484375
2 0.38203125 0.349609375 0.0078125 0.0078125
2 0.39140625 0.349609375 0.0078125 0.0078125
2 0.58984375 0.357421875 0.0390625 0.04296875
2 0.53828125 0.3623046875 0.0296875 0.029296875
7 0.53359375 0.341796875 0.0203125 0.03125
7 0.51640625 0.3466796875 0.0109375 0.017578125
2 0.48671875 0.353515625 0.0171875 0.01953125
2 0.0234375 0.380859375 0.046875 0.02734375
2 0.15546875 0.369140625 0.0359375 0.01953125
2 0.2390625 0.3583984375 0.0125 0.009765625
2 0.265625 0.3564453125 0.021875 0.009765625
2 0.5046875 0.3505859375 0.009375 0.009765625
2 0.22265625 0.361328125 0.0203125 0.0078125
2 0.3109375 0.3564453125 0.009375 0.009765625
2 0.3390625 0.3525390625 0.009375 0.009765625
7 0.35390625 0.3447265625 0.0203125 0.021484375
2 0.38203125 0.349609375 0.0078125 0.0078125
2 0.39140625 0.349609375 0.0078125 0.0078125
