2 0.90234375 0.5419921875 0.1921875 0.287109375
2 0.65390625 0.4873046875 0.1828125 0.119140625
2 0.0796875 0.5185546875 0.159375 0.263671875
2 0.56015625 0.4716796875 0.0796875 0.083984375
0 0.49375 0.421875 0.0125 0.015625
2 0.5046875 0.4619140625 0.065625 0.064453125
11 0.91328125 0.3369140625 0.0171875 0.041015625
2 0.47109375 0.4560546875 0.0453125 0.056640625
2 0.44765625 0.439453125 0.0578125 0.0625
0 0.33359375 0.435546875 0.0140625 0.04296875
11 0.47734375 0.3994140625 0.0171875 0.021484375
2 0.23125 0.443359375 0.046875 0.0390625
0 0.8328125 0.44921875 0.04375 0.0859375
2 0.20625 0.4775390625 0.04375 0.083984375
2 0.17734375 0.4853515625 0.0640625 0.099609375
2 0.228125 0.46484375 0.034375 0.05859375
2 0.90234375 0.5419921875 0.1921875 0.287109375
2 0.65390625 0.4873046875 0.1828125 0.119140625
2 0.0796875 0.5185546875 0.159375 0.263671875
2 0.56015625 0.4716796875 0.0796875 0.083984375
0 0.49375 0.421875 0.0125 0.015625
2 0.5046875 0.4619140625 0.065625 0.064453125
11 0.91328125 0.3369140625 0.0171875 0.041015625
2 0.47109375 0.4560546875 0.0453125 0.056640625
2 0.44765625 0.439453125 0.0578125 0.0625
0 0.33359375 0.435546875 0.0140625 0.04296875
11 0.47734375 0.3994140625 0.0171875 0.021484375
2 0.23125 0.443359375 0.046875 0.0390625
0 0.8328125 0.44921875 0.04375 0.0859375
2 0.20625 0.4775390625 0.04375 0.083984375
2 0.17734375 0.4853515625 0.0640625 0.099609375
2 0.228125 0.46484375 0.034375 0.05859375
