2 0.590625 0.3583984375 0.040625 0.044921875
2 0.53671875 0.361328125 0.0296875 0.02734375
7 0.52890625 0.3427734375 0.0203125 0.029296875
7 0.5109375 0.34765625 0.009375 0.015625
2 0.48125 0.3564453125 0.015625 0.021484375
2 0.18046875 0.3720703125 0.0421875 0.029296875
2 0.27109375 0.3544921875 0.0171875 0.013671875
2 0.30234375 0.353515625 0.0140625 0.01171875
2 0.24375 0.365234375 0.028125 0.0234375
2 0.34375 0.3515625 0.009375 0.0078125
2 0.0765625 0.380859375 0.040625 0.02734375
2 0.590625 0.3583984375 0.040625 0.044921875
2 0.53671875 0.361328125 0.0296875 0.02734375
7 0.52890625 0.3427734375 0.0203125 0.029296875
7 0.5109375 0.34765625 0.009375 0.015625
2 0.48125 0.3564453125 0.015625 0.021484375
2 0.18046875 0.3720703125 0.0421875 0.029296875
2 0.27109375 0.3544921875 0.0171875 0.013671875
2 0.30234375 0.353515625 0.0140625 0.01171875
2 0.24375 0.365234375 0.028125 0.0234375
2 0.34375 0.3515625 0.009375 0.0078125
2 0.0765625 0.380859375 0.040625 0.02734375
