2 0.403125 0.3876953125 0.053125 0.048828125
2 0.86640625 0.46484375 0.2640625 0.2734375
2 0.5859375 0.38671875 0.040625 0.0546875
2 0.97421875 0.625 0.0484375 0.26171875
2 0.6109375 0.36328125 0.0375 0.01953125
2 0.31484375 0.375 0.0484375 0.046875
2 0.38515625 0.3740234375 0.0296875 0.033203125
0 0.24609375 0.3779296875 0.0078125 0.025390625
3 0.6546875 0.4296875 0.053125 0.0859375
3 0.6921875 0.443359375 0.059375 0.11328125
3 0.7265625 0.4580078125 0.06875 0.123046875
0 0.07578125 0.4013671875 0.0296875 0.041015625
2 0.42421875 0.376953125 0.0390625 0.0390625
2 0.36171875 0.3740234375 0.0140625 0.021484375
0 0.19375 0.3779296875 0.009375 0.037109375
2 0.46796875 0.361328125 0.0140625 0.015625
2 0.64921875 0.40625 0.0921875 0.078125
0 0.18046875 0.380859375 0.0109375 0.03515625
0 0.525 0.3681640625 0.015625 0.037109375
2 0.48203125 0.3623046875 0.0109375 0.013671875
2 0.346875 0.3740234375 0.01875 0.021484375
2 0.51640625 0.3681640625 0.0203125 0.025390625
0 0.70390625 0.359375 0.0203125 0.05078125
2 0.44453125 0.3642578125 0.0109375 0.013671875
2 0.0609375 0.396484375 0.04375 0.04296875
0 0.721875 0.3662109375 0.01875 0.044921875
2 0.5 0.3623046875 0.015625 0.017578125
0 0.546875 0.37109375 0.015625 0.03515625
0 0.64375 0.3544921875 0.009375 0.021484375
0 0.7421875 0.361328125 0.015625 0.04296875
0 0.66328125 0.3583984375 0.0140625 0.021484375
3 0.59765625 0.40234375 0.0265625 0.05078125
0 0.76953125 0.373046875 0.0203125 0.03515625
3 0.5875 0.40234375 0.021875 0.04296875
2 0.403125 0.3876953125 0.053125 0.048828125
2 0.86640625 0.46484375 0.2640625 0.2734375
2 0.5859375 0.38671875 0.040625 0.0546875
2 0.97421875 0.625 0.0484375 0.26171875
2 0.6109375 0.36328125 0.0375 0.01953125
2 0.31484375 0.375 0.0484375 0.046875
2 0.38515625 0.3740234375 0.0296875 0.033203125
0 0.24609375 0.3779296875 0.0078125 0.025390625
3 0.6546875 0.4296875 0.053125 0.0859375
3 0.6921875 0.443359375 0.059375 0.11328125
3 0.7265625 0.4580078125 0.06875 0.123046875
0 0.07578125 0.4013671875 0.0296875 0.041015625
2 0.42421875 0.376953125 0.0390625 0.0390625
2 0.36171875 0.3740234375 0.0140625 0.021484375
0 0.19375 0.3779296875 0.009375 0.037109375
2 0.46796875 0.361328125 0.0140625 0.015625
2 0.64921875 0.40625 0.0921875 0.078125
0 0.18046875 0.380859375 0.0109375 0.03515625
0 0.525 0.3681640625 0.015625 0.037109375
2 0.48203125 0.3623046875 0.0109375 0.013671875
2 0.346875 0.3740234375 0.01875 0.021484375
2 0.51640625 0.3681640625 0.0203125 0.025390625
0 0.70390625 0.359375 0.0203125 0.05078125
2 0.44453125 0.3642578125 0.0109375 0.013671875
2 0.0609375 0.396484375 0.04375 0.04296875
0 0.721875 0.3662109375 0.01875 0.044921875
2 0.5 0.3623046875 0.015625 0.017578125
0 0.546875 0.37109375 0.015625 0.03515625
0 0.64375 0.3544921875 0.009375 0.021484375
0 0.7421875 0.361328125 0.015625 0.04296875
0 0.66328125 0.3583984375 0.0140625 0.021484375
3 0.59765625 0.40234375 0.0265625 0.05078125
0 0.76953125 0.373046875 0.0203125 0.03515625
3 0.5875 0.40234375 0.021875 0.04296875
