2 0.27890625 0.6494140625 0.1765625 0.146484375
2 0.52109375 0.630859375 0.0203125 0.0234375
7 0.81640625 0.62890625 0.1390625 0.171875
7 0.67578125 0.6240234375 0.0609375 0.080078125
7 0.59609375 0.623046875 0.0296875 0.05078125
7 0.625 0.625 0.028125 0.05078125
2 0.55 0.6318359375 0.0125 0.013671875
7 0.903125 0.654296875 0.190625 0.19921875
2 0.27890625 0.6494140625 0.1765625 0.146484375
2 0.52109375 0.630859375 0.0203125 0.0234375
7 0.81640625 0.62890625 0.1390625 0.171875
7 0.67578125 0.6240234375 0.0609375 0.080078125
7 0.59609375 0.623046875 0.0296875 0.05078125
7 0.625 0.625 0.028125 0.05078125
2 0.55 0.6318359375 0.0125 0.013671875
7 0.903125 0.654296875 0.190625 0.19921875
