9 0.49375 0.1826171875 0.01875 0.064453125
9 0.7453125 0.17578125 0.01875 0.0625
11 0.88203125 0.203125 0.0890625 0.0390625
0 0.68203125 0.4638671875 0.0265625 0.087890625
2 0.4546875 0.4541015625 0.1125 0.076171875
2 0.33828125 0.455078125 0.0828125 0.05078125
2 0.1328125 0.45703125 0.090625 0.09375
9 0.9671875 0.318359375 0.015625 0.01953125
2 0.28828125 0.453125 0.0515625 0.04296875
0 0.24375 0.427734375 0.009375 0.015625
10 0.64609375 0.4794921875 0.0171875 0.048828125
2 0.246875 0.4521484375 0.046875 0.037109375
9 0.05390625 0.361328125 0.0140625 0.01953125
11 0.028125 0.2587890625 0.040625 0.033203125
11 0.053125 0.322265625 0.025 0.05859375
2 0.06796875 0.462890625 0.0203125 0.046875
11 0.44296875 0.39453125 0.0078125 0.015625
2 0.21796875 0.4501953125 0.0359375 0.037109375
2 0.0421875 0.4716796875 0.0125 0.021484375
10 0.07734375 0.4931640625 0.0109375 0.029296875
2 0.19296875 0.44140625 0.0390625 0.04296875
9 0.49375 0.1826171875 0.01875 0.064453125
9 0.7453125 0.17578125 0.01875 0.0625
11 0.88203125 0.203125 0.0890625 0.0390625
0 0.68203125 0.4638671875 0.0265625 0.087890625
2 0.4546875 0.4541015625 0.1125 0.076171875
2 0.33828125 0.455078125 0.0828125 0.05078125
2 0.1328125 0.45703125 0.090625 0.09375
9 0.9671875 0.318359375 0.015625 0.01953125
2 0.28828125 0.453125 0.0515625 0.04296875
0 0.24375 0.427734375 0.009375 0.015625
10 0.64609375 0.4794921875 0.0171875 0.048828125
2 0.246875 0.4521484375 0.046875 0.037109375
9 0.05390625 0.361328125 0.0140625 0.01953125
11 0.028125 0.2587890625 0.040625 0.033203125
11 0.053125 0.322265625 0.025 0.05859375
2 0.06796875 0.462890625 0.0203125 0.046875
11 0.44296875 0.39453125 0.0078125 0.015625
2 0.21796875 0.4501953125 0.0359375 0.037109375
2 0.0421875 0.4716796875 0.0125 0.021484375
10 0.07734375 0.4931640625 0.0109375 0.029296875
2 0.19296875 0.44140625 0.0390625 0.04296875
