2 0.3953125 0.39453125 0.075 0.0703125
2 0.875 0.49609375 0.246875 0.2265625
2 0.0234375 0.4091796875 0.046875 0.130859375
2 0.46015625 0.3779296875 0.0453125 0.041015625
0 0.66640625 0.3701171875 0.0171875 0.048828125
2 0.48828125 0.3603515625 0.0109375 0.013671875
2 0.53125 0.37109375 0.021875 0.0234375
2 0.5 0.359375 0.0125 0.015625
0 0.68515625 0.3720703125 0.0171875 0.044921875
0 0.865625 0.3603515625 0.021875 0.041015625
3 0.97265625 0.64453125 0.0515625 0.14453125
2 0.515625 0.359375 0.009375 0.01171875
9 0.45546875 0.30078125 0.0078125 0.01953125
9 0.41484375 0.302734375 0.0078125 0.01953125
11 0.22734375 0.4228515625 0.0109375 0.044921875
11 0.87734375 0.22265625 0.0828125 0.015625
11 0.87734375 0.2421875 0.0828125 0.015625
11 0.87734375 0.2626953125 0.0828125 0.013671875
11 0.8609375 0.279296875 0.046875 0.01171875
11 0.375 0.3076171875 0.015625 0.017578125
2 0.34296875 0.375 0.0140625 0.0234375
11 0.896875 0.2978515625 0.01875 0.021484375
11 0.896875 0.27734375 0.01875 0.01953125
2 0.42578125 0.3623046875 0.0109375 0.013671875
2 0.33359375 0.3779296875 0.0140625 0.025390625
2 0.3203125 0.380859375 0.015625 0.02734375
2 0.30546875 0.380859375 0.0203125 0.02734375
2 0.22109375 0.4033203125 0.0921875 0.083984375
2 0.28203125 0.384765625 0.0203125 0.02734375
2 0.265625 0.3837890625 0.01875 0.029296875
0 0.05 0.3916015625 0.0125 0.052734375
2 0.3953125 0.39453125 0.075 0.0703125
2 0.875 0.49609375 0.246875 0.2265625
2 0.0234375 0.4091796875 0.046875 0.130859375
2 0.46015625 0.3779296875 0.0453125 0.041015625
0 0.66640625 0.3701171875 0.0171875 0.048828125
2 0.48828125 0.3603515625 0.0109375 0.013671875
2 0.53125 0.37109375 0.021875 0.0234375
2 0.5 0.359375 0.0125 0.015625
0 0.68515625 0.3720703125 0.0171875 0.044921875
0 0.865625 0.3603515625 0.021875 0.041015625
3 0.97265625 0.64453125 0.0515625 0.14453125
2 0.515625 0.359375 0.009375 0.01171875
9 0.45546875 0.30078125 0.0078125 0.01953125
9 0.41484375 0.302734375 0.0078125 0.01953125
11 0.22734375 0.4228515625 0.0109375 0.044921875
11 0.87734375 0.22265625 0.0828125 0.015625
11 0.87734375 0.2421875 0.0828125 0.015625
11 0.87734375 0.2626953125 0.0828125 0.013671875
11 0.8609375 0.279296875 0.046875 0.01171875
11 0.375 0.3076171875 0.015625 0.017578125
2 0.34296875 0.375 0.0140625 0.0234375
11 0.896875 0.2978515625 0.01875 0.021484375
11 0.896875 0.27734375 0.01875 0.01953125
2 0.42578125 0.3623046875 0.0109375 0.013671875
2 0.33359375 0.3779296875 0.0140625 0.025390625
2 0.3203125 0.380859375 0.015625 0.02734375
2 0.30546875 0.380859375 0.0203125 0.02734375
2 0.22109375 0.4033203125 0.0921875 0.083984375
2 0.28203125 0.384765625 0.0203125 0.02734375
2 0.265625 0.3837890625 0.01875 0.029296875
0 0.05 0.3916015625 0.0125 0.052734375
