2 0.75703125 0.5244140625 0.2453125 0.169921875
2 0.5390625 0.5029296875 0.134375 0.087890625
2 0.11796875 0.51171875 0.1453125 0.1796875
2 0.4703125 0.4931640625 0.065625 0.068359375
0 0.4203125 0.4521484375 0.0125 0.017578125
2 0.42265625 0.4853515625 0.0578125 0.052734375
11 0.71953125 0.3994140625 0.0109375 0.029296875
2 0.390625 0.48046875 0.040625 0.046875
10 0.00546875 0.5703125 0.0109375 0.07421875
2 0.36875 0.46484375 0.05625 0.0546875
0 0.27421875 0.4619140625 0.0109375 0.041015625
11 0.39609375 0.431640625 0.0140625 0.01953125
2 0.20078125 0.4677734375 0.0515625 0.044921875
2 0.75703125 0.5244140625 0.2453125 0.169921875
2 0.5390625 0.5029296875 0.134375 0.087890625
2 0.11796875 0.51171875 0.1453125 0.1796875
2 0.4703125 0.4931640625 0.065625 0.068359375
0 0.4203125 0.4521484375 0.0125 0.017578125
2 0.42265625 0.4853515625 0.0578125 0.052734375
11 0.71953125 0.3994140625 0.0109375 0.029296875
2 0.390625 0.48046875 0.040625 0.046875
10 0.00546875 0.5703125 0.0109375 0.07421875
2 0.36875 0.46484375 0.05625 0.0546875
0 0.27421875 0.4619140625 0.0109375 0.041015625
11 0.39609375 0.431640625 0.0140625 0.01953125
2 0.20078125 0.4677734375 0.0515625 0.044921875
