2 0.88125 0.4921875 0.234375 0.29296875
2 0.27265625 0.4208984375 0.1328125 0.115234375
2 0.5578125 0.37109375 0.0375 0.0390625
2 0.4953125 0.4091796875 0.103125 0.103515625
2 0.40078125 0.375 0.0546875 0.05078125
2 0.31328125 0.373046875 0.0546875 0.05859375
2 0.2234375 0.3779296875 0.046875 0.044921875
2 0.45390625 0.3544921875 0.0203125 0.021484375
2 0.34765625 0.3662109375 0.0265625 0.033203125
3 0.45390625 0.3671875 0.0078125 0.01953125
0 0.45390625 0.3603515625 0.0078125 0.021484375
0 0.42578125 0.3544921875 0.0078125 0.017578125
3 0.42578125 0.361328125 0.0078125 0.015625
9 0.44453125 0.19140625 0.0140625 0.046875
9 0.42890625 0.19140625 0.0140625 0.046875
9 0.41328125 0.19140625 0.0140625 0.046875
0 0.734375 0.3720703125 0.021875 0.068359375
0 0.75625 0.373046875 0.01875 0.0703125
9 0.24453125 0.2197265625 0.0109375 0.033203125
9 0.25703125 0.21875 0.0109375 0.03125
9 0.23125 0.2197265625 0.0125 0.033203125
0 0.18984375 0.3701171875 0.0109375 0.037109375
0 0.1609375 0.380859375 0.0125 0.0234375
0 0.56875 0.349609375 0.009375 0.01953125
2 0.54375 0.3623046875 0.03125 0.037109375
11 0.17890625 0.3369140625 0.0078125 0.009765625
11 0.17890625 0.3505859375 0.0078125 0.009765625
2 0.43515625 0.3583984375 0.0140625 0.017578125
0 0.26875 0.35546875 0.009375 0.015625
2 0.37578125 0.359375 0.0140625 0.015625
11 0.84765625 0.2666015625 0.0484375 0.017578125
11 0.86953125 0.2451171875 0.0984375 0.017578125
11 0.86953125 0.2236328125 0.0984375 0.017578125
11 0.86875 0.2001953125 0.096875 0.021484375
2 0.496875 0.3544921875 0.025 0.013671875
2 0.521875 0.357421875 0.015625 0.01953125
0 0.253125 0.3564453125 0.009375 0.013671875
0 0.26328125 0.3564453125 0.0078125 0.013671875
0 0.77578125 0.38671875 0.0203125 0.0703125
2 0.88125 0.4921875 0.234375 0.29296875
2 0.27265625 0.4208984375 0.1328125 0.115234375
2 0.5578125 0.37109375 0.0375 0.0390625
2 0.4953125 0.4091796875 0.103125 0.103515625
2 0.40078125 0.375 0.0546875 0.05078125
2 0.31328125 0.373046875 0.0546875 0.05859375
2 0.2234375 0.3779296875 0.046875 0.044921875
2 0.45390625 0.3544921875 0.0203125 0.021484375
2 0.34765625 0.3662109375 0.0265625 0.033203125
3 0.45390625 0.3671875 0.0078125 0.01953125
0 0.45390625 0.3603515625 0.0078125 0.021484375
0 0.42578125 0.3544921875 0.0078125 0.017578125
3 0.42578125 0.361328125 0.0078125 0.015625
9 0.44453125 0.19140625 0.0140625 0.046875
9 0.42890625 0.19140625 0.0140625 0.046875
9 0.41328125 0.19140625 0.0140625 0.046875
0 0.734375 0.3720703125 0.021875 0.068359375
0 0.75625 0.373046875 0.01875 0.0703125
9 0.24453125 0.2197265625 0.0109375 0.033203125
9 0.25703125 0.21875 0.0109375 0.03125
9 0.23125 0.2197265625 0.0125 0.033203125
0 0.18984375 0.3701171875 0.0109375 0.037109375
0 0.1609375 0.380859375 0.0125 0.0234375
0 0.56875 0.349609375 0.009375 0.01953125
2 0.54375 0.3623046875 0.03125 0.037109375
11 0.17890625 0.3369140625 0.0078125 0.009765625
11 0.17890625 0.3505859375 0.0078125 0.009765625
2 0.43515625 0.3583984375 0.0140625 0.017578125
0 0.26875 0.35546875 0.009375 0.015625
2 0.37578125 0.359375 0.0140625 0.015625
11 0.84765625 0.2666015625 0.0484375 0.017578125
11 0.86953125 0.2451171875 0.0984375 0.017578125
11 0.86953125 0.2236328125 0.0984375 0.017578125
11 0.86875 0.2001953125 0.096875 0.021484375
2 0.496875 0.3544921875 0.025 0.013671875
2 0.521875 0.357421875 0.015625 0.01953125
0 0.253125 0.3564453125 0.009375 0.013671875
0 0.26328125 0.3564453125 0.0078125 0.013671875
0 0.77578125 0.38671875 0.0203125 0.0703125
