2 0.51796875 0.6328125 0.0203125 0.0234375
2 0.52578125 0.6259765625 0.0171875 0.021484375
2 0.53984375 0.6201171875 0.0078125 0.009765625
2 0.54765625 0.6181640625 0.0078125 0.009765625
78 0.8546875 0.63671875 0.06875 0.1953125
78 0.921875 0.6171875 0.153125 0.63671875
2 0.51796875 0.6328125 0.0203125 0.0234375
2 0.52578125 0.6259765625 0.0171875 0.021484375
2 0.53984375 0.6201171875 0.0078125 0.009765625
2 0.54765625 0.6181640625 0.0078125 0.009765625
78 0.8546875 0.63671875 0.06875 0.1953125
78 0.921875 0.6171875 0.153125 0.63671875
