9 0.47265625 0.27734375 0.0109375 0.04296875
9 0.6453125 0.2744140625 0.0125 0.044921875
11 0.73984375 0.2919921875 0.0609375 0.025390625
0 0.60234375 0.470703125 0.0171875 0.0625
2 0.43671875 0.4658203125 0.0859375 0.060546875
2 0.33984375 0.466796875 0.0703125 0.04296875
2 0.01015625 0.68359375 0.0203125 0.203125
2 0.18984375 0.466796875 0.0828125 0.0703125
9 0.9703125 0.1962890625 0.021875 0.060546875
9 0.7984375 0.37109375 0.009375 0.015625
2 0.29375 0.4658203125 0.046875 0.037109375
2 0.896875 0.6865234375 0.203125 0.353515625
0 0.25 0.4443359375 0.009375 0.013671875
10 0.57890625 0.4833984375 0.0109375 0.033203125
2 0.25546875 0.462890625 0.0390625 0.03125
9 0.14609375 0.3916015625 0.0109375 0.017578125
9 0.07734375 0.2802734375 0.0140625 0.033203125
9 0.0375 0.265625 0.015625 0.04296875
11 0.1265625 0.31640625 0.025 0.0234375
11 0.140625 0.3623046875 0.015625 0.037109375
2 0.1390625 0.4638671875 0.0375 0.041015625
11 0.4265625 0.4189453125 0.00625 0.013671875
9 0.47265625 0.27734375 0.0109375 0.04296875
9 0.6453125 0.2744140625 0.0125 0.044921875
11 0.73984375 0.2919921875 0.0609375 0.025390625
0 0.60234375 0.470703125 0.0171875 0.0625
2 0.43671875 0.4658203125 0.0859375 0.060546875
2 0.33984375 0.466796875 0.0703125 0.04296875
2 0.01015625 0.68359375 0.0203125 0.203125
2 0.18984375 0.466796875 0.0828125 0.0703125
9 0.9703125 0.1962890625 0.021875 0.060546875
9 0.7984375 0.37109375 0.009375 0.015625
2 0.29375 0.4658203125 0.046875 0.037109375
2 0.896875 0.6865234375 0.203125 0.353515625
0 0.25 0.4443359375 0.009375 0.013671875
10 0.57890625 0.4833984375 0.0109375 0.033203125
2 0.25546875 0.462890625 0.0390625 0.03125
9 0.14609375 0.3916015625 0.0109375 0.017578125
9 0.07734375 0.2802734375 0.0140625 0.033203125
9 0.0375 0.265625 0.015625 0.04296875
11 0.1265625 0.31640625 0.025 0.0234375
11 0.140625 0.3623046875 0.015625 0.037109375
2 0.1390625 0.4638671875 0.0375 0.041015625
11 0.4265625 0.4189453125 0.00625 0.013671875
