2 0.95859375 0.662109375 0.0796875 0.19140625
2 0.68671875 0.5810546875 0.0390625 0.037109375
2 0.484375 0.6142578125 0.075 0.068359375
2 0.5015625 0.5576171875 0.028125 0.029296875
2 0.26484375 0.5810546875 0.0328125 0.025390625
0 0.16171875 0.6123046875 0.0265625 0.087890625
0 0.846875 0.6015625 0.034375 0.06640625
0 0.82265625 0.6162109375 0.0265625 0.048828125
2 0.95859375 0.662109375 0.0796875 0.19140625
2 0.68671875 0.5810546875 0.0390625 0.037109375
2 0.484375 0.6142578125 0.075 0.068359375
2 0.5015625 0.5576171875 0.028125 0.029296875
2 0.26484375 0.5810546875 0.0328125 0.025390625
0 0.16171875 0.6123046875 0.0265625 0.087890625
0 0.846875 0.6015625 0.034375 0.06640625
0 0.82265625 0.6162109375 0.0265625 0.048828125
