2 0.32578125 0.400390625 0.1015625 0.08984375
2 0.56328125 0.37109375 0.0453125 0.04296875
2 0.50625 0.43359375 0.15 0.140625
2 0.40625 0.3701171875 0.05 0.044921875
2 0.2703125 0.3818359375 0.071875 0.076171875
2 0.1921875 0.3798828125 0.059375 0.052734375
2 0.4578125 0.353515625 0.01875 0.0234375
3 0.45625 0.361328125 0.009375 0.01953125
0 0.45625 0.3544921875 0.009375 0.021484375
0 0.42890625 0.3544921875 0.0078125 0.017578125
3 0.42890625 0.359375 0.0078125 0.015625
9 0.4375 0.150390625 0.0125 0.0546875
9 0.415625 0.1494140625 0.015625 0.052734375
9 0.39453125 0.1494140625 0.0140625 0.052734375
0 0.81484375 0.380859375 0.0265625 0.08203125
0 0.88359375 0.3974609375 0.0234375 0.103515625
0 0.83125 0.37890625 0.025 0.0859375
9 0.196875 0.1923828125 0.0125 0.037109375
9 0.2140625 0.1904296875 0.0125 0.037109375
9 0.184375 0.1923828125 0.0125 0.037109375
0 0.11953125 0.3798828125 0.0171875 0.033203125
0 0.57734375 0.349609375 0.0109375 0.01953125
2 0.546875 0.353515625 0.034375 0.0234375
11 0.14375 0.3349609375 0.009375 0.009765625
11 0.14453125 0.349609375 0.0078125 0.01171875
2 0.4359375 0.3525390625 0.00625 0.009765625
2 0.36640625 0.3564453125 0.0140625 0.017578125
2 0.49296875 0.353515625 0.0265625 0.015625
2 0.5234375 0.35546875 0.015625 0.015625
0 0.2375 0.3642578125 0.00625 0.029296875
0 0.24453125 0.3564453125 0.0078125 0.021484375
0 0.15234375 0.375 0.0078125 0.03125
2 0.47265625 0.3525390625 0.0078125 0.017578125
0 0.2296875 0.3603515625 0.00625 0.025390625
2 0.38046875 0.3623046875 0.0234375 0.025390625
9 0.8265625 0.2724609375 0.0125 0.017578125
9 0.80859375 0.2734375 0.0140625 0.015625
0 0.08046875 0.376953125 0.0140625 0.0390625
0 0.2515625 0.3515625 0.00625 0.01171875
3 0.228125 0.3837890625 0.015625 0.029296875
2 0.32578125 0.400390625 0.1015625 0.08984375
2 0.56328125 0.37109375 0.0453125 0.04296875
2 0.50625 0.43359375 0.15 0.140625
2 0.40625 0.3701171875 0.05 0.044921875
2 0.2703125 0.3818359375 0.071875 0.076171875
2 0.1921875 0.3798828125 0.059375 0.052734375
2 0.4578125 0.353515625 0.01875 0.0234375
3 0.45625 0.361328125 0.009375 0.01953125
0 0.45625 0.3544921875 0.009375 0.021484375
0 0.42890625 0.3544921875 0.0078125 0.017578125
3 0.42890625 0.359375 0.0078125 0.015625
9 0.4375 0.150390625 0.0125 0.0546875
9 0.415625 0.1494140625 0.015625 0.052734375
9 0.39453125 0.1494140625 0.0140625 0.052734375
0 0.81484375 0.380859375 0.0265625 0.08203125
0 0.88359375 0.3974609375 0.0234375 0.103515625
0 0.83125 0.37890625 0.025 0.0859375
9 0.196875 0.1923828125 0.0125 0.037109375
9 0.2140625 0.1904296875 0.0125 0.037109375
9 0.184375 0.1923828125 0.0125 0.037109375
0 0.11953125 0.3798828125 0.0171875 0.033203125
0 0.57734375 0.349609375 0.0109375 0.01953125
2 0.546875 0.353515625 0.034375 0.0234375
11 0.14375 0.3349609375 0.009375 0.009765625
11 0.14453125 0.349609375 0.0078125 0.01171875
2 0.4359375 0.3525390625 0.00625 0.009765625
2 0.36640625 0.3564453125 0.0140625 0.017578125
2 0.49296875 0.353515625 0.0265625 0.015625
2 0.5234375 0.35546875 0.015625 0.015625
0 0.2375 0.3642578125 0.00625 0.029296875
0 0.24453125 0.3564453125 0.0078125 0.021484375
0 0.15234375 0.375 0.0078125 0.03125
2 0.47265625 0.3525390625 0.0078125 0.017578125
0 0.2296875 0.3603515625 0.00625 0.025390625
2 0.38046875 0.3623046875 0.0234375 0.025390625
9 0.8265625 0.2724609375 0.0125 0.017578125
9 0.80859375 0.2734375 0.0140625 0.015625
0 0.08046875 0.376953125 0.0140625 0.0390625
0 0.2515625 0.3515625 0.00625 0.01171875
3 0.228125 0.3837890625 0.015625 0.029296875
