2 0.58984375 0.357421875 0.0390625 0.04296875
2 0.53828125 0.3623046875 0.0296875 0.029296875
7 0.53359375 0.341796875 0.0203125 0.03125
7 0.51640625 0.3466796875 0.0109375 0.017578125
2 0.48671875 0.353515625 0.0171875 0.01953125
2 0.03515625 0.37890625 0.0484375 0.0234375
2 0.16328125 0.3662109375 0.0328125 0.017578125
2 0.24140625 0.357421875 0.0109375 0.0078125
2 0.26875 0.3564453125 0.01875 0.009765625
2 0.5046875 0.3505859375 0.009375 0.009765625
2 0.225 0.3603515625 0.015625 0.005859375
2 0.3125 0.35546875 0.009375 0.01171875
2 0.340625 0.3525390625 0.009375 0.009765625
7 0.35546875 0.3447265625 0.0203125 0.021484375
2 0.38203125 0.349609375 0.0078125 0.0078125
2 0.39140625 0.349609375 0.0078125 0.0078125
2 0.58984375 0.357421875 0.0390625 0.04296875
2 0.53828125 0.3623046875 0.0296875 0.029296875
7 0.53359375 0.341796875 0.0203125 0.03125
7 0.51640625 0.3466796875 0.0109375 0.017578125
2 0.48671875 0.353515625 0.0171875 0.01953125
2 0.03515625 0.37890625 0.0484375 0.0234375
2 0.16328125 0.3662109375 0.0328125 0.017578125
2 0.24140625 0.357421875 0.0109375 0.0078125
2 0.26875 0.3564453125 0.01875 0.009765625
2 0.5046875 0.3505859375 0.009375 0.009765625
2 0.225 0.3603515625 0.015625 0.005859375
2 0.3125 0.35546875 0.009375 0.01171875
2 0.340625 0.3525390625 0.009375 0.009765625
7 0.35546875 0.3447265625 0.0203125 0.021484375
2 0.38203125 0.349609375 0.0078125 0.0078125
2 0.39140625 0.349609375 0.0078125 0.0078125
