0 0.75546875 0.369140625 0.0234375 0.08984375
0 0.70625 0.3759765625 0.025 0.087890625
0 0.6140625 0.365234375 0.01875 0.07421875
2 0.3984375 0.37109375 0.053125 0.05078125
2 0.42578125 0.3662109375 0.0234375 0.037109375
2 0.45859375 0.35546875 0.0140625 0.0234375
2 0.48515625 0.3671875 0.0390625 0.0390625
2 0.57265625 0.369140625 0.0421875 0.04296875
2 0.54296875 0.3642578125 0.0234375 0.033203125
11 0.2125 0.0751953125 0.046875 0.064453125
9 0.41015625 0.091796875 0.0171875 0.05859375
9 0.43515625 0.09375 0.0109375 0.05859375
9 0.3875 0.09765625 0.0125 0.05859375
2 0.4984375 0.3603515625 0.021875 0.033203125
9 0.46875 0.296875 0.00625 0.015625
3 0.2296875 0.3837890625 0.028125 0.041015625
2 0.51328125 0.357421875 0.0140625 0.0234375
0 0.02109375 0.3798828125 0.0140625 0.029296875
0 0.075 0.37109375 0.009375 0.015625
2 0.34375 0.365234375 0.040625 0.05078125
11 0.68515625 0.296875 0.0390625 0.05078125
10 0.990625 0.3994140625 0.015625 0.033203125
0 0.04921875 0.3857421875 0.0109375 0.013671875
0 0.059375 0.380859375 0.009375 0.01171875
1 0.08984375 0.4052734375 0.0140625 0.021484375
9 0.69296875 0.2578125 0.0171875 0.01953125
9 0.41875 0.2958984375 0.00625 0.013671875
3 0.4375 0.3662109375 0.009375 0.021484375
2 0.553125 0.369140625 0.025 0.03515625
2 0.53515625 0.361328125 0.0171875 0.02734375
0 0.43828125 0.3583984375 0.0109375 0.029296875
0 0.234375 0.3759765625 0.01875 0.044921875
0 0.796875 0.3740234375 0.021875 0.076171875
2 0.140625 0.392578125 0.0625 0.05078125
2 0.29296875 0.375 0.0703125 0.0703125
3 0.4515625 0.3623046875 0.009375 0.017578125
0 0.4515625 0.35546875 0.009375 0.0234375
0 0.75546875 0.369140625 0.0234375 0.08984375
0 0.70625 0.3759765625 0.025 0.087890625
0 0.6140625 0.365234375 0.01875 0.07421875
2 0.3984375 0.37109375 0.053125 0.05078125
2 0.42578125 0.3662109375 0.0234375 0.037109375
2 0.45859375 0.35546875 0.0140625 0.0234375
2 0.48515625 0.3671875 0.0390625 0.0390625
2 0.57265625 0.369140625 0.0421875 0.04296875
2 0.54296875 0.3642578125 0.0234375 0.033203125
11 0.2125 0.0751953125 0.046875 0.064453125
9 0.41015625 0.091796875 0.0171875 0.05859375
9 0.43515625 0.09375 0.0109375 0.05859375
9 0.3875 0.09765625 0.0125 0.05859375
2 0.4984375 0.3603515625 0.021875 0.033203125
9 0.46875 0.296875 0.00625 0.015625
3 0.2296875 0.3837890625 0.028125 0.041015625
2 0.51328125 0.357421875 0.0140625 0.0234375
0 0.02109375 0.3798828125 0.0140625 0.029296875
0 0.075 0.37109375 0.009375 0.015625
2 0.34375 0.365234375 0.040625 0.05078125
11 0.68515625 0.296875 0.0390625 0.05078125
10 0.990625 0.3994140625 0.015625 0.033203125
0 0.04921875 0.3857421875 0.0109375 0.013671875
0 0.059375 0.380859375 0.009375 0.01171875
1 0.08984375 0.4052734375 0.0140625 0.021484375
9 0.69296875 0.2578125 0.0171875 0.01953125
9 0.41875 0.2958984375 0.00625 0.013671875
3 0.4375 0.3662109375 0.009375 0.021484375
2 0.553125 0.369140625 0.025 0.03515625
2 0.53515625 0.361328125 0.0171875 0.02734375
0 0.43828125 0.3583984375 0.0109375 0.029296875
0 0.234375 0.3759765625 0.01875 0.044921875
0 0.796875 0.3740234375 0.021875 0.076171875
2 0.140625 0.392578125 0.0625 0.05078125
2 0.29296875 0.375 0.0703125 0.0703125
3 0.4515625 0.3623046875 0.009375 0.017578125
0 0.4515625 0.35546875 0.009375 0.0234375
