2 0.35390625 0.6455078125 0.1203125 0.107421875
2 0.521875 0.63671875 0.01875 0.0234375
7 0.978125 0.6953125 0.040625 0.16015625
7 0.77578125 0.62890625 0.0859375 0.1484375
7 0.67421875 0.6298828125 0.0609375 0.080078125
7 0.59453125 0.6298828125 0.0296875 0.052734375
7 0.621875 0.630859375 0.028125 0.05078125
2 0.5484375 0.6357421875 0.0125 0.013671875
7 0.88984375 0.6552734375 0.2015625 0.185546875
2 0.35390625 0.6455078125 0.1203125 0.107421875
2 0.521875 0.63671875 0.01875 0.0234375
7 0.978125 0.6953125 0.040625 0.16015625
7 0.77578125 0.62890625 0.0859375 0.1484375
7 0.67421875 0.6298828125 0.0609375 0.080078125
7 0.59453125 0.6298828125 0.0296875 0.052734375
7 0.621875 0.630859375 0.028125 0.05078125
2 0.5484375 0.6357421875 0.0125 0.013671875
7 0.88984375 0.6552734375 0.2015625 0.185546875
