2 0.69453125 0.396484375 0.1453125 0.13671875
2 0.61796875 0.35546875 0.0515625 0.05859375
2 0.5390625 0.357421875 0.03125 0.03125
7 0.52265625 0.337890625 0.0171875 0.02734375
7 0.5 0.337890625 0.009375 0.01171875
2 0.503125 0.345703125 0.009375 0.0078125
2 0.490625 0.349609375 0.01875 0.01953125
2 0.15703125 0.37109375 0.0421875 0.03125
7 0.321875 0.3408203125 0.028125 0.037109375
2 0.32578125 0.3525390625 0.0171875 0.013671875
2 0.346875 0.3515625 0.015625 0.01171875
2 0.37734375 0.3466796875 0.0140625 0.013671875
2 0.40078125 0.34375 0.0109375 0.0078125
2 0.41015625 0.345703125 0.0078125 0.0078125
7 0.3546875 0.337890625 0.021875 0.015625
2 0.3578125 0.349609375 0.009375 0.01171875
2 0.41796875 0.34375 0.0078125 0.0078125
2 0.69453125 0.396484375 0.1453125 0.13671875
2 0.61796875 0.35546875 0.0515625 0.05859375
2 0.5390625 0.357421875 0.03125 0.03125
7 0.52265625 0.337890625 0.0171875 0.02734375
7 0.5 0.337890625 0.009375 0.01171875
2 0.503125 0.345703125 0.009375 0.0078125
2 0.490625 0.349609375 0.01875 0.01953125
2 0.15703125 0.37109375 0.0421875 0.03125
7 0.321875 0.3408203125 0.028125 0.037109375
2 0.32578125 0.3525390625 0.0171875 0.013671875
2 0.346875 0.3515625 0.015625 0.01171875
2 0.37734375 0.3466796875 0.0140625 0.013671875
2 0.40078125 0.34375 0.0109375 0.0078125
2 0.41015625 0.345703125 0.0078125 0.0078125
7 0.3546875 0.337890625 0.021875 0.015625
2 0.3578125 0.349609375 0.009375 0.01171875
2 0.41796875 0.34375 0.0078125 0.0078125
