2 0.58671875 0.3564453125 0.0390625 0.044921875
2 0.53515625 0.3603515625 0.0296875 0.029296875
7 0.53515625 0.3369140625 0.0171875 0.017578125
7 0.51640625 0.3466796875 0.0109375 0.017578125
2 0.48515625 0.3544921875 0.0171875 0.021484375
2 0.00859375 0.3837890625 0.0171875 0.021484375
2 0.503125 0.3525390625 0.009375 0.009765625
2 0.16953125 0.365234375 0.0265625 0.015625
2 0.26484375 0.35546875 0.0171875 0.01171875
7 0.3078125 0.34765625 0.03125 0.02734375
2 0.3421875 0.353515625 0.009375 0.0078125
2 0.35390625 0.3505859375 0.0109375 0.009765625
2 0.084375 0.373046875 0.040625 0.0234375
2 0.37734375 0.349609375 0.0109375 0.0078125
2 0.390625 0.349609375 0.009375 0.0078125
2 0.58671875 0.3564453125 0.0390625 0.044921875
2 0.53515625 0.3603515625 0.0296875 0.029296875
7 0.53515625 0.3369140625 0.0171875 0.017578125
7 0.51640625 0.3466796875 0.0109375 0.017578125
2 0.48515625 0.3544921875 0.0171875 0.021484375
2 0.00859375 0.3837890625 0.0171875 0.021484375
2 0.503125 0.3525390625 0.009375 0.009765625
2 0.16953125 0.365234375 0.0265625 0.015625
2 0.26484375 0.35546875 0.0171875 0.01171875
7 0.3078125 0.34765625 0.03125 0.02734375
2 0.3421875 0.353515625 0.009375 0.0078125
2 0.35390625 0.3505859375 0.0109375 0.009765625
2 0.084375 0.373046875 0.040625 0.0234375
2 0.37734375 0.349609375 0.0109375 0.0078125
2 0.390625 0.349609375 0.009375 0.0078125
