2 0.9015625 0.51953125 0.19375 0.40234375
2 0.60859375 0.353515625 0.0453125 0.05078125
2 0.5453125 0.3583984375 0.03125 0.029296875
7 0.53125 0.3408203125 0.01875 0.029296875
7 0.5046875 0.3408203125 0.009375 0.009765625
2 0.50546875 0.3505859375 0.0109375 0.009765625
2 0.49140625 0.353515625 0.0171875 0.01953125
2 0.24296875 0.365234375 0.0296875 0.0234375
2 0.12578125 0.3720703125 0.0546875 0.048828125
2 0.32109375 0.357421875 0.0109375 0.01171875
2 0.3328125 0.3564453125 0.0125 0.013671875
7 0.0828125 0.359375 0.140625 0.09375
2 0.30703125 0.3515625 0.0234375 0.02734375
2 0.3734375 0.349609375 0.009375 0.0078125
2 0.38828125 0.34765625 0.0078125 0.0078125
2 0.4015625 0.3486328125 0.00625 0.005859375
2 0.9015625 0.51953125 0.19375 0.40234375
2 0.60859375 0.353515625 0.0453125 0.05078125
2 0.5453125 0.3583984375 0.03125 0.029296875
7 0.53125 0.3408203125 0.01875 0.029296875
7 0.5046875 0.3408203125 0.009375 0.009765625
2 0.50546875 0.3505859375 0.0109375 0.009765625
2 0.49140625 0.353515625 0.0171875 0.01953125
2 0.24296875 0.365234375 0.0296875 0.0234375
2 0.12578125 0.3720703125 0.0546875 0.048828125
2 0.32109375 0.357421875 0.0109375 0.01171875
2 0.3328125 0.3564453125 0.0125 0.013671875
7 0.0828125 0.359375 0.140625 0.09375
2 0.30703125 0.3515625 0.0234375 0.02734375
2 0.3734375 0.349609375 0.009375 0.0078125
2 0.38828125 0.34765625 0.0078125 0.0078125
2 0.4015625 0.3486328125 0.00625 0.005859375
