3 0.71953125 0.4501953125 0.0796875 0.099609375
3 0.85546875 0.4794921875 0.2171875 0.185546875
0 0.634375 0.3662109375 0.015625 0.052734375
0 0.60546875 0.3701171875 0.0140625 0.052734375
0 0.5578125 0.365234375 0.015625 0.04296875
2 0.07734375 0.4248046875 0.1546875 0.138671875
2 0.4015625 0.375 0.04375 0.04296875
2 0.42578125 0.365234375 0.0265625 0.03125
2 0.44375 0.3623046875 0.01875 0.025390625
2 0.47265625 0.3701171875 0.0359375 0.037109375
2 0.5359375 0.369140625 0.028125 0.02734375
2 0.5234375 0.3671875 0.025 0.02734375
11 0.340625 0.2119140625 0.021875 0.029296875
9 0.43828125 0.2177734375 0.0109375 0.033203125
9 0.45078125 0.216796875 0.0078125 0.03125
9 0.4265625 0.216796875 0.009375 0.03125
9 0.21640625 0.1982421875 0.0109375 0.033203125
9 0.19921875 0.197265625 0.0140625 0.03515625
9 0.60078125 0.2998046875 0.0078125 0.009765625
9 0.1875 0.197265625 0.0125 0.03515625
2 0.35625 0.365234375 0.028125 0.03125
0 0.76796875 0.3798828125 0.0171875 0.033203125
2 0.48515625 0.365234375 0.0265625 0.03515625
9 0.46328125 0.314453125 0.0046875 0.01171875
11 0.890625 0.2138671875 0.075 0.025390625
11 0.89296875 0.2333984375 0.0703125 0.017578125
11 0.8921875 0.2548828125 0.071875 0.017578125
0 0.0203125 0.37890625 0.015625 0.02734375
3 0.33125 0.3740234375 0.0125 0.021484375
0 0.88046875 0.3896484375 0.0234375 0.087890625
3 0.78046875 0.474609375 0.1171875 0.11328125
3 0.24609375 0.3837890625 0.0203125 0.029296875
3 0.73359375 0.470703125 0.0765625 0.08984375
0 0.24453125 0.3759765625 0.0171875 0.033203125
11 0.87421875 0.2724609375 0.0421875 0.017578125
16 0.89453125 0.4111328125 0.0234375 0.048828125
11 0.86796875 0.291015625 0.0234375 0.01953125
11 0.86875 0.3134765625 0.021875 0.021484375
2 0.22890625 0.380859375 0.0234375 0.03125
0 0.6640625 0.3671875 0.0125 0.046875
2 0.37421875 0.3662109375 0.0296875 0.033203125
3 0.71953125 0.4501953125 0.0796875 0.099609375
3 0.85546875 0.4794921875 0.2171875 0.185546875
0 0.634375 0.3662109375 0.015625 0.052734375
0 0.60546875 0.3701171875 0.0140625 0.052734375
0 0.5578125 0.365234375 0.015625 0.04296875
2 0.07734375 0.4248046875 0.1546875 0.138671875
2 0.4015625 0.375 0.04375 0.04296875
2 0.42578125 0.365234375 0.0265625 0.03125
2 0.44375 0.3623046875 0.01875 0.025390625
2 0.47265625 0.3701171875 0.0359375 0.037109375
2 0.5359375 0.369140625 0.028125 0.02734375
2 0.5234375 0.3671875 0.025 0.02734375
11 0.340625 0.2119140625 0.021875 0.029296875
9 0.43828125 0.2177734375 0.0109375 0.033203125
9 0.45078125 0.216796875 0.0078125 0.03125
9 0.4265625 0.216796875 0.009375 0.03125
9 0.21640625 0.1982421875 0.0109375 0.033203125
9 0.19921875 0.197265625 0.0140625 0.03515625
9 0.60078125 0.2998046875 0.0078125 0.009765625
9 0.1875 0.197265625 0.0125 0.03515625
2 0.35625 0.365234375 0.028125 0.03125
0 0.76796875 0.3798828125 0.0171875 0.033203125
2 0.48515625 0.365234375 0.0265625 0.03515625
9 0.46328125 0.314453125 0.0046875 0.01171875
11 0.890625 0.2138671875 0.075 0.025390625
11 0.89296875 0.2333984375 0.0703125 0.017578125
11 0.8921875 0.2548828125 0.071875 0.017578125
0 0.0203125 0.37890625 0.015625 0.02734375
3 0.33125 0.3740234375 0.0125 0.021484375
0 0.88046875 0.3896484375 0.0234375 0.087890625
3 0.78046875 0.474609375 0.1171875 0.11328125
3 0.24609375 0.3837890625 0.0203125 0.029296875
3 0.73359375 0.470703125 0.0765625 0.08984375
0 0.24453125 0.3759765625 0.0171875 0.033203125
11 0.87421875 0.2724609375 0.0421875 0.017578125
16 0.89453125 0.4111328125 0.0234375 0.048828125
11 0.86796875 0.291015625 0.0234375 0.01953125
11 0.86875 0.3134765625 0.021875 0.021484375
2 0.22890625 0.380859375 0.0234375 0.03125
0 0.6640625 0.3671875 0.0125 0.046875
2 0.37421875 0.3662109375 0.0296875 0.033203125
