2 0.809375 0.4375 0.253125 0.22265625
2 0.6125 0.359375 0.046875 0.05078125
2 0.54375 0.361328125 0.03125 0.02734375
7 0.52890625 0.341796875 0.0171875 0.03125
7 0.5015625 0.3408203125 0.009375 0.009765625
2 0.5046875 0.3515625 0.0125 0.01171875
2 0.490625 0.353515625 0.015625 0.01953125
2 0.10859375 0.376953125 0.0546875 0.04296875
2 0.2828125 0.359375 0.021875 0.01953125
7 0.140625 0.3544921875 0.084375 0.060546875
2 0.3765625 0.353515625 0.0125 0.01171875
2 0.26796875 0.3603515625 0.0203125 0.017578125
2 0.3578125 0.3515625 0.015625 0.015625
2 0.33125 0.35546875 0.01875 0.015625
2 0.21953125 0.365234375 0.0265625 0.0234375
2 0.39140625 0.349609375 0.0046875 0.00390625
2 0.39921875 0.349609375 0.0046875 0.00390625
7 0.33046875 0.34375 0.0140625 0.0078125
2 0.809375 0.4375 0.253125 0.22265625
2 0.6125 0.359375 0.046875 0.05078125
2 0.54375 0.361328125 0.03125 0.02734375
7 0.52890625 0.341796875 0.0171875 0.03125
7 0.5015625 0.3408203125 0.009375 0.009765625
2 0.5046875 0.3515625 0.0125 0.01171875
2 0.490625 0.353515625 0.015625 0.01953125
2 0.10859375 0.376953125 0.0546875 0.04296875
2 0.2828125 0.359375 0.021875 0.01953125
7 0.140625 0.3544921875 0.084375 0.060546875
2 0.3765625 0.353515625 0.0125 0.01171875
2 0.26796875 0.3603515625 0.0203125 0.017578125
2 0.3578125 0.3515625 0.015625 0.015625
2 0.33125 0.35546875 0.01875 0.015625
2 0.21953125 0.365234375 0.0265625 0.0234375
2 0.39140625 0.349609375 0.0046875 0.00390625
2 0.39921875 0.349609375 0.0046875 0.00390625
7 0.33046875 0.34375 0.0140625 0.0078125
