3 0.90703125 0.52734375 0.1828125 0.1484375
0 0.66171875 0.3662109375 0.0171875 0.060546875
0 0.62734375 0.3701171875 0.0171875 0.056640625
0 0.56796875 0.365234375 0.0171875 0.05078125
2 0.40390625 0.3740234375 0.0453125 0.044921875
2 0.4265625 0.3662109375 0.028125 0.033203125
2 0.4453125 0.361328125 0.021875 0.02734375
2 0.47734375 0.3681640625 0.0359375 0.037109375
2 0.54296875 0.369140625 0.0328125 0.03125
2 0.52890625 0.3662109375 0.0234375 0.029296875
11 0.31796875 0.1884765625 0.0265625 0.037109375
9 0.434375 0.1923828125 0.0125 0.037109375
9 0.4484375 0.1923828125 0.009375 0.037109375
9 0.421875 0.1953125 0.009375 0.03515625
9 0.165625 0.1689453125 0.0125 0.037109375
9 0.1515625 0.169921875 0.015625 0.0390625
9 0.134375 0.1689453125 0.0125 0.037109375
2 0.34296875 0.365234375 0.0296875 0.03515625
2 0.490625 0.3642578125 0.025 0.033203125
9 0.46484375 0.310546875 0.0046875 0.01171875
3 0.3109375 0.376953125 0.0125 0.0234375
3 0.9546875 0.58984375 0.0875 0.171875
3 0.9234375 0.5439453125 0.15 0.169921875
0 0.190625 0.3759765625 0.021875 0.041015625
11 0.765625 0.3232421875 0.034375 0.041015625
11 0.765625 0.248046875 0.04375 0.01953125
9 0.7765625 0.2734375 0.01875 0.0234375
9 0.7484375 0.2724609375 0.01875 0.021484375
0 0.96640625 0.392578125 0.0265625 0.10546875
10 0.14140625 0.3974609375 0.0078125 0.021484375
0 0.8265625 0.39453125 0.01875 0.0625
0 0.1390625 0.3798828125 0.0125 0.037109375
2 0.2203125 0.3837890625 0.034375 0.037109375
9 0.6203125 0.2900390625 0.009375 0.013671875
2 0.50625 0.359375 0.015625 0.01953125
3 0.18984375 0.3916015625 0.0265625 0.044921875
2 0.36328125 0.3681640625 0.0390625 0.037109375
0 0.69453125 0.3662109375 0.0140625 0.052734375
3 0.90703125 0.52734375 0.1828125 0.1484375
0 0.66171875 0.3662109375 0.0171875 0.060546875
0 0.62734375 0.3701171875 0.0171875 0.056640625
0 0.56796875 0.365234375 0.0171875 0.05078125
2 0.40390625 0.3740234375 0.0453125 0.044921875
2 0.4265625 0.3662109375 0.028125 0.033203125
2 0.4453125 0.361328125 0.021875 0.02734375
2 0.47734375 0.3681640625 0.0359375 0.037109375
2 0.54296875 0.369140625 0.0328125 0.03125
2 0.52890625 0.3662109375 0.0234375 0.029296875
11 0.31796875 0.1884765625 0.0265625 0.037109375
9 0.434375 0.1923828125 0.0125 0.037109375
9 0.4484375 0.1923828125 0.009375 0.037109375
9 0.421875 0.1953125 0.009375 0.03515625
9 0.165625 0.1689453125 0.0125 0.037109375
9 0.1515625 0.169921875 0.015625 0.0390625
9 0.134375 0.1689453125 0.0125 0.037109375
2 0.34296875 0.365234375 0.0296875 0.03515625
2 0.490625 0.3642578125 0.025 0.033203125
9 0.46484375 0.310546875 0.0046875 0.01171875
3 0.3109375 0.376953125 0.0125 0.0234375
3 0.9546875 0.58984375 0.0875 0.171875
3 0.9234375 0.5439453125 0.15 0.169921875
0 0.190625 0.3759765625 0.021875 0.041015625
11 0.765625 0.3232421875 0.034375 0.041015625
11 0.765625 0.248046875 0.04375 0.01953125
9 0.7765625 0.2734375 0.01875 0.0234375
9 0.7484375 0.2724609375 0.01875 0.021484375
0 0.96640625 0.392578125 0.0265625 0.10546875
10 0.14140625 0.3974609375 0.0078125 0.021484375
0 0.8265625 0.39453125 0.01875 0.0625
0 0.1390625 0.3798828125 0.0125 0.037109375
2 0.2203125 0.3837890625 0.034375 0.037109375
9 0.6203125 0.2900390625 0.009375 0.013671875
2 0.50625 0.359375 0.015625 0.01953125
3 0.18984375 0.3916015625 0.0265625 0.044921875
2 0.36328125 0.3681640625 0.0390625 0.037109375
0 0.69453125 0.3662109375 0.0140625 0.052734375
