2 0.4046875 0.3857421875 0.053125 0.048828125
2 0.81875 0.443359375 0.23125 0.22265625
2 0.58203125 0.3837890625 0.0359375 0.048828125
2 0.91875 0.556640625 0.159375 0.40234375
2 0.5703125 0.3701171875 0.04375 0.033203125
2 0.31796875 0.373046875 0.0453125 0.046875
2 0.384375 0.3740234375 0.025 0.033203125
0 0.24921875 0.3779296875 0.0078125 0.025390625
3 0.6421875 0.4189453125 0.046875 0.083984375
3 0.66796875 0.4306640625 0.0546875 0.107421875
3 0.68984375 0.4453125 0.0578125 0.109375
0 0.09140625 0.400390625 0.0234375 0.0390625
2 0.4234375 0.376953125 0.0375 0.0390625
2 0.36171875 0.3740234375 0.0140625 0.021484375
0 0.2 0.3798828125 0.009375 0.037109375
2 0.46796875 0.361328125 0.0140625 0.015625
2 0.62265625 0.4013671875 0.0515625 0.072265625
0 0.18515625 0.380859375 0.0078125 0.03125
0 0.5171875 0.369140625 0.0125 0.03515625
2 0.48046875 0.3603515625 0.0109375 0.013671875
2 0.35 0.3759765625 0.015625 0.021484375
2 0.515625 0.3681640625 0.021875 0.025390625
0 0.68828125 0.357421875 0.0140625 0.04296875
2 0.44296875 0.3623046875 0.0109375 0.013671875
2 0.0703125 0.390625 0.028125 0.03125
0 0.70546875 0.36328125 0.0171875 0.03515625
2 0.5 0.361328125 0.0125 0.015625
0 0.5375 0.3701171875 0.009375 0.033203125
0 0.63671875 0.3544921875 0.0078125 0.017578125
0 0.72421875 0.3662109375 0.0109375 0.048828125
2 0.4046875 0.3857421875 0.053125 0.048828125
2 0.81875 0.443359375 0.23125 0.22265625
2 0.58203125 0.3837890625 0.0359375 0.048828125
2 0.91875 0.556640625 0.159375 0.40234375
2 0.5703125 0.3701171875 0.04375 0.033203125
2 0.31796875 0.373046875 0.0453125 0.046875
2 0.384375 0.3740234375 0.025 0.033203125
0 0.24921875 0.3779296875 0.0078125 0.025390625
3 0.6421875 0.4189453125 0.046875 0.083984375
3 0.66796875 0.4306640625 0.0546875 0.107421875
3 0.68984375 0.4453125 0.0578125 0.109375
0 0.09140625 0.400390625 0.0234375 0.0390625
2 0.4234375 0.376953125 0.0375 0.0390625
2 0.36171875 0.3740234375 0.0140625 0.021484375
0 0.2 0.3798828125 0.009375 0.037109375
2 0.46796875 0.361328125 0.0140625 0.015625
2 0.62265625 0.4013671875 0.0515625 0.072265625
0 0.18515625 0.380859375 0.0078125 0.03125
0 0.5171875 0.369140625 0.0125 0.03515625
2 0.48046875 0.3603515625 0.0109375 0.013671875
2 0.35 0.3759765625 0.015625 0.021484375
2 0.515625 0.3681640625 0.021875 0.025390625
0 0.68828125 0.357421875 0.0140625 0.04296875
2 0.44296875 0.3623046875 0.0109375 0.013671875
2 0.0703125 0.390625 0.028125 0.03125
0 0.70546875 0.36328125 0.0171875 0.03515625
2 0.5 0.361328125 0.0125 0.015625
0 0.5375 0.3701171875 0.009375 0.033203125
0 0.63671875 0.3544921875 0.0078125 0.017578125
0 0.72421875 0.3662109375 0.0109375 0.048828125
