2 0.58515625 0.357421875 0.0390625 0.04296875
2 0.53046875 0.361328125 0.0296875 0.02734375
7 0.53828125 0.341796875 0.0171875 0.0234375
7 0.51484375 0.3505859375 0.0109375 0.017578125
2 0.4875 0.357421875 0.015625 0.01953125
2 0.5015625 0.35546875 0.009375 0.0078125
7 0.1390625 0.357421875 0.0875 0.0625
2 0.20234375 0.3671875 0.0265625 0.01953125
2 0.23125 0.36328125 0.03125 0.01953125
2 0.29921875 0.3603515625 0.0171875 0.013671875
2 0.3328125 0.3564453125 0.015625 0.013671875
2 0.35234375 0.3564453125 0.0109375 0.009765625
2 0.3734375 0.35546875 0.0125 0.01171875
2 0.39765625 0.3564453125 0.0109375 0.009765625
2 0.27109375 0.36328125 0.0140625 0.01171875
2 0.58515625 0.357421875 0.0390625 0.04296875
2 0.53046875 0.361328125 0.0296875 0.02734375
7 0.53828125 0.341796875 0.0171875 0.0234375
7 0.51484375 0.3505859375 0.0109375 0.017578125
2 0.4875 0.357421875 0.015625 0.01953125
2 0.5015625 0.35546875 0.009375 0.0078125
7 0.1390625 0.357421875 0.0875 0.0625
2 0.20234375 0.3671875 0.0265625 0.01953125
2 0.23125 0.36328125 0.03125 0.01953125
2 0.29921875 0.3603515625 0.0171875 0.013671875
2 0.3328125 0.3564453125 0.015625 0.013671875
2 0.35234375 0.3564453125 0.0109375 0.009765625
2 0.3734375 0.35546875 0.0125 0.01171875
2 0.39765625 0.3564453125 0.0109375 0.009765625
2 0.27109375 0.36328125 0.0140625 0.01171875
