2 0.91015625 0.5986328125 0.1765625 0.353515625
3 0.83125 0.49609375 0.14375 0.12109375
3 0.78359375 0.48046875 0.1265625 0.1015625
3 0.7375 0.4697265625 0.075 0.091796875
2 0.73125 0.4306640625 0.146875 0.146484375
2 0.66328125 0.4072265625 0.0953125 0.115234375
3 0.5875 0.392578125 0.046875 0.046875
3 0.59296875 0.3984375 0.0453125 0.04296875
0 0.58984375 0.3603515625 0.0109375 0.025390625
0 0.5703125 0.369140625 0.0125 0.03515625
0 0.5421875 0.3662109375 0.009375 0.029296875
2 0.03203125 0.41796875 0.0640625 0.05859375
2 0.0796875 0.4033203125 0.06875 0.056640625
2 0.13359375 0.4189453125 0.1234375 0.091796875
0 0.16015625 0.3662109375 0.0109375 0.013671875
2 0.2 0.392578125 0.05 0.0546875
2 0.2890625 0.37890625 0.028125 0.0390625
2 0.3171875 0.3779296875 0.0625 0.056640625
2 0.38046875 0.369140625 0.0328125 0.03125
2 0.41328125 0.37890625 0.0421875 0.0390625
2 0.43828125 0.3671875 0.0265625 0.02734375
2 0.4546875 0.365234375 0.01875 0.0234375
2 0.47734375 0.3740234375 0.0359375 0.037109375
2 0.48984375 0.3662109375 0.0265625 0.033203125
2 0.5265625 0.3701171875 0.025 0.025390625
2 0.51640625 0.3681640625 0.0171875 0.021484375
11 0.39609375 0.265625 0.0140625 0.01953125
11 0.71328125 0.3056640625 0.0234375 0.041015625
9 0.45859375 0.2685546875 0.0078125 0.021484375
9 0.465625 0.2685546875 0.00625 0.021484375
3 0.865625 0.5126953125 0.121875 0.142578125
9 0.4515625 0.26953125 0.00625 0.01953125
9 0.3234375 0.259765625 0.00625 0.0234375
9 0.31640625 0.259765625 0.0078125 0.0234375
9 0.5671875 0.322265625 0.00625 0.0078125
9 0.30859375 0.259765625 0.0078125 0.0234375
2 0.91015625 0.5986328125 0.1765625 0.353515625
3 0.83125 0.49609375 0.14375 0.12109375
3 0.78359375 0.48046875 0.1265625 0.1015625
3 0.7375 0.4697265625 0.075 0.091796875
2 0.73125 0.4306640625 0.146875 0.146484375
2 0.66328125 0.4072265625 0.0953125 0.115234375
3 0.5875 0.392578125 0.046875 0.046875
3 0.59296875 0.3984375 0.0453125 0.04296875
0 0.58984375 0.3603515625 0.0109375 0.025390625
0 0.5703125 0.369140625 0.0125 0.03515625
0 0.5421875 0.3662109375 0.009375 0.029296875
2 0.03203125 0.41796875 0.0640625 0.05859375
2 0.0796875 0.4033203125 0.06875 0.056640625
2 0.13359375 0.4189453125 0.1234375 0.091796875
0 0.16015625 0.3662109375 0.0109375 0.013671875
2 0.2 0.392578125 0.05 0.0546875
2 0.2890625 0.37890625 0.028125 0.0390625
2 0.3171875 0.3779296875 0.0625 0.056640625
2 0.38046875 0.369140625 0.0328125 0.03125
2 0.41328125 0.37890625 0.0421875 0.0390625
2 0.43828125 0.3671875 0.0265625 0.02734375
2 0.4546875 0.365234375 0.01875 0.0234375
2 0.47734375 0.3740234375 0.0359375 0.037109375
2 0.48984375 0.3662109375 0.0265625 0.033203125
2 0.5265625 0.3701171875 0.025 0.025390625
2 0.51640625 0.3681640625 0.0171875 0.021484375
11 0.39609375 0.265625 0.0140625 0.01953125
11 0.71328125 0.3056640625 0.0234375 0.041015625
9 0.45859375 0.2685546875 0.0078125 0.021484375
9 0.465625 0.2685546875 0.00625 0.021484375
3 0.865625 0.5126953125 0.121875 0.142578125
9 0.4515625 0.26953125 0.00625 0.01953125
9 0.3234375 0.259765625 0.00625 0.0234375
9 0.31640625 0.259765625 0.0078125 0.0234375
9 0.5671875 0.322265625 0.00625 0.0078125
9 0.30859375 0.259765625 0.0078125 0.0234375
