2 0.58671875 0.353515625 0.0390625 0.04296875
2 0.53359375 0.3564453125 0.0296875 0.029296875
7 0.53671875 0.333984375 0.0171875 0.01953125
7 0.51640625 0.3447265625 0.0109375 0.017578125
2 0.4859375 0.3505859375 0.015625 0.021484375
2 0.503125 0.34765625 0.009375 0.0078125
2 0.046875 0.37109375 0.05625 0.02734375
2 0.21484375 0.353515625 0.0265625 0.015625
7 0.28203125 0.3408203125 0.0390625 0.033203125
2 0.31953125 0.3466796875 0.0109375 0.009765625
2 0.33515625 0.3466796875 0.0109375 0.009765625
2 0.36328125 0.34375 0.0109375 0.0078125
2 0.3796875 0.34375 0.009375 0.0078125
2 0.39140625 0.3447265625 0.0078125 0.005859375
2 0.4015625 0.3427734375 0.00625 0.005859375
2 0.4125 0.3447265625 0.00625 0.005859375
2 0.58671875 0.353515625 0.0390625 0.04296875
2 0.53359375 0.3564453125 0.0296875 0.029296875
7 0.53671875 0.333984375 0.0171875 0.01953125
7 0.51640625 0.3447265625 0.0109375 0.017578125
2 0.4859375 0.3505859375 0.015625 0.021484375
2 0.503125 0.34765625 0.009375 0.0078125
2 0.046875 0.37109375 0.05625 0.02734375
2 0.21484375 0.353515625 0.0265625 0.015625
7 0.28203125 0.3408203125 0.0390625 0.033203125
2 0.31953125 0.3466796875 0.0109375 0.009765625
2 0.33515625 0.3466796875 0.0109375 0.009765625
2 0.36328125 0.34375 0.0109375 0.0078125
2 0.3796875 0.34375 0.009375 0.0078125
2 0.39140625 0.3447265625 0.0078125 0.005859375
2 0.4015625 0.3427734375 0.00625 0.005859375
2 0.4125 0.3447265625 0.00625 0.005859375
