9 0.50703125 0.298828125 0.0078125 0.03125
9 0.6296875 0.2958984375 0.009375 0.033203125
11 0.69765625 0.306640625 0.0421875 0.01953125
0 0.6015625 0.4375 0.0125 0.046875
0 0.50703125 0.431640625 0.0109375 0.0390625
2 0.47578125 0.4345703125 0.0671875 0.044921875
2 0.396875 0.435546875 0.05625 0.03125
2 0.3109375 0.4892578125 0.140625 0.130859375
2 0.19609375 0.541015625 0.2359375 0.1640625
2 0.290625 0.4169921875 0.05625 0.021484375
2 0.13515625 0.44140625 0.1265625 0.05859375
11 0.259375 0.3701171875 0.0375 0.052734375
9 0.853125 0.25 0.015625 0.04296875
9 0.83046875 0.2578125 0.0140625 0.0390625
9 0.73984375 0.365234375 0.0046875 0.01171875
11 0.89375 0.2529296875 0.025 0.033203125
11 0.00859375 0.3251953125 0.0171875 0.072265625
11 0.14453125 0.3876953125 0.0140625 0.013671875
9 0.16171875 0.3564453125 0.0109375 0.029296875
2 0.0890625 0.4677734375 0.096875 0.068359375
9 0.134375 0.3603515625 0.0125 0.025390625
2 0.0703125 0.49609375 0.06875 0.06640625
2 0.02890625 0.482421875 0.0578125 0.125
2 0.24140625 0.4365234375 0.0296875 0.041015625
2 0.36015625 0.43359375 0.0328125 0.03125
2 0.9796875 0.71875 0.0375 0.1796875
0 0.32265625 0.416015625 0.0078125 0.01171875
9 0.50703125 0.298828125 0.0078125 0.03125
9 0.6296875 0.2958984375 0.009375 0.033203125
11 0.69765625 0.306640625 0.0421875 0.01953125
0 0.6015625 0.4375 0.0125 0.046875
0 0.50703125 0.431640625 0.0109375 0.0390625
2 0.47578125 0.4345703125 0.0671875 0.044921875
2 0.396875 0.435546875 0.05625 0.03125
2 0.3109375 0.4892578125 0.140625 0.130859375
2 0.19609375 0.541015625 0.2359375 0.1640625
2 0.290625 0.4169921875 0.05625 0.021484375
2 0.13515625 0.44140625 0.1265625 0.05859375
11 0.259375 0.3701171875 0.0375 0.052734375
9 0.853125 0.25 0.015625 0.04296875
9 0.83046875 0.2578125 0.0140625 0.0390625
9 0.73984375 0.365234375 0.0046875 0.01171875
11 0.89375 0.2529296875 0.025 0.033203125
11 0.00859375 0.3251953125 0.0171875 0.072265625
11 0.14453125 0.3876953125 0.0140625 0.013671875
9 0.16171875 0.3564453125 0.0109375 0.029296875
2 0.0890625 0.4677734375 0.096875 0.068359375
9 0.134375 0.3603515625 0.0125 0.025390625
2 0.0703125 0.49609375 0.06875 0.06640625
2 0.02890625 0.482421875 0.0578125 0.125
2 0.24140625 0.4365234375 0.0296875 0.041015625
2 0.36015625 0.43359375 0.0328125 0.03125
2 0.9796875 0.71875 0.0375 0.1796875
0 0.32265625 0.416015625 0.0078125 0.01171875
