2 0.9453125 0.5283203125 0.10625 0.291015625
2 0.60625 0.357421875 0.04375 0.046875
2 0.54375 0.3583984375 0.03125 0.029296875
7 0.53125 0.34375 0.01875 0.03125
7 0.50546875 0.3447265625 0.0140625 0.017578125
2 0.49140625 0.3544921875 0.0171875 0.021484375
2 0.0421875 0.3916015625 0.059375 0.044921875
2 0.2640625 0.3642578125 0.025 0.021484375
2 0.23046875 0.3583984375 0.0390625 0.037109375
2 0.33984375 0.359375 0.0171875 0.015625
2 0.3640625 0.353515625 0.015625 0.015625
2 0.3828125 0.353515625 0.0125 0.01171875
2 0.303125 0.3583984375 0.015625 0.013671875
2 0.39375 0.3525390625 0.009375 0.009765625
2 0.9453125 0.5283203125 0.10625 0.291015625
2 0.60625 0.357421875 0.04375 0.046875
2 0.54375 0.3583984375 0.03125 0.029296875
7 0.53125 0.34375 0.01875 0.03125
7 0.50546875 0.3447265625 0.0140625 0.017578125
2 0.49140625 0.3544921875 0.0171875 0.021484375
2 0.0421875 0.3916015625 0.059375 0.044921875
2 0.2640625 0.3642578125 0.025 0.021484375
2 0.23046875 0.3583984375 0.0390625 0.037109375
2 0.33984375 0.359375 0.0171875 0.015625
2 0.3640625 0.353515625 0.015625 0.015625
2 0.3828125 0.353515625 0.0125 0.01171875
2 0.303125 0.3583984375 0.015625 0.013671875
2 0.39375 0.3525390625 0.009375 0.009765625
