2 0.85078125 0.4453125 0.2953125 0.25390625
2 0.6109375 0.357421875 0.046875 0.0546875
2 0.54375 0.359375 0.03125 0.03125
7 0.52890625 0.34375 0.0171875 0.02734375
7 0.503125 0.3427734375 0.009375 0.009765625
2 0.50546875 0.3525390625 0.0109375 0.009765625
2 0.49140625 0.3544921875 0.0171875 0.021484375
2 0.20546875 0.369140625 0.0359375 0.03125
7 0.034375 0.3662109375 0.06875 0.083984375
2 0.35859375 0.35546875 0.0140625 0.01171875
2 0.33046875 0.35546875 0.0234375 0.01953125
2 0.2921875 0.3623046875 0.025 0.021484375
2 0.1234375 0.376953125 0.040625 0.03515625
2 0.38046875 0.353515625 0.0078125 0.0078125
2 0.3890625 0.3544921875 0.009375 0.009765625
7 0.30625 0.341796875 0.034375 0.03125
2 0.36953125 0.349609375 0.0109375 0.01171875
2 0.85078125 0.4453125 0.2953125 0.25390625
2 0.6109375 0.357421875 0.046875 0.0546875
2 0.54375 0.359375 0.03125 0.03125
7 0.52890625 0.34375 0.0171875 0.02734375
7 0.503125 0.3427734375 0.009375 0.009765625
2 0.50546875 0.3525390625 0.0109375 0.009765625
2 0.49140625 0.3544921875 0.0171875 0.021484375
2 0.20546875 0.369140625 0.0359375 0.03125
7 0.034375 0.3662109375 0.06875 0.083984375
2 0.35859375 0.35546875 0.0140625 0.01171875
2 0.33046875 0.35546875 0.0234375 0.01953125
2 0.2921875 0.3623046875 0.025 0.021484375
2 0.1234375 0.376953125 0.040625 0.03515625
2 0.38046875 0.353515625 0.0078125 0.0078125
2 0.3890625 0.3544921875 0.009375 0.009765625
7 0.30625 0.341796875 0.034375 0.03125
2 0.36953125 0.349609375 0.0109375 0.01171875
