2 0.52421875 0.6123046875 0.0234375 0.029296875
2 0.54765625 0.6123046875 0.0109375 0.013671875
7 0.72109375 0.6103515625 0.1015625 0.107421875
7 0.65703125 0.607421875 0.0296875 0.0703125
7 0.6328125 0.60546875 0.021875 0.05078125
7 0.59296875 0.607421875 0.0234375 0.0390625
7 0.61484375 0.6083984375 0.0171875 0.041015625
2 0.52421875 0.6123046875 0.0234375 0.029296875
2 0.54765625 0.6123046875 0.0109375 0.013671875
7 0.72109375 0.6103515625 0.1015625 0.107421875
7 0.65703125 0.607421875 0.0296875 0.0703125
7 0.6328125 0.60546875 0.021875 0.05078125
7 0.59296875 0.607421875 0.0234375 0.0390625
7 0.61484375 0.6083984375 0.0171875 0.041015625
