2 0.3953125 0.3857421875 0.071875 0.068359375
2 0.70390625 0.416015625 0.1234375 0.109375
2 0.203125 0.3779296875 0.09375 0.087890625
2 0.33125 0.3759765625 0.053125 0.052734375
2 0.45078125 0.3681640625 0.0453125 0.041015625
0 0.12421875 0.375 0.0109375 0.04296875
2 0.47890625 0.3544921875 0.0140625 0.017578125
2 0.91640625 0.5419921875 0.1640625 0.287109375
0 0.1171875 0.3759765625 0.009375 0.041015625
0 0.61640625 0.3623046875 0.0109375 0.044921875
2 0.49453125 0.3544921875 0.0109375 0.013671875
2 0.5359375 0.36328125 0.021875 0.0234375
2 0.509375 0.353515625 0.0125 0.015625
0 0.6390625 0.365234375 0.015625 0.04296875
0 0.7453125 0.353515625 0.0125 0.03125
0 0.76875 0.37109375 0.021875 0.0625
3 0.79375 0.466796875 0.125 0.10546875
3 0.7453125 0.4482421875 0.0875 0.095703125
2 0.3015625 0.369140625 0.0125 0.02734375
2 0.27578125 0.373046875 0.0421875 0.0390625
2 0.5203125 0.353515625 0.009375 0.01171875
0 0.9625 0.3701171875 0.03125 0.060546875
9 0.46640625 0.2998046875 0.0078125 0.017578125
9 0.43203125 0.30078125 0.0078125 0.01953125
11 0.3140625 0.3896484375 0.009375 0.025390625
11 0.74609375 0.2587890625 0.0578125 0.013671875
11 0.74609375 0.271484375 0.0578125 0.01171875
11 0.74609375 0.283203125 0.0578125 0.01171875
11 0.7359375 0.294921875 0.0375 0.01171875
11 0.390625 0.302734375 0.0125 0.015625
2 0.3640625 0.359375 0.0125 0.01953125
2 0.3953125 0.3857421875 0.071875 0.068359375
2 0.70390625 0.416015625 0.1234375 0.109375
2 0.203125 0.3779296875 0.09375 0.087890625
2 0.33125 0.3759765625 0.053125 0.052734375
2 0.45078125 0.3681640625 0.0453125 0.041015625
0 0.12421875 0.375 0.0109375 0.04296875
2 0.47890625 0.3544921875 0.0140625 0.017578125
2 0.91640625 0.5419921875 0.1640625 0.287109375
0 0.1171875 0.3759765625 0.009375 0.041015625
0 0.61640625 0.3623046875 0.0109375 0.044921875
2 0.49453125 0.3544921875 0.0109375 0.013671875
2 0.5359375 0.36328125 0.021875 0.0234375
2 0.509375 0.353515625 0.0125 0.015625
0 0.6390625 0.365234375 0.015625 0.04296875
0 0.7453125 0.353515625 0.0125 0.03125
0 0.76875 0.37109375 0.021875 0.0625
3 0.79375 0.466796875 0.125 0.10546875
3 0.7453125 0.4482421875 0.0875 0.095703125
2 0.3015625 0.369140625 0.0125 0.02734375
2 0.27578125 0.373046875 0.0421875 0.0390625
2 0.5203125 0.353515625 0.009375 0.01171875
0 0.9625 0.3701171875 0.03125 0.060546875
9 0.46640625 0.2998046875 0.0078125 0.017578125
9 0.43203125 0.30078125 0.0078125 0.01953125
11 0.3140625 0.3896484375 0.009375 0.025390625
11 0.74609375 0.2587890625 0.0578125 0.013671875
11 0.74609375 0.271484375 0.0578125 0.01171875
11 0.74609375 0.283203125 0.0578125 0.01171875
11 0.7359375 0.294921875 0.0375 0.01171875
11 0.390625 0.302734375 0.0125 0.015625
2 0.3640625 0.359375 0.0125 0.01953125
