2 0.75234375 0.4150390625 0.2015625 0.185546875
2 0.61328125 0.357421875 0.0484375 0.0546875
2 0.5421875 0.3603515625 0.03125 0.029296875
7 0.52734375 0.341796875 0.0171875 0.02734375
7 0.5015625 0.341796875 0.009375 0.01171875
2 0.5046875 0.349609375 0.009375 0.0078125
2 0.49140625 0.3515625 0.0171875 0.01953125
7 0.1546875 0.3525390625 0.096875 0.076171875
2 0.0140625 0.3916015625 0.028125 0.041015625
2 0.14921875 0.373046875 0.0421875 0.03125
2 0.2921875 0.35546875 0.021875 0.0234375
2 0.35234375 0.3525390625 0.0140625 0.013671875
2 0.37734375 0.3525390625 0.0109375 0.009765625
7 0.2703125 0.34765625 0.04375 0.04296875
2 0.26953125 0.357421875 0.0203125 0.01953125
2 0.40078125 0.349609375 0.0078125 0.0078125
2 0.33828125 0.353515625 0.0140625 0.01171875
2 0.38984375 0.349609375 0.0109375 0.01171875
2 0.36640625 0.3525390625 0.0109375 0.009765625
2 0.3140625 0.3564453125 0.015625 0.013671875
2 0.41484375 0.34765625 0.0046875 0.00390625
2 0.42578125 0.34765625 0.0046875 0.00390625
7 0.37421875 0.3427734375 0.0171875 0.013671875
2 0.75234375 0.4150390625 0.2015625 0.185546875
2 0.61328125 0.357421875 0.0484375 0.0546875
2 0.5421875 0.3603515625 0.03125 0.029296875
7 0.52734375 0.341796875 0.0171875 0.02734375
7 0.5015625 0.341796875 0.009375 0.01171875
2 0.5046875 0.349609375 0.009375 0.0078125
2 0.49140625 0.3515625 0.0171875 0.01953125
7 0.1546875 0.3525390625 0.096875 0.076171875
2 0.0140625 0.3916015625 0.028125 0.041015625
2 0.14921875 0.373046875 0.0421875 0.03125
2 0.2921875 0.35546875 0.021875 0.0234375
2 0.35234375 0.3525390625 0.0140625 0.013671875
2 0.37734375 0.3525390625 0.0109375 0.009765625
7 0.2703125 0.34765625 0.04375 0.04296875
2 0.26953125 0.357421875 0.0203125 0.01953125
2 0.40078125 0.349609375 0.0078125 0.0078125
2 0.33828125 0.353515625 0.0140625 0.01171875
2 0.38984375 0.349609375 0.0109375 0.01171875
2 0.36640625 0.3525390625 0.0109375 0.009765625
2 0.3140625 0.3564453125 0.015625 0.013671875
2 0.41484375 0.34765625 0.0046875 0.00390625
2 0.42578125 0.34765625 0.0046875 0.00390625
7 0.37421875 0.3427734375 0.0171875 0.013671875
