2 0.90390625 0.57421875 0.1890625 0.26953125
2 0.8171875 0.515625 0.15625 0.171875
2 0.74375 0.478515625 0.11875 0.12890625
2 0.6578125 0.47265625 0.034375 0.07421875
2 0.6375 0.453125 0.028125 0.03125
2 0.571875 0.4541015625 0.009375 0.013671875
2 0.55546875 0.455078125 0.0171875 0.01171875
2 0.5234375 0.4521484375 0.01875 0.021484375
0 0.50078125 0.453125 0.0078125 0.0234375
2 0.34453125 0.46484375 0.0203125 0.0234375
2 0.32421875 0.4736328125 0.0328125 0.029296875
2 0.01875 0.4921875 0.0375 0.04296875
9 0.5265625 0.3564453125 0.00625 0.021484375
9 0.5859375 0.3564453125 0.00625 0.021484375
11 0.54375 0.349609375 0.009375 0.015625
11 0.634375 0.36328125 0.03125 0.01171875
11 0.37265625 0.37890625 0.0140625 0.01953125
9 0.3640625 0.4111328125 0.00625 0.005859375
9 0.384375 0.4091796875 0.00625 0.005859375
11 0.36171875 0.4462890625 0.0078125 0.009765625
0 0.428125 0.46484375 0.015625 0.0390625
0 0.178125 0.484375 0.00625 0.0390625
0 0.29453125 0.47265625 0.0140625 0.0546875
0 0.16953125 0.4765625 0.0109375 0.0390625
0 0.275 0.474609375 0.015625 0.0546875
9 0.35078125 0.3388671875 0.0078125 0.025390625
9 0.3703125 0.34765625 0.00625 0.0234375
2 0.67578125 0.4814453125 0.0328125 0.083984375
2 0.90390625 0.57421875 0.1890625 0.26953125
2 0.8171875 0.515625 0.15625 0.171875
2 0.74375 0.478515625 0.11875 0.12890625
2 0.6578125 0.47265625 0.034375 0.07421875
2 0.6375 0.453125 0.028125 0.03125
2 0.571875 0.4541015625 0.009375 0.013671875
2 0.55546875 0.455078125 0.0171875 0.01171875
2 0.5234375 0.4521484375 0.01875 0.021484375
0 0.50078125 0.453125 0.0078125 0.0234375
2 0.34453125 0.46484375 0.0203125 0.0234375
2 0.32421875 0.4736328125 0.0328125 0.029296875
2 0.01875 0.4921875 0.0375 0.04296875
9 0.5265625 0.3564453125 0.00625 0.021484375
9 0.5859375 0.3564453125 0.00625 0.021484375
11 0.54375 0.349609375 0.009375 0.015625
11 0.634375 0.36328125 0.03125 0.01171875
11 0.37265625 0.37890625 0.0140625 0.01953125
9 0.3640625 0.4111328125 0.00625 0.005859375
9 0.384375 0.4091796875 0.00625 0.005859375
11 0.36171875 0.4462890625 0.0078125 0.009765625
0 0.428125 0.46484375 0.015625 0.0390625
0 0.178125 0.484375 0.00625 0.0390625
0 0.29453125 0.47265625 0.0140625 0.0546875
0 0.16953125 0.4765625 0.0109375 0.0390625
0 0.275 0.474609375 0.015625 0.0546875
9 0.35078125 0.3388671875 0.0078125 0.025390625
9 0.3703125 0.34765625 0.00625 0.0234375
2 0.67578125 0.4814453125 0.0328125 0.083984375
