2 0.9546875 0.5595703125 0.0875 0.232421875
2 0.8578125 0.4638671875 0.259375 0.244140625
3 0.615625 0.4130859375 0.046875 0.048828125
3 0.6421875 0.4189453125 0.0625 0.060546875
0 0.60234375 0.361328125 0.0109375 0.0390625
0 0.5796875 0.3671875 0.009375 0.04296875
0 0.54765625 0.36328125 0.0109375 0.03515625
2 0.0796875 0.4306640625 0.159375 0.142578125
2 0.31484375 0.3798828125 0.0546875 0.052734375
2 0.40625 0.3759765625 0.040625 0.041015625
2 0.4296875 0.3662109375 0.025 0.029296875
2 0.44765625 0.3623046875 0.0171875 0.021484375
2 0.47265625 0.373046875 0.0359375 0.0390625
2 0.525 0.3671875 0.025 0.02734375
2 0.51484375 0.3662109375 0.0203125 0.025390625
11 0.36953125 0.24609375 0.0171875 0.0234375
11 0.84453125 0.2763671875 0.0359375 0.052734375
9 0.4453125 0.25 0.009375 0.0234375
9 0.4546875 0.25 0.00625 0.0234375
9 0.4359375 0.25 0.00625 0.0234375
9 0.2796875 0.236328125 0.009375 0.02734375
9 0.26796875 0.234375 0.0109375 0.02734375
9 0.575 0.3115234375 0.00625 0.009765625
9 0.25390625 0.236328125 0.0109375 0.02734375
2 0.37421875 0.365234375 0.0203125 0.02734375
3 0.71484375 0.439453125 0.0765625 0.09765625
2 0.27109375 0.3798828125 0.0328125 0.029296875
0 0.67421875 0.3701171875 0.0234375 0.025390625
0 0.628125 0.36328125 0.009375 0.03125
2 0.48515625 0.3671875 0.0234375 0.03125
2 0.16640625 0.400390625 0.0609375 0.05859375
2 0.39375 0.3662109375 0.021875 0.025390625
9 0.4625 0.3173828125 0.00625 0.013671875
0 0.2515625 0.369140625 0.009375 0.01953125
11 0.7203125 0.2646484375 0.05625 0.013671875
11 0.721875 0.2783203125 0.05625 0.013671875
11 0.7234375 0.291015625 0.05625 0.01171875
0 0.771875 0.3603515625 0.015625 0.037109375
2 0.9546875 0.5595703125 0.0875 0.232421875
2 0.8578125 0.4638671875 0.259375 0.244140625
3 0.615625 0.4130859375 0.046875 0.048828125
3 0.6421875 0.4189453125 0.0625 0.060546875
0 0.60234375 0.361328125 0.0109375 0.0390625
0 0.5796875 0.3671875 0.009375 0.04296875
0 0.54765625 0.36328125 0.0109375 0.03515625
2 0.0796875 0.4306640625 0.159375 0.142578125
2 0.31484375 0.3798828125 0.0546875 0.052734375
2 0.40625 0.3759765625 0.040625 0.041015625
2 0.4296875 0.3662109375 0.025 0.029296875
2 0.44765625 0.3623046875 0.0171875 0.021484375
2 0.47265625 0.373046875 0.0359375 0.0390625
2 0.525 0.3671875 0.025 0.02734375
2 0.51484375 0.3662109375 0.0203125 0.025390625
11 0.36953125 0.24609375 0.0171875 0.0234375
11 0.84453125 0.2763671875 0.0359375 0.052734375
9 0.4453125 0.25 0.009375 0.0234375
9 0.4546875 0.25 0.00625 0.0234375
9 0.4359375 0.25 0.00625 0.0234375
9 0.2796875 0.236328125 0.009375 0.02734375
9 0.26796875 0.234375 0.0109375 0.02734375
9 0.575 0.3115234375 0.00625 0.009765625
9 0.25390625 0.236328125 0.0109375 0.02734375
2 0.37421875 0.365234375 0.0203125 0.02734375
3 0.71484375 0.439453125 0.0765625 0.09765625
2 0.27109375 0.3798828125 0.0328125 0.029296875
0 0.67421875 0.3701171875 0.0234375 0.025390625
0 0.628125 0.36328125 0.009375 0.03125
2 0.48515625 0.3671875 0.0234375 0.03125
2 0.16640625 0.400390625 0.0609375 0.05859375
2 0.39375 0.3662109375 0.021875 0.025390625
9 0.4625 0.3173828125 0.00625 0.013671875
0 0.2515625 0.369140625 0.009375 0.01953125
11 0.7203125 0.2646484375 0.05625 0.013671875
11 0.721875 0.2783203125 0.05625 0.013671875
11 0.7234375 0.291015625 0.05625 0.01171875
0 0.771875 0.3603515625 0.015625 0.037109375
