3 0.946875 0.560546875 0.103125 0.1875
2 0.88203125 0.486328125 0.2328125 0.26171875
2 0.7515625 0.4287109375 0.165625 0.181640625
3 0.6 0.3984375 0.046875 0.046875
3 0.6140625 0.400390625 0.053125 0.05078125
0 0.596875 0.35546875 0.0125 0.03125
0 0.575 0.3642578125 0.009375 0.037109375
0 0.54296875 0.3603515625 0.0078125 0.033203125
2 0.02265625 0.4228515625 0.0453125 0.091796875
2 0.20546875 0.3935546875 0.1078125 0.095703125
2 0.34375 0.369140625 0.046875 0.04296875
2 0.4078125 0.3701171875 0.040625 0.044921875
2 0.43125 0.3623046875 0.025 0.029296875
2 0.4484375 0.359375 0.015625 0.01953125
2 0.47265625 0.3681640625 0.0359375 0.037109375
2 0.48515625 0.3603515625 0.0265625 0.033203125
2 0.521875 0.3642578125 0.025 0.025390625
2 0.51171875 0.3603515625 0.0203125 0.025390625
11 0.378125 0.25 0.015625 0.0234375
11 0.77890625 0.283203125 0.0296875 0.046875
9 0.4484375 0.2529296875 0.009375 0.021484375
9 0.45703125 0.2529296875 0.0078125 0.021484375
9 0.440625 0.2529296875 0.00625 0.021484375
9 0.2953125 0.2392578125 0.009375 0.025390625
9 0.284375 0.2412109375 0.009375 0.025390625
9 0.57109375 0.310546875 0.0046875 0.0078125
9 0.275 0.2412109375 0.009375 0.025390625
2 0.38125 0.3603515625 0.021875 0.025390625
0 0.13515625 0.3779296875 0.0140625 0.037109375
0 0.11953125 0.376953125 0.0140625 0.0390625
3 0.66015625 0.4140625 0.0421875 0.08984375
2 0.28203125 0.3720703125 0.0328125 0.029296875
0 0.6578125 0.365234375 0.021875 0.02734375
0 0.6203125 0.357421875 0.009375 0.02734375
3 0.946875 0.560546875 0.103125 0.1875
2 0.88203125 0.486328125 0.2328125 0.26171875
2 0.7515625 0.4287109375 0.165625 0.181640625
3 0.6 0.3984375 0.046875 0.046875
3 0.6140625 0.400390625 0.053125 0.05078125
0 0.596875 0.35546875 0.0125 0.03125
0 0.575 0.3642578125 0.009375 0.037109375
0 0.54296875 0.3603515625 0.0078125 0.033203125
2 0.02265625 0.4228515625 0.0453125 0.091796875
2 0.20546875 0.3935546875 0.1078125 0.095703125
2 0.34375 0.369140625 0.046875 0.04296875
2 0.4078125 0.3701171875 0.040625 0.044921875
2 0.43125 0.3623046875 0.025 0.029296875
2 0.4484375 0.359375 0.015625 0.01953125
2 0.47265625 0.3681640625 0.0359375 0.037109375
2 0.48515625 0.3603515625 0.0265625 0.033203125
2 0.521875 0.3642578125 0.025 0.025390625
2 0.51171875 0.3603515625 0.0203125 0.025390625
11 0.378125 0.25 0.015625 0.0234375
11 0.77890625 0.283203125 0.0296875 0.046875
9 0.4484375 0.2529296875 0.009375 0.021484375
9 0.45703125 0.2529296875 0.0078125 0.021484375
9 0.440625 0.2529296875 0.00625 0.021484375
9 0.2953125 0.2392578125 0.009375 0.025390625
9 0.284375 0.2412109375 0.009375 0.025390625
9 0.57109375 0.310546875 0.0046875 0.0078125
9 0.275 0.2412109375 0.009375 0.025390625
2 0.38125 0.3603515625 0.021875 0.025390625
0 0.13515625 0.3779296875 0.0140625 0.037109375
0 0.11953125 0.376953125 0.0140625 0.0390625
3 0.66015625 0.4140625 0.0421875 0.08984375
2 0.28203125 0.3720703125 0.0328125 0.029296875
0 0.6578125 0.365234375 0.021875 0.02734375
0 0.6203125 0.357421875 0.009375 0.02734375
