2 0.7234375 0.4072265625 0.178125 0.158203125
2 0.61328125 0.3564453125 0.0515625 0.056640625
2 0.540625 0.3583984375 0.03125 0.029296875
7 0.52578125 0.341796875 0.0171875 0.02734375
7 0.5015625 0.33984375 0.009375 0.01171875
2 0.50390625 0.3466796875 0.0109375 0.009765625
2 0.4921875 0.353515625 0.01875 0.01953125
7 0.25390625 0.3447265625 0.0578125 0.048828125
2 0.2140625 0.3662109375 0.03125 0.025390625
2 0.27265625 0.357421875 0.0234375 0.01953125
2 0.33984375 0.3505859375 0.0203125 0.017578125
2 0.37734375 0.3486328125 0.0109375 0.009765625
2 0.39140625 0.349609375 0.0078125 0.0078125
7 0.31171875 0.3447265625 0.0265625 0.029296875
2 0.31640625 0.3515625 0.0171875 0.015625
2 0.409375 0.3466796875 0.009375 0.009765625
2 0.3640625 0.3505859375 0.0125 0.013671875
2 0.7234375 0.4072265625 0.178125 0.158203125
2 0.61328125 0.3564453125 0.0515625 0.056640625
2 0.540625 0.3583984375 0.03125 0.029296875
7 0.52578125 0.341796875 0.0171875 0.02734375
7 0.5015625 0.33984375 0.009375 0.01171875
2 0.50390625 0.3466796875 0.0109375 0.009765625
2 0.4921875 0.353515625 0.01875 0.01953125
7 0.25390625 0.3447265625 0.0578125 0.048828125
2 0.2140625 0.3662109375 0.03125 0.025390625
2 0.27265625 0.357421875 0.0234375 0.01953125
2 0.33984375 0.3505859375 0.0203125 0.017578125
2 0.37734375 0.3486328125 0.0109375 0.009765625
2 0.39140625 0.349609375 0.0078125 0.0078125
7 0.31171875 0.3447265625 0.0265625 0.029296875
2 0.31640625 0.3515625 0.0171875 0.015625
2 0.409375 0.3466796875 0.009375 0.009765625
2 0.3640625 0.3505859375 0.0125 0.013671875
