2 0.93515625 0.498046875 0.1265625 0.32421875
2 0.60703125 0.357421875 0.0453125 0.05078125
2 0.54375 0.3603515625 0.03125 0.029296875
7 0.53125 0.34375 0.01875 0.03125
7 0.50546875 0.3466796875 0.0140625 0.017578125
2 0.49140625 0.3544921875 0.0171875 0.021484375
2 0.10703125 0.3818359375 0.0515625 0.037109375
2 0.28203125 0.361328125 0.0265625 0.01953125
2 0.2515625 0.357421875 0.034375 0.03515625
2 0.35078125 0.3544921875 0.0203125 0.013671875
2 0.3703125 0.353515625 0.015625 0.015625
2 0.390625 0.353515625 0.0125 0.01171875
2 0.3109375 0.3583984375 0.015625 0.013671875
2 0.93515625 0.498046875 0.1265625 0.32421875
2 0.60703125 0.357421875 0.0453125 0.05078125
2 0.54375 0.3603515625 0.03125 0.029296875
7 0.53125 0.34375 0.01875 0.03125
7 0.50546875 0.3466796875 0.0140625 0.017578125
2 0.49140625 0.3544921875 0.0171875 0.021484375
2 0.10703125 0.3818359375 0.0515625 0.037109375
2 0.28203125 0.361328125 0.0265625 0.01953125
2 0.2515625 0.357421875 0.034375 0.03515625
2 0.35078125 0.3544921875 0.0203125 0.013671875
2 0.3703125 0.353515625 0.015625 0.015625
2 0.390625 0.353515625 0.0125 0.01171875
2 0.3109375 0.3583984375 0.015625 0.013671875
