9 0.47265625 0.24609375 0.0140625 0.05078125
9 0.675 0.240234375 0.015625 0.05078125
11 0.78359375 0.259765625 0.0703125 0.03125
0 0.62578125 0.4697265625 0.0203125 0.072265625
2 0.4375 0.46484375 0.096875 0.06640625
2 0.3328125 0.4658203125 0.075 0.044921875
2 0.1609375 0.466796875 0.084375 0.07421875
9 0.853125 0.3515625 0.0125 0.01953125
2 0.28515625 0.46484375 0.0484375 0.0390625
2 0.946875 0.6904296875 0.103125 0.291015625
0 0.2390625 0.4423828125 0.009375 0.013671875
10 0.5984375 0.4833984375 0.0125 0.041015625
2 0.24296875 0.462890625 0.0453125 0.03515625
9 0.10234375 0.3876953125 0.0109375 0.017578125
9 0.01015625 0.26171875 0.0203125 0.0546875
11 0.08359375 0.302734375 0.0296875 0.02734375
11 0.1 0.3505859375 0.01875 0.041015625
2 0.10546875 0.4697265625 0.0296875 0.041015625
11 0.42578125 0.4140625 0.0078125 0.015625
2 0.2171875 0.4619140625 0.025 0.033203125
2 0.084375 0.4716796875 0.028125 0.044921875
2 0.065625 0.470703125 0.015625 0.0390625
10 0.11796875 0.4921875 0.0109375 0.03515625
9 0.47265625 0.24609375 0.0140625 0.05078125
9 0.675 0.240234375 0.015625 0.05078125
11 0.78359375 0.259765625 0.0703125 0.03125
0 0.62578125 0.4697265625 0.0203125 0.072265625
2 0.4375 0.46484375 0.096875 0.06640625
2 0.3328125 0.4658203125 0.075 0.044921875
2 0.1609375 0.466796875 0.084375 0.07421875
9 0.853125 0.3515625 0.0125 0.01953125
2 0.28515625 0.46484375 0.0484375 0.0390625
2 0.946875 0.6904296875 0.103125 0.291015625
0 0.2390625 0.4423828125 0.009375 0.013671875
10 0.5984375 0.4833984375 0.0125 0.041015625
2 0.24296875 0.462890625 0.0453125 0.03515625
9 0.10234375 0.3876953125 0.0109375 0.017578125
9 0.01015625 0.26171875 0.0203125 0.0546875
11 0.08359375 0.302734375 0.0296875 0.02734375
11 0.1 0.3505859375 0.01875 0.041015625
2 0.10546875 0.4697265625 0.0296875 0.041015625
11 0.42578125 0.4140625 0.0078125 0.015625
2 0.2171875 0.4619140625 0.025 0.033203125
2 0.084375 0.4716796875 0.028125 0.044921875
2 0.065625 0.470703125 0.015625 0.0390625
10 0.11796875 0.4921875 0.0109375 0.03515625
