2 0.74609375 0.4990234375 0.0671875 0.060546875
9 0.48515625 0.208984375 0.0203125 0.06640625
9 0.67421875 0.197265625 0.0234375 0.078125
11 0.53203125 0.193359375 0.0265625 0.05078125
11 0.825 0.23046875 0.1 0.0390625
9 0.0109375 0.3642578125 0.01875 0.021484375
11 0.89921875 0.3056640625 0.0328125 0.052734375
0 0.95625 0.541015625 0.040625 0.125
0 0.9359375 0.505859375 0.03125 0.1015625
2 0.57890625 0.5009765625 0.0421875 0.048828125
11 0.64609375 0.421875 0.0171875 0.02734375
2 0.096875 0.541015625 0.08125 0.078125
2 0.02421875 0.5400390625 0.0484375 0.072265625
0 0.48828125 0.4873046875 0.0109375 0.041015625
2 0.14921875 0.5166015625 0.0453125 0.041015625
2 0.3328125 0.4990234375 0.034375 0.025390625
2 0.184375 0.515625 0.034375 0.03515625
2 0.209375 0.5068359375 0.040625 0.041015625
2 0.23671875 0.5 0.0171875 0.03125
2 0.890625 0.4794921875 0.05 0.037109375
9 0.32890625 0.400390625 0.0046875 0.01953125
11 0.36171875 0.396484375 0.0296875 0.01171875
11 0.37890625 0.44921875 0.0203125 0.0078125
9 0.3234375 0.4443359375 0.00625 0.021484375
2 0.97578125 0.4677734375 0.0453125 0.029296875
2 0.74609375 0.4990234375 0.0671875 0.060546875
9 0.48515625 0.208984375 0.0203125 0.06640625
9 0.67421875 0.197265625 0.0234375 0.078125
11 0.53203125 0.193359375 0.0265625 0.05078125
11 0.825 0.23046875 0.1 0.0390625
9 0.0109375 0.3642578125 0.01875 0.021484375
11 0.89921875 0.3056640625 0.0328125 0.052734375
0 0.95625 0.541015625 0.040625 0.125
0 0.9359375 0.505859375 0.03125 0.1015625
2 0.57890625 0.5009765625 0.0421875 0.048828125
11 0.64609375 0.421875 0.0171875 0.02734375
2 0.096875 0.541015625 0.08125 0.078125
2 0.02421875 0.5400390625 0.0484375 0.072265625
0 0.48828125 0.4873046875 0.0109375 0.041015625
2 0.14921875 0.5166015625 0.0453125 0.041015625
2 0.3328125 0.4990234375 0.034375 0.025390625
2 0.184375 0.515625 0.034375 0.03515625
2 0.209375 0.5068359375 0.040625 0.041015625
2 0.23671875 0.5 0.0171875 0.03125
2 0.890625 0.4794921875 0.05 0.037109375
9 0.32890625 0.400390625 0.0046875 0.01953125
11 0.36171875 0.396484375 0.0296875 0.01171875
11 0.37890625 0.44921875 0.0203125 0.0078125
9 0.3234375 0.4443359375 0.00625 0.021484375
2 0.97578125 0.4677734375 0.0453125 0.029296875
