2 0.96640625 0.6328125 0.0640625 0.203125
2 0.684375 0.4462890625 0.046875 0.044921875
2 0.5859375 0.4443359375 0.009375 0.013671875
2 0.52265625 0.4453125 0.0203125 0.01953125
0 0.48671875 0.4453125 0.0078125 0.02734375
9 0.509375 0.28125 0.0125 0.04296875
9 0.615625 0.275390625 0.0125 0.04296875
11 0.54140625 0.265625 0.0203125 0.03125
11 0.703125 0.29296875 0.05625 0.0234375
11 0.2265625 0.3154296875 0.025 0.033203125
9 0.2125 0.3701171875 0.009375 0.009765625
9 0.25 0.3720703125 0.009375 0.009765625
0 0.58046875 0.470703125 0.0203125 0.0703125
0 0.23203125 0.5205078125 0.0578125 0.162109375
0 0.159375 0.5244140625 0.034375 0.173828125
9 0.12265625 0.208984375 0.0171875 0.05859375
9 0.20703125 0.24609375 0.0140625 0.05078125
2 0.26875 0.4599609375 0.03125 0.033203125
11 0.22890625 0.38671875 0.0359375 0.01171875
0 0.03203125 0.5087890625 0.0421875 0.134765625
2 0.12578125 0.4814453125 0.0390625 0.037109375
2 0.3203125 0.45703125 0.0375 0.03125
2 0.0125 0.4892578125 0.025 0.044921875
11 0.99453125 0.34765625 0.0078125 0.05078125
11 0.98984375 0.2998046875 0.0171875 0.025390625
9 0.94765625 0.27734375 0.0234375 0.0234375
11 0.74453125 0.337890625 0.0203125 0.03515625
2 0.08515625 0.4833984375 0.0578125 0.044921875
0 0.875 0.4619140625 0.021875 0.083984375
2 0.465625 0.4345703125 0.015625 0.017578125
2 0.39921875 0.451171875 0.0265625 0.0234375
0 0.87890625 0.44140625 0.0203125 0.05859375
2 0.84453125 0.4248046875 0.0328125 0.021484375
2 0.29140625 0.4609375 0.0171875 0.01953125
0 0.0609375 0.458984375 0.0125 0.0234375
2 0.81640625 0.431640625 0.0171875 0.015625
2 0.2484375 0.46484375 0.03125 0.0390625
2 0.96640625 0.6328125 0.0640625 0.203125
2 0.684375 0.4462890625 0.046875 0.044921875
2 0.5859375 0.4443359375 0.009375 0.013671875
2 0.52265625 0.4453125 0.0203125 0.01953125
0 0.48671875 0.4453125 0.0078125 0.02734375
9 0.509375 0.28125 0.0125 0.04296875
9 0.615625 0.275390625 0.0125 0.04296875
11 0.54140625 0.265625 0.0203125 0.03125
11 0.703125 0.29296875 0.05625 0.0234375
11 0.2265625 0.3154296875 0.025 0.033203125
9 0.2125 0.3701171875 0.009375 0.009765625
9 0.25 0.3720703125 0.009375 0.009765625
0 0.58046875 0.470703125 0.0203125 0.0703125
0 0.23203125 0.5205078125 0.0578125 0.162109375
0 0.159375 0.5244140625 0.034375 0.173828125
9 0.12265625 0.208984375 0.0171875 0.05859375
9 0.20703125 0.24609375 0.0140625 0.05078125
2 0.26875 0.4599609375 0.03125 0.033203125
11 0.22890625 0.38671875 0.0359375 0.01171875
0 0.03203125 0.5087890625 0.0421875 0.134765625
2 0.12578125 0.4814453125 0.0390625 0.037109375
2 0.3203125 0.45703125 0.0375 0.03125
2 0.0125 0.4892578125 0.025 0.044921875
11 0.99453125 0.34765625 0.0078125 0.05078125
11 0.98984375 0.2998046875 0.0171875 0.025390625
9 0.94765625 0.27734375 0.0234375 0.0234375
11 0.74453125 0.337890625 0.0203125 0.03515625
2 0.08515625 0.4833984375 0.0578125 0.044921875
0 0.875 0.4619140625 0.021875 0.083984375
2 0.465625 0.4345703125 0.015625 0.017578125
2 0.39921875 0.451171875 0.0265625 0.0234375
0 0.87890625 0.44140625 0.0203125 0.05859375
2 0.84453125 0.4248046875 0.0328125 0.021484375
2 0.29140625 0.4609375 0.0171875 0.01953125
0 0.0609375 0.458984375 0.0125 0.0234375
2 0.81640625 0.431640625 0.0171875 0.015625
2 0.2484375 0.46484375 0.03125 0.0390625
