2 0.70234375 0.48046875 0.0515625 0.05078125
9 0.50546875 0.283203125 0.0140625 0.05078125
9 0.62890625 0.27734375 0.0140625 0.05078125
11 0.54296875 0.2685546875 0.0203125 0.033203125
11 0.73046875 0.298828125 0.0640625 0.0234375
11 0.171875 0.3232421875 0.03125 0.037109375
9 0.1578125 0.392578125 0.0125 0.01171875
9 0.1984375 0.390625 0.0125 0.01171875
0 0.8265625 0.505859375 0.028125 0.08203125
9 0.0171875 0.1865234375 0.021875 0.068359375
9 0.140625 0.240234375 0.015625 0.05859375
11 0.17734375 0.4072265625 0.0421875 0.013671875
11 0.7796875 0.349609375 0.021875 0.03515625
0 0.86171875 0.498046875 0.0234375 0.08203125
0 0.81171875 0.4794921875 0.0203125 0.068359375
2 0.52265625 0.49609375 0.0796875 0.0546875
2 0.04375 0.525390625 0.0875 0.07421875
0 0.0671875 0.5673828125 0.05625 0.208984375
11 0.6296875 0.4140625 0.015625 0.0234375
2 0.21328125 0.5048828125 0.0640625 0.060546875
2 0.28515625 0.498046875 0.0421875 0.04296875
2 0.125 0.5146484375 0.021875 0.037109375
2 0.09921875 0.515625 0.0390625 0.046875
2 0.70234375 0.48046875 0.0515625 0.05078125
9 0.50546875 0.283203125 0.0140625 0.05078125
9 0.62890625 0.27734375 0.0140625 0.05078125
11 0.54296875 0.2685546875 0.0203125 0.033203125
11 0.73046875 0.298828125 0.0640625 0.0234375
11 0.171875 0.3232421875 0.03125 0.037109375
9 0.1578125 0.392578125 0.0125 0.01171875
9 0.1984375 0.390625 0.0125 0.01171875
0 0.8265625 0.505859375 0.028125 0.08203125
9 0.0171875 0.1865234375 0.021875 0.068359375
9 0.140625 0.240234375 0.015625 0.05859375
11 0.17734375 0.4072265625 0.0421875 0.013671875
11 0.7796875 0.349609375 0.021875 0.03515625
0 0.86171875 0.498046875 0.0234375 0.08203125
0 0.81171875 0.4794921875 0.0203125 0.068359375
2 0.52265625 0.49609375 0.0796875 0.0546875
2 0.04375 0.525390625 0.0875 0.07421875
0 0.0671875 0.5673828125 0.05625 0.208984375
11 0.6296875 0.4140625 0.015625 0.0234375
2 0.21328125 0.5048828125 0.0640625 0.060546875
2 0.28515625 0.498046875 0.0421875 0.04296875
2 0.125 0.5146484375 0.021875 0.037109375
2 0.09921875 0.515625 0.0390625 0.046875
