9 0.47734375 0.287109375 0.0109375 0.0390625
9 0.6421875 0.28515625 0.0125 0.04296875
11 0.73125 0.3017578125 0.059375 0.025390625
0 0.6015625 0.4716796875 0.015625 0.060546875
2 0.440625 0.46875 0.084375 0.05859375
2 0.34609375 0.466796875 0.0671875 0.0390625
2 0.0609375 0.62109375 0.121875 0.265625
2 0.20234375 0.4677734375 0.0796875 0.068359375
9 0.99140625 0.1904296875 0.0140625 0.064453125
9 0.94453125 0.2158203125 0.0203125 0.052734375
9 0.7875 0.376953125 0.009375 0.015625
2 0.3015625 0.466796875 0.046875 0.03515625
2 0.8984375 0.685546875 0.2 0.34375
0 0.25859375 0.4453125 0.0078125 0.01171875
10 0.57734375 0.484375 0.0109375 0.03125
2 0.265625 0.4658203125 0.034375 0.029296875
9 0.16171875 0.3994140625 0.0078125 0.013671875
9 0.09921875 0.2861328125 0.0140625 0.033203125
9 0.06015625 0.279296875 0.0140625 0.0390625
11 0.1453125 0.32421875 0.025 0.0234375
11 0.1578125 0.3681640625 0.015625 0.037109375
2 0.15234375 0.4619140625 0.0328125 0.037109375
11 0.4296875 0.423828125 0.00625 0.01171875
9 0.47734375 0.287109375 0.0109375 0.0390625
9 0.6421875 0.28515625 0.0125 0.04296875
11 0.73125 0.3017578125 0.059375 0.025390625
0 0.6015625 0.4716796875 0.015625 0.060546875
2 0.440625 0.46875 0.084375 0.05859375
2 0.34609375 0.466796875 0.0671875 0.0390625
2 0.0609375 0.62109375 0.121875 0.265625
2 0.20234375 0.4677734375 0.0796875 0.068359375
9 0.99140625 0.1904296875 0.0140625 0.064453125
9 0.94453125 0.2158203125 0.0203125 0.052734375
9 0.7875 0.376953125 0.009375 0.015625
2 0.3015625 0.466796875 0.046875 0.03515625
2 0.8984375 0.685546875 0.2 0.34375
0 0.25859375 0.4453125 0.0078125 0.01171875
10 0.57734375 0.484375 0.0109375 0.03125
2 0.265625 0.4658203125 0.034375 0.029296875
9 0.16171875 0.3994140625 0.0078125 0.013671875
9 0.09921875 0.2861328125 0.0140625 0.033203125
9 0.06015625 0.279296875 0.0140625 0.0390625
11 0.1453125 0.32421875 0.025 0.0234375
11 0.1578125 0.3681640625 0.015625 0.037109375
2 0.15234375 0.4619140625 0.0328125 0.037109375
11 0.4296875 0.423828125 0.00625 0.01171875
