9 0.53671875 0.1142578125 0.0203125 0.076171875
9 0.84140625 0.1103515625 0.0234375 0.083984375
11 0.97421875 0.142578125 0.0484375 0.04296875
0 0.759375 0.4599609375 0.03125 0.111328125
2 0.49296875 0.44921875 0.1265625 0.08984375
2 0.36796875 0.4462890625 0.0890625 0.056640625
2 0.13046875 0.443359375 0.0953125 0.1015625
2 0.31328125 0.4443359375 0.0515625 0.048828125
0 0.26875 0.4130859375 0.009375 0.013671875
10 0.71796875 0.4814453125 0.0203125 0.064453125
2 0.271875 0.4404296875 0.046875 0.041015625
9 0.03046875 0.3330078125 0.0109375 0.017578125
11 0.0140625 0.2080078125 0.028125 0.021484375
11 0.03125 0.2783203125 0.025 0.064453125
11 0.48125 0.37890625 0.009375 0.01953125
2 0.2421875 0.4384765625 0.034375 0.037109375
10 0.06484375 0.4775390625 0.0140625 0.044921875
2 0.2140625 0.4296875 0.046875 0.04296875
11 0.0359375 0.3544921875 0.01875 0.013671875
9 0.53671875 0.1142578125 0.0203125 0.076171875
9 0.84140625 0.1103515625 0.0234375 0.083984375
11 0.97421875 0.142578125 0.0484375 0.04296875
0 0.759375 0.4599609375 0.03125 0.111328125
2 0.49296875 0.44921875 0.1265625 0.08984375
2 0.36796875 0.4462890625 0.0890625 0.056640625
2 0.13046875 0.443359375 0.0953125 0.1015625
2 0.31328125 0.4443359375 0.0515625 0.048828125
0 0.26875 0.4130859375 0.009375 0.013671875
10 0.71796875 0.4814453125 0.0203125 0.064453125
2 0.271875 0.4404296875 0.046875 0.041015625
9 0.03046875 0.3330078125 0.0109375 0.017578125
11 0.0140625 0.2080078125 0.028125 0.021484375
11 0.03125 0.2783203125 0.025 0.064453125
11 0.48125 0.37890625 0.009375 0.01953125
2 0.2421875 0.4384765625 0.034375 0.037109375
10 0.06484375 0.4775390625 0.0140625 0.044921875
2 0.2140625 0.4296875 0.046875 0.04296875
11 0.0359375 0.3544921875 0.01875 0.013671875
