2 0.5890625 0.3583984375 0.040625 0.048828125
2 0.53671875 0.3623046875 0.0296875 0.029296875
7 0.528125 0.34375 0.01875 0.03125
7 0.51015625 0.34765625 0.0109375 0.015625
2 0.48125 0.357421875 0.015625 0.01953125
2 0.0390625 0.384765625 0.075 0.0625
2 0.21640625 0.369140625 0.0296875 0.0234375
2 0.2859375 0.35546875 0.01875 0.01171875
2 0.1953125 0.37109375 0.021875 0.0234375
2 0.3109375 0.3544921875 0.0125 0.009765625
2 0.2609375 0.3662109375 0.021875 0.021484375
2 0.35 0.353515625 0.009375 0.0078125
2 0.11796875 0.3798828125 0.0359375 0.025390625
2 0.5890625 0.3583984375 0.040625 0.048828125
2 0.53671875 0.3623046875 0.0296875 0.029296875
7 0.528125 0.34375 0.01875 0.03125
7 0.51015625 0.34765625 0.0109375 0.015625
2 0.48125 0.357421875 0.015625 0.01953125
2 0.0390625 0.384765625 0.075 0.0625
2 0.21640625 0.369140625 0.0296875 0.0234375
2 0.2859375 0.35546875 0.01875 0.01171875
2 0.1953125 0.37109375 0.021875 0.0234375
2 0.3109375 0.3544921875 0.0125 0.009765625
2 0.2609375 0.3662109375 0.021875 0.021484375
2 0.35 0.353515625 0.009375 0.0078125
2 0.11796875 0.3798828125 0.0359375 0.025390625
