2 0.58515625 0.35546875 0.0390625 0.04296875
2 0.53046875 0.3583984375 0.0296875 0.025390625
7 0.53828125 0.337890625 0.0171875 0.0234375
7 0.51484375 0.3447265625 0.0109375 0.017578125
2 0.4875 0.353515625 0.015625 0.01953125
2 0.50234375 0.3505859375 0.0109375 0.009765625
7 0.05859375 0.357421875 0.1171875 0.07421875
2 0.13203125 0.3671875 0.0328125 0.0234375
2 0.16796875 0.361328125 0.0390625 0.0234375
2 0.27109375 0.3544921875 0.0265625 0.017578125
2 0.31015625 0.353515625 0.0203125 0.015625
2 0.33359375 0.3525390625 0.0109375 0.009765625
2 0.36015625 0.349609375 0.0140625 0.01171875
2 0.3890625 0.3515625 0.0125 0.01171875
2 0.23984375 0.361328125 0.0171875 0.01171875
2 0.58515625 0.35546875 0.0390625 0.04296875
2 0.53046875 0.3583984375 0.0296875 0.025390625
7 0.53828125 0.337890625 0.0171875 0.0234375
7 0.51484375 0.3447265625 0.0109375 0.017578125
2 0.4875 0.353515625 0.015625 0.01953125
2 0.50234375 0.3505859375 0.0109375 0.009765625
7 0.05859375 0.357421875 0.1171875 0.07421875
2 0.13203125 0.3671875 0.0328125 0.0234375
2 0.16796875 0.361328125 0.0390625 0.0234375
2 0.27109375 0.3544921875 0.0265625 0.017578125
2 0.31015625 0.353515625 0.0203125 0.015625
2 0.33359375 0.3525390625 0.0109375 0.009765625
2 0.36015625 0.349609375 0.0140625 0.01171875
2 0.3890625 0.3515625 0.0125 0.01171875
2 0.23984375 0.361328125 0.0171875 0.01171875
