2 0.52421875 0.6123046875 0.0234375 0.025390625
2 0.54765625 0.6162109375 0.0109375 0.013671875
7 0.7171875 0.6123046875 0.096875 0.107421875
7 0.65546875 0.611328125 0.0296875 0.06640625
7 0.63125 0.609375 0.021875 0.05078125
7 0.59296875 0.6103515625 0.0234375 0.037109375
7 0.61328125 0.6103515625 0.0171875 0.037109375
11 0.0125 0.53515625 0.025 0.0390625
11 0.02109375 0.5 0.0421875 0.015625
11 0.015625 0.4697265625 0.03125 0.037109375
2 0.52421875 0.6123046875 0.0234375 0.025390625
2 0.54765625 0.6162109375 0.0109375 0.013671875
7 0.7171875 0.6123046875 0.096875 0.107421875
7 0.65546875 0.611328125 0.0296875 0.06640625
7 0.63125 0.609375 0.021875 0.05078125
7 0.59296875 0.6103515625 0.0234375 0.037109375
7 0.61328125 0.6103515625 0.0171875 0.037109375
11 0.0125 0.53515625 0.025 0.0390625
11 0.02109375 0.5 0.0421875 0.015625
11 0.015625 0.4697265625 0.03125 0.037109375
