2 0.78515625 0.4287109375 0.2359375 0.205078125
2 0.61171875 0.357421875 0.0484375 0.05078125
2 0.54375 0.3583984375 0.03125 0.025390625
7 0.52890625 0.33984375 0.0171875 0.02734375
7 0.5015625 0.3408203125 0.009375 0.009765625
2 0.50390625 0.3486328125 0.0109375 0.009765625
2 0.490625 0.353515625 0.015625 0.015625
7 0.0265625 0.361328125 0.053125 0.09765625
2 0.19921875 0.36328125 0.0390625 0.03125
2 0.3140625 0.3544921875 0.01875 0.017578125
2 0.35 0.353515625 0.0125 0.01171875
7 0.19921875 0.3515625 0.0703125 0.0546875
2 0.384375 0.3505859375 0.009375 0.009765625
2 0.29765625 0.357421875 0.0171875 0.015625
2 0.36953125 0.3486328125 0.0140625 0.013671875
2 0.3421875 0.3515625 0.0125 0.01171875
2 0.2609375 0.359375 0.021875 0.01953125
2 0.396875 0.3486328125 0.00625 0.005859375
2 0.4046875 0.3486328125 0.00625 0.005859375
7 0.34765625 0.341796875 0.0140625 0.0078125
2 0.78515625 0.4287109375 0.2359375 0.205078125
2 0.61171875 0.357421875 0.0484375 0.05078125
2 0.54375 0.3583984375 0.03125 0.025390625
7 0.52890625 0.33984375 0.0171875 0.02734375
7 0.5015625 0.3408203125 0.009375 0.009765625
2 0.50390625 0.3486328125 0.0109375 0.009765625
2 0.490625 0.353515625 0.015625 0.015625
7 0.0265625 0.361328125 0.053125 0.09765625
2 0.19921875 0.36328125 0.0390625 0.03125
2 0.3140625 0.3544921875 0.01875 0.017578125
2 0.35 0.353515625 0.0125 0.01171875
7 0.19921875 0.3515625 0.0703125 0.0546875
2 0.384375 0.3505859375 0.009375 0.009765625
2 0.29765625 0.357421875 0.0171875 0.015625
2 0.36953125 0.3486328125 0.0140625 0.013671875
2 0.3421875 0.3515625 0.0125 0.01171875
2 0.2609375 0.359375 0.021875 0.01953125
2 0.396875 0.3486328125 0.00625 0.005859375
2 0.4046875 0.3486328125 0.00625 0.005859375
7 0.34765625 0.341796875 0.0140625 0.0078125
