2 0.40234375 0.388671875 0.0546875 0.05078125
2 0.87890625 0.482421875 0.2390625 0.30859375
2 0.58984375 0.3916015625 0.0421875 0.060546875
2 0.621875 0.36328125 0.0375 0.01953125
2 0.3109375 0.373046875 0.05 0.05078125
2 0.3828125 0.3740234375 0.03125 0.033203125
0 0.24296875 0.3759765625 0.0078125 0.025390625
3 0.6671875 0.435546875 0.06875 0.08984375
3 0.7125 0.453125 0.06875 0.12109375
3 0.7484375 0.466796875 0.078125 0.13671875
0 0.06640625 0.4013671875 0.0265625 0.041015625
2 0.42578125 0.375 0.0390625 0.0390625
2 0.35859375 0.3740234375 0.0140625 0.021484375
0 0.1890625 0.3779296875 0.009375 0.037109375
2 0.46953125 0.361328125 0.0140625 0.015625
2 0.66328125 0.41015625 0.1015625 0.08203125
0 0.17734375 0.37890625 0.0109375 0.03515625
0 0.53203125 0.3701171875 0.0140625 0.037109375
2 0.48359375 0.3603515625 0.0109375 0.013671875
2 0.34609375 0.375 0.0171875 0.0234375
2 0.51796875 0.3681640625 0.0203125 0.025390625
0 0.7125 0.3603515625 0.021875 0.048828125
2 0.44609375 0.3623046875 0.0109375 0.013671875
2 0.05390625 0.3916015625 0.0453125 0.037109375
0 0.73203125 0.369140625 0.0203125 0.05078125
2 0.50234375 0.361328125 0.0140625 0.015625
0 0.55078125 0.3720703125 0.0140625 0.033203125
0 0.64765625 0.35546875 0.0109375 0.0234375
0 0.75 0.3662109375 0.01875 0.048828125
0 0.66796875 0.3564453125 0.0140625 0.021484375
3 0.6078125 0.40625 0.03125 0.05078125
0 0.78046875 0.3759765625 0.0203125 0.037109375
3 0.590625 0.404296875 0.021875 0.04296875
0 0.80546875 0.375 0.0171875 0.03515625
2 0.33828125 0.375 0.0109375 0.0234375
11 0.05078125 0.33984375 0.0140625 0.0234375
2 0.40234375 0.388671875 0.0546875 0.05078125
2 0.87890625 0.482421875 0.2390625 0.30859375
2 0.58984375 0.3916015625 0.0421875 0.060546875
2 0.621875 0.36328125 0.0375 0.01953125
2 0.3109375 0.373046875 0.05 0.05078125
2 0.3828125 0.3740234375 0.03125 0.033203125
0 0.24296875 0.3759765625 0.0078125 0.025390625
3 0.6671875 0.435546875 0.06875 0.08984375
3 0.7125 0.453125 0.06875 0.12109375
3 0.7484375 0.466796875 0.078125 0.13671875
0 0.06640625 0.4013671875 0.0265625 0.041015625
2 0.42578125 0.375 0.0390625 0.0390625
2 0.35859375 0.3740234375 0.0140625 0.021484375
0 0.1890625 0.3779296875 0.009375 0.037109375
2 0.46953125 0.361328125 0.0140625 0.015625
2 0.66328125 0.41015625 0.1015625 0.08203125
0 0.17734375 0.37890625 0.0109375 0.03515625
0 0.53203125 0.3701171875 0.0140625 0.037109375
2 0.48359375 0.3603515625 0.0109375 0.013671875
2 0.34609375 0.375 0.0171875 0.0234375
2 0.51796875 0.3681640625 0.0203125 0.025390625
0 0.7125 0.3603515625 0.021875 0.048828125
2 0.44609375 0.3623046875 0.0109375 0.013671875
2 0.05390625 0.3916015625 0.0453125 0.037109375
0 0.73203125 0.369140625 0.0203125 0.05078125
2 0.50234375 0.361328125 0.0140625 0.015625
0 0.55078125 0.3720703125 0.0140625 0.033203125
0 0.64765625 0.35546875 0.0109375 0.0234375
0 0.75 0.3662109375 0.01875 0.048828125
0 0.66796875 0.3564453125 0.0140625 0.021484375
3 0.6078125 0.40625 0.03125 0.05078125
0 0.78046875 0.3759765625 0.0203125 0.037109375
3 0.590625 0.404296875 0.021875 0.04296875
0 0.80546875 0.375 0.0171875 0.03515625
2 0.33828125 0.375 0.0109375 0.0234375
11 0.05078125 0.33984375 0.0140625 0.0234375
