2 0.51953125 0.630859375 0.0265625 0.03125
7 0.9625 0.6015625 0.071875 0.30078125
7 0.7171875 0.62109375 0.090625 0.09765625
7 0.61328125 0.6220703125 0.0359375 0.060546875
7 0.64375 0.6240234375 0.028125 0.060546875
2 0.55703125 0.6279296875 0.0109375 0.013671875
2 0.51953125 0.630859375 0.0265625 0.03125
7 0.9625 0.6015625 0.071875 0.30078125
7 0.7171875 0.62109375 0.090625 0.09765625
7 0.61328125 0.6220703125 0.0359375 0.060546875
7 0.64375 0.6240234375 0.028125 0.060546875
2 0.55703125 0.6279296875 0.0109375 0.013671875
