2 0.39296875 0.39453125 0.0734375 0.0703125
2 0.88984375 0.517578125 0.2171875 0.2578125
2 0.45859375 0.3798828125 0.0453125 0.041015625
0 0.66796875 0.37109375 0.0171875 0.05078125
2 0.4828125 0.361328125 0.009375 0.01171875
2 0.528125 0.369140625 0.021875 0.0234375
2 0.4953125 0.3623046875 0.0125 0.013671875
0 0.68828125 0.3740234375 0.0203125 0.044921875
0 0.88515625 0.3720703125 0.0234375 0.060546875
2 0.5125 0.359375 0.009375 0.01171875
9 0.45078125 0.30078125 0.0078125 0.01953125
9 0.41015625 0.30078125 0.0078125 0.01953125
11 0.20546875 0.423828125 0.0109375 0.05859375
11 0.89453125 0.208984375 0.0828125 0.015625
11 0.89453125 0.23046875 0.0828125 0.015625
11 0.89453125 0.2509765625 0.0828125 0.013671875
11 0.87734375 0.2685546875 0.0484375 0.013671875
11 0.371875 0.3056640625 0.015625 0.017578125
2 0.3375 0.376953125 0.015625 0.0234375
11 0.90859375 0.30078125 0.0203125 0.02734375
11 0.90859375 0.271484375 0.0203125 0.03125
2 0.42578125 0.3623046875 0.0109375 0.013671875
2 0.32578125 0.3798828125 0.0140625 0.025390625
2 0.31484375 0.380859375 0.0171875 0.02734375
2 0.296875 0.3818359375 0.021875 0.029296875
2 0.19375 0.408203125 0.1125 0.09375
2 0.27265625 0.3837890625 0.0203125 0.029296875
2 0.25625 0.3857421875 0.01875 0.029296875
0 0.034375 0.3935546875 0.009375 0.052734375
2 0.23984375 0.3779296875 0.0234375 0.021484375
0 0.153125 0.3779296875 0.009375 0.017578125
0 0.0296875 0.396484375 0.0125 0.05078125
0 0.853125 0.37890625 0.015625 0.078125
2 0.39296875 0.39453125 0.0734375 0.0703125
2 0.88984375 0.517578125 0.2171875 0.2578125
2 0.45859375 0.3798828125 0.0453125 0.041015625
0 0.66796875 0.37109375 0.0171875 0.05078125
2 0.4828125 0.361328125 0.009375 0.01171875
2 0.528125 0.369140625 0.021875 0.0234375
2 0.4953125 0.3623046875 0.0125 0.013671875
0 0.68828125 0.3740234375 0.0203125 0.044921875
0 0.88515625 0.3720703125 0.0234375 0.060546875
2 0.5125 0.359375 0.009375 0.01171875
9 0.45078125 0.30078125 0.0078125 0.01953125
9 0.41015625 0.30078125 0.0078125 0.01953125
11 0.20546875 0.423828125 0.0109375 0.05859375
11 0.89453125 0.208984375 0.0828125 0.015625
11 0.89453125 0.23046875 0.0828125 0.015625
11 0.89453125 0.2509765625 0.0828125 0.013671875
11 0.87734375 0.2685546875 0.0484375 0.013671875
11 0.371875 0.3056640625 0.015625 0.017578125
2 0.3375 0.376953125 0.015625 0.0234375
11 0.90859375 0.30078125 0.0203125 0.02734375
11 0.90859375 0.271484375 0.0203125 0.03125
2 0.42578125 0.3623046875 0.0109375 0.013671875
2 0.32578125 0.3798828125 0.0140625 0.025390625
2 0.31484375 0.380859375 0.0171875 0.02734375
2 0.296875 0.3818359375 0.021875 0.029296875
2 0.19375 0.408203125 0.1125 0.09375
2 0.27265625 0.3837890625 0.0203125 0.029296875
2 0.25625 0.3857421875 0.01875 0.029296875
0 0.034375 0.3935546875 0.009375 0.052734375
2 0.23984375 0.3779296875 0.0234375 0.021484375
0 0.153125 0.3779296875 0.009375 0.017578125
0 0.0296875 0.396484375 0.0125 0.05078125
0 0.853125 0.37890625 0.015625 0.078125
