2 0.78515625 0.4287109375 0.2359375 0.205078125
2 0.61171875 0.3603515625 0.0484375 0.052734375
2 0.5421875 0.3603515625 0.03125 0.025390625
7 0.52734375 0.341796875 0.0171875 0.02734375
7 0.5015625 0.3427734375 0.009375 0.009765625
2 0.503125 0.349609375 0.009375 0.0078125
2 0.490625 0.35546875 0.015625 0.015625
7 0.02890625 0.361328125 0.0578125 0.09765625
2 0.2015625 0.36328125 0.0375 0.03125
2 0.315625 0.3544921875 0.01875 0.017578125
2 0.353125 0.3525390625 0.009375 0.009765625
7 0.20078125 0.353515625 0.0703125 0.0546875
2 0.384375 0.3525390625 0.009375 0.009765625
2 0.29921875 0.357421875 0.0171875 0.015625
2 0.37109375 0.3505859375 0.0140625 0.013671875
2 0.34375 0.353515625 0.0125 0.01171875
2 0.2625 0.361328125 0.021875 0.01953125
2 0.396875 0.3505859375 0.00625 0.005859375
2 0.40625 0.3505859375 0.00625 0.005859375
7 0.34921875 0.34375 0.0140625 0.0078125
2 0.78515625 0.4287109375 0.2359375 0.205078125
2 0.61171875 0.3603515625 0.0484375 0.052734375
2 0.5421875 0.3603515625 0.03125 0.025390625
7 0.52734375 0.341796875 0.0171875 0.02734375
7 0.5015625 0.3427734375 0.009375 0.009765625
2 0.503125 0.349609375 0.009375 0.0078125
2 0.490625 0.35546875 0.015625 0.015625
7 0.02890625 0.361328125 0.0578125 0.09765625
2 0.2015625 0.36328125 0.0375 0.03125
2 0.315625 0.3544921875 0.01875 0.017578125
2 0.353125 0.3525390625 0.009375 0.009765625
7 0.20078125 0.353515625 0.0703125 0.0546875
2 0.384375 0.3525390625 0.009375 0.009765625
2 0.29921875 0.357421875 0.0171875 0.015625
2 0.37109375 0.3505859375 0.0140625 0.013671875
2 0.34375 0.353515625 0.0125 0.01171875
2 0.2625 0.361328125 0.021875 0.01953125
2 0.396875 0.3505859375 0.00625 0.005859375
2 0.40625 0.3505859375 0.00625 0.005859375
7 0.34921875 0.34375 0.0140625 0.0078125
