9 0.515625 0.125 0.01875 0.0703125
9 0.7984375 0.12109375 0.021875 0.07421875
11 0.9484375 0.1533203125 0.1 0.041015625
0 0.7234375 0.4384765625 0.028125 0.095703125
2 0.47421875 0.4267578125 0.1203125 0.083984375
2 0.35234375 0.423828125 0.0890625 0.0546875
2 0.12890625 0.421875 0.0953125 0.09375
2 0.3 0.4208984375 0.053125 0.044921875
0 0.25546875 0.3955078125 0.0109375 0.017578125
10 0.68203125 0.45703125 0.0171875 0.0546875
2 0.25859375 0.4189453125 0.0484375 0.037109375
9 0.0375 0.3203125 0.0125 0.015625
11 0.01796875 0.2119140625 0.0359375 0.037109375
11 0.0390625 0.271484375 0.021875 0.05859375
2 0.07265625 0.4296875 0.0234375 0.05859375
11 0.46328125 0.3603515625 0.0078125 0.017578125
2 0.23046875 0.4150390625 0.0359375 0.037109375
10 0.06953125 0.4599609375 0.0109375 0.029296875
2 0.20078125 0.408203125 0.0453125 0.046875
11 0.0421875 0.3583984375 0.01875 0.013671875
9 0.515625 0.125 0.01875 0.0703125
9 0.7984375 0.12109375 0.021875 0.07421875
11 0.9484375 0.1533203125 0.1 0.041015625
0 0.7234375 0.4384765625 0.028125 0.095703125
2 0.47421875 0.4267578125 0.1203125 0.083984375
2 0.35234375 0.423828125 0.0890625 0.0546875
2 0.12890625 0.421875 0.0953125 0.09375
2 0.3 0.4208984375 0.053125 0.044921875
0 0.25546875 0.3955078125 0.0109375 0.017578125
10 0.68203125 0.45703125 0.0171875 0.0546875
2 0.25859375 0.4189453125 0.0484375 0.037109375
9 0.0375 0.3203125 0.0125 0.015625
11 0.01796875 0.2119140625 0.0359375 0.037109375
11 0.0390625 0.271484375 0.021875 0.05859375
2 0.07265625 0.4296875 0.0234375 0.05859375
11 0.46328125 0.3603515625 0.0078125 0.017578125
2 0.23046875 0.4150390625 0.0359375 0.037109375
10 0.06953125 0.4599609375 0.0109375 0.029296875
2 0.20078125 0.408203125 0.0453125 0.046875
11 0.0421875 0.3583984375 0.01875 0.013671875
