2 0.684375 0.392578125 0.146875 0.1328125
2 0.6171875 0.357421875 0.046875 0.05859375
2 0.5390625 0.357421875 0.03125 0.03125
7 0.52421875 0.337890625 0.0171875 0.02734375
7 0.5 0.33984375 0.009375 0.01171875
2 0.503125 0.345703125 0.009375 0.0078125
2 0.490625 0.3505859375 0.01875 0.021484375
2 0.21328125 0.36328125 0.0328125 0.02734375
7 0.3328125 0.3408203125 0.025 0.037109375
2 0.33984375 0.3505859375 0.0140625 0.013671875
2 0.3578125 0.349609375 0.0125 0.01171875
2 0.38515625 0.345703125 0.0140625 0.015625
2 0.40390625 0.34375 0.0109375 0.01171875
2 0.41875 0.34375 0.015625 0.01171875
7 0.3578125 0.3359375 0.0125 0.01953125
2 0.3671875 0.345703125 0.009375 0.01171875
2 0.684375 0.392578125 0.146875 0.1328125
2 0.6171875 0.357421875 0.046875 0.05859375
2 0.5390625 0.357421875 0.03125 0.03125
7 0.52421875 0.337890625 0.0171875 0.02734375
7 0.5 0.33984375 0.009375 0.01171875
2 0.503125 0.345703125 0.009375 0.0078125
2 0.490625 0.3505859375 0.01875 0.021484375
2 0.21328125 0.36328125 0.0328125 0.02734375
7 0.3328125 0.3408203125 0.025 0.037109375
2 0.33984375 0.3505859375 0.0140625 0.013671875
2 0.3578125 0.349609375 0.0125 0.01171875
2 0.38515625 0.345703125 0.0140625 0.015625
2 0.40390625 0.34375 0.0109375 0.01171875
2 0.41875 0.34375 0.015625 0.01171875
7 0.3578125 0.3359375 0.0125 0.01953125
2 0.3671875 0.345703125 0.009375 0.01171875
