2 0.4671875 0.6279296875 0.05 0.048828125
2 0.5296875 0.6298828125 0.01875 0.021484375
7 0.88046875 0.646484375 0.2359375 0.25
7 0.72734375 0.62890625 0.0984375 0.1171875
7 0.65390625 0.62109375 0.0484375 0.06640625
7 0.58984375 0.6240234375 0.0265625 0.044921875
7 0.61484375 0.6240234375 0.0234375 0.044921875
2 0.5484375 0.6298828125 0.0125 0.013671875
2 0.4671875 0.6279296875 0.05 0.048828125
2 0.5296875 0.6298828125 0.01875 0.021484375
7 0.88046875 0.646484375 0.2359375 0.25
7 0.72734375 0.62890625 0.0984375 0.1171875
7 0.65390625 0.62109375 0.0484375 0.06640625
7 0.58984375 0.6240234375 0.0265625 0.044921875
7 0.61484375 0.6240234375 0.0234375 0.044921875
2 0.5484375 0.6298828125 0.0125 0.013671875
