2 0.5890625 0.359375 0.040625 0.04296875
2 0.53671875 0.361328125 0.0296875 0.02734375
7 0.53515625 0.337890625 0.0203125 0.0234375
7 0.51640625 0.3466796875 0.0109375 0.017578125
2 0.48515625 0.3544921875 0.0171875 0.017578125
2 0.05703125 0.3798828125 0.0515625 0.025390625
2 0.19140625 0.365234375 0.0203125 0.01171875
2 0.2203125 0.3623046875 0.025 0.013671875
2 0.5046875 0.3525390625 0.009375 0.009765625
2 0.17109375 0.365234375 0.0203125 0.01171875
2 0.28359375 0.3564453125 0.0109375 0.009765625
2 0.3234375 0.353515625 0.009375 0.0078125
7 0.3453125 0.3466796875 0.021875 0.021484375
2 0.37265625 0.3515625 0.0078125 0.0078125
2 0.38203125 0.3515625 0.0078125 0.0078125
2 0.2375 0.359375 0.015625 0.01171875
2 0.5890625 0.359375 0.040625 0.04296875
2 0.53671875 0.361328125 0.0296875 0.02734375
7 0.53515625 0.337890625 0.0203125 0.0234375
7 0.51640625 0.3466796875 0.0109375 0.017578125
2 0.48515625 0.3544921875 0.0171875 0.017578125
2 0.05703125 0.3798828125 0.0515625 0.025390625
2 0.19140625 0.365234375 0.0203125 0.01171875
2 0.2203125 0.3623046875 0.025 0.013671875
2 0.5046875 0.3525390625 0.009375 0.009765625
2 0.17109375 0.365234375 0.0203125 0.01171875
2 0.28359375 0.3564453125 0.0109375 0.009765625
2 0.3234375 0.353515625 0.009375 0.0078125
7 0.3453125 0.3466796875 0.021875 0.021484375
2 0.37265625 0.3515625 0.0078125 0.0078125
2 0.38203125 0.3515625 0.0078125 0.0078125
2 0.2375 0.359375 0.015625 0.01171875
