3 0.8140625 0.4951171875 0.09375 0.130859375
3 0.9484375 0.5810546875 0.1 0.189453125
0 0.65390625 0.3662109375 0.0140625 0.056640625
0 0.621875 0.3701171875 0.015625 0.056640625
0 0.56640625 0.365234375 0.0171875 0.046875
2 0.403125 0.3740234375 0.04375 0.044921875
2 0.4265625 0.3671875 0.028125 0.03125
2 0.44296875 0.361328125 0.0203125 0.02734375
2 0.47734375 0.3681640625 0.0359375 0.037109375
2 0.540625 0.3671875 0.028125 0.03125
2 0.52578125 0.3662109375 0.0234375 0.029296875
11 0.32578125 0.197265625 0.0265625 0.03515625
9 0.434375 0.2021484375 0.0125 0.037109375
9 0.44921875 0.201171875 0.0078125 0.03515625
9 0.4234375 0.203125 0.009375 0.03515625
9 0.18125 0.1806640625 0.0125 0.037109375
9 0.165625 0.1796875 0.015625 0.03515625
9 0.61484375 0.2939453125 0.0078125 0.009765625
9 0.15078125 0.1796875 0.0140625 0.03515625
2 0.34765625 0.3671875 0.0296875 0.03515625
2 0.4875 0.3662109375 0.025 0.033203125
9 0.46484375 0.310546875 0.0046875 0.01171875
11 0.98046875 0.1689453125 0.0359375 0.025390625
11 0.98203125 0.1962890625 0.0328125 0.025390625
11 0.9828125 0.2216796875 0.03125 0.021484375
3 0.31875 0.37890625 0.0125 0.0234375
3 0.91875 0.5322265625 0.159375 0.173828125
3 0.8640625 0.5078125 0.13125 0.1640625
0 0.2109375 0.380859375 0.01875 0.0390625
11 0.9875 0.279296875 0.021875 0.0234375
11 0.9875 0.3056640625 0.021875 0.025390625
11 0.9859375 0.24609375 0.025 0.04296875
11 0.74609375 0.3212890625 0.0328125 0.037109375
11 0.74296875 0.259765625 0.0421875 0.015625
9 0.75546875 0.28125 0.0171875 0.01953125
9 0.7296875 0.2822265625 0.01875 0.021484375
0 0.94296875 0.3759765625 0.0265625 0.056640625
0 0.00625 0.3994140625 0.0125 0.048828125
10 0.1515625 0.3974609375 0.009375 0.021484375
0 0.81015625 0.3916015625 0.0421875 0.056640625
2 0.23046875 0.3837890625 0.0328125 0.037109375
3 0.209375 0.3896484375 0.021875 0.037109375
2 0.36796875 0.3681640625 0.0390625 0.037109375
0 0.68671875 0.369140625 0.0171875 0.05078125
3 0.8140625 0.4951171875 0.09375 0.130859375
3 0.9484375 0.5810546875 0.1 0.189453125
0 0.65390625 0.3662109375 0.0140625 0.056640625
0 0.621875 0.3701171875 0.015625 0.056640625
0 0.56640625 0.365234375 0.0171875 0.046875
2 0.403125 0.3740234375 0.04375 0.044921875
2 0.4265625 0.3671875 0.028125 0.03125
2 0.44296875 0.361328125 0.0203125 0.02734375
2 0.47734375 0.3681640625 0.0359375 0.037109375
2 0.540625 0.3671875 0.028125 0.03125
2 0.52578125 0.3662109375 0.0234375 0.029296875
11 0.32578125 0.197265625 0.0265625 0.03515625
9 0.434375 0.2021484375 0.0125 0.037109375
9 0.44921875 0.201171875 0.0078125 0.03515625
9 0.4234375 0.203125 0.009375 0.03515625
9 0.18125 0.1806640625 0.0125 0.037109375
9 0.165625 0.1796875 0.015625 0.03515625
9 0.61484375 0.2939453125 0.0078125 0.009765625
9 0.15078125 0.1796875 0.0140625 0.03515625
2 0.34765625 0.3671875 0.0296875 0.03515625
2 0.4875 0.3662109375 0.025 0.033203125
9 0.46484375 0.310546875 0.0046875 0.01171875
11 0.98046875 0.1689453125 0.0359375 0.025390625
11 0.98203125 0.1962890625 0.0328125 0.025390625
11 0.9828125 0.2216796875 0.03125 0.021484375
3 0.31875 0.37890625 0.0125 0.0234375
3 0.91875 0.5322265625 0.159375 0.173828125
3 0.8640625 0.5078125 0.13125 0.1640625
0 0.2109375 0.380859375 0.01875 0.0390625
11 0.9875 0.279296875 0.021875 0.0234375
11 0.9875 0.3056640625 0.021875 0.025390625
11 0.9859375 0.24609375 0.025 0.04296875
11 0.74609375 0.3212890625 0.0328125 0.037109375
11 0.74296875 0.259765625 0.0421875 0.015625
9 0.75546875 0.28125 0.0171875 0.01953125
9 0.7296875 0.2822265625 0.01875 0.021484375
0 0.94296875 0.3759765625 0.0265625 0.056640625
0 0.00625 0.3994140625 0.0125 0.048828125
10 0.1515625 0.3974609375 0.009375 0.021484375
0 0.81015625 0.3916015625 0.0421875 0.056640625
2 0.23046875 0.3837890625 0.0328125 0.037109375
3 0.209375 0.3896484375 0.021875 0.037109375
2 0.36796875 0.3681640625 0.0390625 0.037109375
0 0.68671875 0.369140625 0.0171875 0.05078125
