2 0.58671875 0.353515625 0.0390625 0.04296875
2 0.534375 0.3564453125 0.03125 0.029296875
7 0.53515625 0.33203125 0.0171875 0.01953125
7 0.51640625 0.3427734375 0.0109375 0.017578125
2 0.4859375 0.3505859375 0.015625 0.021484375
2 0.503125 0.34765625 0.009375 0.0078125
2 0.13828125 0.365234375 0.0328125 0.01953125
2 0.2515625 0.3525390625 0.021875 0.013671875
7 0.30078125 0.3427734375 0.0359375 0.029296875
2 0.33515625 0.3486328125 0.0109375 0.009765625
2 0.34765625 0.3486328125 0.0109375 0.009765625
2 0.04140625 0.3720703125 0.0453125 0.029296875
2 0.37265625 0.345703125 0.0109375 0.0078125
2 0.3875 0.345703125 0.009375 0.0078125
2 0.58671875 0.353515625 0.0390625 0.04296875
2 0.534375 0.3564453125 0.03125 0.029296875
7 0.53515625 0.33203125 0.0171875 0.01953125
7 0.51640625 0.3427734375 0.0109375 0.017578125
2 0.4859375 0.3505859375 0.015625 0.021484375
2 0.503125 0.34765625 0.009375 0.0078125
2 0.13828125 0.365234375 0.0328125 0.01953125
2 0.2515625 0.3525390625 0.021875 0.013671875
7 0.30078125 0.3427734375 0.0359375 0.029296875
2 0.33515625 0.3486328125 0.0109375 0.009765625
2 0.34765625 0.3486328125 0.0109375 0.009765625
2 0.04140625 0.3720703125 0.0453125 0.029296875
2 0.37265625 0.345703125 0.0109375 0.0078125
2 0.3875 0.345703125 0.009375 0.0078125
