2 0.58671875 0.3544921875 0.0390625 0.044921875
2 0.53359375 0.3583984375 0.0296875 0.029296875
7 0.53515625 0.3330078125 0.0171875 0.017578125
7 0.51640625 0.3447265625 0.0109375 0.017578125
2 0.484375 0.3525390625 0.015625 0.021484375
2 0.03046875 0.376953125 0.0328125 0.0234375
2 0.06328125 0.3740234375 0.0453125 0.021484375
2 0.503125 0.3515625 0.009375 0.0078125
2 0.0109375 0.3798828125 0.021875 0.021484375
2 0.20546875 0.361328125 0.0203125 0.015625
2 0.2796875 0.353515625 0.015625 0.01171875
7 0.3171875 0.3447265625 0.03125 0.029296875
2 0.3484375 0.349609375 0.009375 0.0078125
2 0.36171875 0.3486328125 0.0109375 0.009765625
2 0.13125 0.3662109375 0.034375 0.021484375
2 0.58671875 0.3544921875 0.0390625 0.044921875
2 0.53359375 0.3583984375 0.0296875 0.029296875
7 0.53515625 0.3330078125 0.0171875 0.017578125
7 0.51640625 0.3447265625 0.0109375 0.017578125
2 0.484375 0.3525390625 0.015625 0.021484375
2 0.03046875 0.376953125 0.0328125 0.0234375
2 0.06328125 0.3740234375 0.0453125 0.021484375
2 0.503125 0.3515625 0.009375 0.0078125
2 0.0109375 0.3798828125 0.021875 0.021484375
2 0.20546875 0.361328125 0.0203125 0.015625
2 0.2796875 0.353515625 0.015625 0.01171875
7 0.3171875 0.3447265625 0.03125 0.029296875
2 0.3484375 0.349609375 0.009375 0.0078125
2 0.36171875 0.3486328125 0.0109375 0.009765625
2 0.13125 0.3662109375 0.034375 0.021484375
