2 0.6015625 0.3525390625 0.04375 0.048828125
2 0.540625 0.3564453125 0.03125 0.029296875
7 0.53046875 0.3408203125 0.0203125 0.029296875
7 0.50703125 0.34375 0.0109375 0.015625
2 0.4890625 0.3505859375 0.015625 0.017578125
2 0.13984375 0.3740234375 0.0453125 0.033203125
2 0.08828125 0.3671875 0.0578125 0.05859375
2 0.28984375 0.3583984375 0.0234375 0.017578125
2 0.33125 0.3515625 0.01875 0.01953125
2 0.36328125 0.349609375 0.0078125 0.0078125
2 0.25 0.3603515625 0.01875 0.013671875
2 0.37109375 0.34765625 0.0078125 0.0078125
2 0.309375 0.353515625 0.015625 0.015625
2 0.17578125 0.3642578125 0.0296875 0.029296875
2 0.34765625 0.3515625 0.0078125 0.0078125
2 0.38125 0.3466796875 0.00625 0.005859375
2 0.6015625 0.3525390625 0.04375 0.048828125
2 0.540625 0.3564453125 0.03125 0.029296875
7 0.53046875 0.3408203125 0.0203125 0.029296875
7 0.50703125 0.34375 0.0109375 0.015625
2 0.4890625 0.3505859375 0.015625 0.017578125
2 0.13984375 0.3740234375 0.0453125 0.033203125
2 0.08828125 0.3671875 0.0578125 0.05859375
2 0.28984375 0.3583984375 0.0234375 0.017578125
2 0.33125 0.3515625 0.01875 0.01953125
2 0.36328125 0.349609375 0.0078125 0.0078125
2 0.25 0.3603515625 0.01875 0.013671875
2 0.37109375 0.34765625 0.0078125 0.0078125
2 0.309375 0.353515625 0.015625 0.015625
2 0.17578125 0.3642578125 0.0296875 0.029296875
2 0.34765625 0.3515625 0.0078125 0.0078125
2 0.38125 0.3466796875 0.00625 0.005859375
