2 0.58671875 0.34765625 0.0390625 0.04296875
2 0.53203125 0.3515625 0.0296875 0.02734375
7 0.53828125 0.33203125 0.0171875 0.0234375
7 0.51484375 0.3388671875 0.0109375 0.017578125
2 0.48828125 0.34765625 0.0171875 0.01953125
2 0.5015625 0.34375 0.009375 0.0078125
7 0.17890625 0.3427734375 0.0734375 0.052734375
2 0.2375 0.3515625 0.021875 0.015625
2 0.25859375 0.3505859375 0.0203125 0.017578125
2 0.31875 0.345703125 0.015625 0.01171875
2 0.34453125 0.34375 0.0140625 0.01171875
2 0.36328125 0.34375 0.0109375 0.0078125
2 0.38125 0.341796875 0.009375 0.0078125
2 0.39765625 0.3447265625 0.0078125 0.005859375
2 0.2890625 0.3505859375 0.0125 0.009765625
2 0.58671875 0.34765625 0.0390625 0.04296875
2 0.53203125 0.3515625 0.0296875 0.02734375
7 0.53828125 0.33203125 0.0171875 0.0234375
7 0.51484375 0.3388671875 0.0109375 0.017578125
2 0.48828125 0.34765625 0.0171875 0.01953125
2 0.5015625 0.34375 0.009375 0.0078125
7 0.17890625 0.3427734375 0.0734375 0.052734375
2 0.2375 0.3515625 0.021875 0.015625
2 0.25859375 0.3505859375 0.0203125 0.017578125
2 0.31875 0.345703125 0.015625 0.01171875
2 0.34453125 0.34375 0.0140625 0.01171875
2 0.36328125 0.34375 0.0109375 0.0078125
2 0.38125 0.341796875 0.009375 0.0078125
2 0.39765625 0.3447265625 0.0078125 0.005859375
2 0.2890625 0.3505859375 0.0125 0.009765625
