2 0.85390625 0.453125 0.2890625 0.26171875
2 0.61171875 0.359375 0.0453125 0.05078125
2 0.54375 0.3623046875 0.03125 0.029296875
7 0.52890625 0.3447265625 0.0171875 0.029296875
7 0.503125 0.3447265625 0.009375 0.009765625
2 0.50546875 0.3525390625 0.0109375 0.009765625
2 0.49140625 0.35546875 0.0171875 0.01953125
2 0.1765625 0.37109375 0.040625 0.03515625
7 0.0125 0.3662109375 0.025 0.083984375
2 0.35234375 0.3564453125 0.0140625 0.013671875
2 0.32109375 0.3564453125 0.0234375 0.021484375
2 0.2796875 0.36328125 0.025 0.01953125
2 0.0875 0.3818359375 0.046875 0.037109375
2 0.37734375 0.353515625 0.0078125 0.0078125
2 0.3875 0.3544921875 0.009375 0.009765625
7 0.2984375 0.345703125 0.0375 0.03515625
2 0.36640625 0.3515625 0.0109375 0.01171875
2 0.4 0.353515625 0.009375 0.0078125
2 0.85390625 0.453125 0.2890625 0.26171875
2 0.61171875 0.359375 0.0453125 0.05078125
2 0.54375 0.3623046875 0.03125 0.029296875
7 0.52890625 0.3447265625 0.0171875 0.029296875
7 0.503125 0.3447265625 0.009375 0.009765625
2 0.50546875 0.3525390625 0.0109375 0.009765625
2 0.49140625 0.35546875 0.0171875 0.01953125
2 0.1765625 0.37109375 0.040625 0.03515625
7 0.0125 0.3662109375 0.025 0.083984375
2 0.35234375 0.3564453125 0.0140625 0.013671875
2 0.32109375 0.3564453125 0.0234375 0.021484375
2 0.2796875 0.36328125 0.025 0.01953125
2 0.0875 0.3818359375 0.046875 0.037109375
2 0.37734375 0.353515625 0.0078125 0.0078125
2 0.3875 0.3544921875 0.009375 0.009765625
7 0.2984375 0.345703125 0.0375 0.03515625
2 0.36640625 0.3515625 0.0109375 0.01171875
2 0.4 0.353515625 0.009375 0.0078125
