2 0.58515625 0.359375 0.0390625 0.04296875
2 0.53046875 0.36328125 0.0296875 0.02734375
7 0.53828125 0.341796875 0.0171875 0.0234375
7 0.51484375 0.3505859375 0.0109375 0.017578125
2 0.4875 0.357421875 0.015625 0.01953125
2 0.50078125 0.3544921875 0.0109375 0.009765625
2 0.03046875 0.376953125 0.0609375 0.0390625
2 0.21015625 0.3603515625 0.0265625 0.021484375
2 0.271875 0.3564453125 0.025 0.017578125
2 0.3046875 0.3564453125 0.0125 0.009765625
2 0.34140625 0.353515625 0.0140625 0.01171875
2 0.378125 0.353515625 0.009375 0.0078125
2 0.18125 0.3671875 0.025 0.015625
2 0.23046875 0.361328125 0.0140625 0.015625
2 0.36875 0.35546875 0.009375 0.0078125
2 0.353125 0.3544921875 0.009375 0.009765625
2 0.58515625 0.359375 0.0390625 0.04296875
2 0.53046875 0.36328125 0.0296875 0.02734375
7 0.53828125 0.341796875 0.0171875 0.0234375
7 0.51484375 0.3505859375 0.0109375 0.017578125
2 0.4875 0.357421875 0.015625 0.01953125
2 0.50078125 0.3544921875 0.0109375 0.009765625
2 0.03046875 0.376953125 0.0609375 0.0390625
2 0.21015625 0.3603515625 0.0265625 0.021484375
2 0.271875 0.3564453125 0.025 0.017578125
2 0.3046875 0.3564453125 0.0125 0.009765625
2 0.34140625 0.353515625 0.0140625 0.01171875
2 0.378125 0.353515625 0.009375 0.0078125
2 0.18125 0.3671875 0.025 0.015625
2 0.23046875 0.361328125 0.0140625 0.015625
2 0.36875 0.35546875 0.009375 0.0078125
2 0.353125 0.3544921875 0.009375 0.009765625
