0 0.9546875 0.4140625 0.03125 0.15625
0 0.87890625 0.4208984375 0.0328125 0.154296875
0 0.68984375 0.3916015625 0.0265625 0.119140625
2 0.37109375 0.388671875 0.0640625 0.06640625
2 0.4046875 0.3759765625 0.040625 0.048828125
2 0.46015625 0.3603515625 0.0171875 0.021484375
2 0.48125 0.3779296875 0.04375 0.044921875
2 0.60625 0.388671875 0.05625 0.0625
2 0.5578125 0.3798828125 0.025 0.044921875
0 0.9890625 0.4189453125 0.01875 0.126953125
2 0.5 0.37109375 0.025 0.03515625
2 0.059375 0.43359375 0.11875 0.16015625
9 0.4671875 0.296875 0.00625 0.015625
2 0.51640625 0.3623046875 0.0171875 0.021484375
2 0.22734375 0.388671875 0.0859375 0.08984375
11 0.825 0.279296875 0.040625 0.0546875
9 0.8421875 0.2138671875 0.025 0.029296875
9 0.415625 0.296875 0.00625 0.015625
2 0.58046875 0.384765625 0.0421875 0.0546875
2 0.54375 0.3740234375 0.021875 0.041015625
0 0.940625 0.4130859375 0.025 0.142578125
0 0.86328125 0.41796875 0.0296875 0.14453125
2 0.5328125 0.3681640625 0.015625 0.033203125
2 0.1828125 0.38671875 0.04375 0.07421875
2 0.44140625 0.3564453125 0.0234375 0.029296875
2 0.31796875 0.3671875 0.0546875 0.03125
0 0.66875 0.3720703125 0.0125 0.044921875
3 0.4515625 0.37109375 0.009375 0.01953125
3 0.43125 0.3720703125 0.009375 0.021484375
0 0.45234375 0.3623046875 0.0109375 0.025390625
0 0.43125 0.3623046875 0.009375 0.025390625
0 0.9546875 0.4140625 0.03125 0.15625
0 0.87890625 0.4208984375 0.0328125 0.154296875
0 0.68984375 0.3916015625 0.0265625 0.119140625
2 0.37109375 0.388671875 0.0640625 0.06640625
2 0.4046875 0.3759765625 0.040625 0.048828125
2 0.46015625 0.3603515625 0.0171875 0.021484375
2 0.48125 0.3779296875 0.04375 0.044921875
2 0.60625 0.388671875 0.05625 0.0625
2 0.5578125 0.3798828125 0.025 0.044921875
0 0.9890625 0.4189453125 0.01875 0.126953125
2 0.5 0.37109375 0.025 0.03515625
2 0.059375 0.43359375 0.11875 0.16015625
9 0.4671875 0.296875 0.00625 0.015625
2 0.51640625 0.3623046875 0.0171875 0.021484375
2 0.22734375 0.388671875 0.0859375 0.08984375
11 0.825 0.279296875 0.040625 0.0546875
9 0.8421875 0.2138671875 0.025 0.029296875
9 0.415625 0.296875 0.00625 0.015625
2 0.58046875 0.384765625 0.0421875 0.0546875
2 0.54375 0.3740234375 0.021875 0.041015625
0 0.940625 0.4130859375 0.025 0.142578125
0 0.86328125 0.41796875 0.0296875 0.14453125
2 0.5328125 0.3681640625 0.015625 0.033203125
2 0.1828125 0.38671875 0.04375 0.07421875
2 0.44140625 0.3564453125 0.0234375 0.029296875
2 0.31796875 0.3671875 0.0546875 0.03125
0 0.66875 0.3720703125 0.0125 0.044921875
3 0.4515625 0.37109375 0.009375 0.01953125
3 0.43125 0.3720703125 0.009375 0.021484375
0 0.45234375 0.3623046875 0.0109375 0.025390625
0 0.43125 0.3623046875 0.009375 0.025390625
