2 0.49375 0.6220703125 0.034375 0.037109375
2 0.5359375 0.626953125 0.015625 0.01953125
7 0.8234375 0.6328125 0.215625 0.17578125
7 0.690625 0.6240234375 0.059375 0.095703125
7 0.64765625 0.6181640625 0.0390625 0.060546875
7 0.590625 0.6201171875 0.028125 0.041015625
7 0.6140625 0.6201171875 0.021875 0.041015625
2 0.55234375 0.625 0.0109375 0.01171875
2 0.49375 0.6220703125 0.034375 0.037109375
2 0.5359375 0.626953125 0.015625 0.01953125
7 0.8234375 0.6328125 0.215625 0.17578125
7 0.690625 0.6240234375 0.059375 0.095703125
7 0.64765625 0.6181640625 0.0390625 0.060546875
7 0.590625 0.6201171875 0.028125 0.041015625
7 0.6140625 0.6201171875 0.021875 0.041015625
2 0.55234375 0.625 0.0109375 0.01171875
