2 0.93984375 0.5107421875 0.1171875 0.310546875
2 0.60703125 0.357421875 0.0453125 0.05078125
2 0.54375 0.3603515625 0.03125 0.029296875
7 0.53125 0.34375 0.01875 0.03125
7 0.50546875 0.3466796875 0.0140625 0.017578125
2 0.49140625 0.3544921875 0.0171875 0.021484375
2 0.0765625 0.3876953125 0.05625 0.041015625
2 0.2703125 0.3623046875 0.025 0.021484375
2 0.240625 0.357421875 0.034375 0.03515625
2 0.34296875 0.357421875 0.0171875 0.015625
2 0.3671875 0.353515625 0.015625 0.015625
2 0.3875 0.353515625 0.0125 0.01171875
2 0.3078125 0.3583984375 0.015625 0.013671875
2 0.396875 0.3525390625 0.009375 0.009765625
2 0.93984375 0.5107421875 0.1171875 0.310546875
2 0.60703125 0.357421875 0.0453125 0.05078125
2 0.54375 0.3603515625 0.03125 0.029296875
7 0.53125 0.34375 0.01875 0.03125
7 0.50546875 0.3466796875 0.0140625 0.017578125
2 0.49140625 0.3544921875 0.0171875 0.021484375
2 0.0765625 0.3876953125 0.05625 0.041015625
2 0.2703125 0.3623046875 0.025 0.021484375
2 0.240625 0.357421875 0.034375 0.03515625
2 0.34296875 0.357421875 0.0171875 0.015625
2 0.3671875 0.353515625 0.015625 0.015625
2 0.3875 0.353515625 0.0125 0.01171875
2 0.3078125 0.3583984375 0.015625 0.013671875
2 0.396875 0.3525390625 0.009375 0.009765625
