2 0.59609375 0.353515625 0.0421875 0.046875
2 0.53828125 0.3564453125 0.0296875 0.029296875
7 0.528125 0.3388671875 0.01875 0.029296875
7 0.50703125 0.3427734375 0.0109375 0.017578125
2 0.48515625 0.3515625 0.0171875 0.01953125
2 0.18984375 0.369140625 0.0359375 0.02734375
2 0.275 0.3564453125 0.028125 0.025390625
2 0.32578125 0.35546875 0.0109375 0.01171875
2 0.1578125 0.3701171875 0.028125 0.021484375
2 0.34375 0.3505859375 0.0125 0.009765625
2 0.2515625 0.359375 0.025 0.0234375
2 0.01953125 0.3828125 0.0390625 0.04296875
2 0.31171875 0.3564453125 0.0140625 0.013671875
2 0.35859375 0.349609375 0.0078125 0.0078125
2 0.59609375 0.353515625 0.0421875 0.046875
2 0.53828125 0.3564453125 0.0296875 0.029296875
7 0.528125 0.3388671875 0.01875 0.029296875
7 0.50703125 0.3427734375 0.0109375 0.017578125
2 0.48515625 0.3515625 0.0171875 0.01953125
2 0.18984375 0.369140625 0.0359375 0.02734375
2 0.275 0.3564453125 0.028125 0.025390625
2 0.32578125 0.35546875 0.0109375 0.01171875
2 0.1578125 0.3701171875 0.028125 0.021484375
2 0.34375 0.3505859375 0.0125 0.009765625
2 0.2515625 0.359375 0.025 0.0234375
2 0.01953125 0.3828125 0.0390625 0.04296875
2 0.31171875 0.3564453125 0.0140625 0.013671875
2 0.35859375 0.349609375 0.0078125 0.0078125
