3 0.72734375 0.4501953125 0.0796875 0.111328125
3 0.86640625 0.4833984375 0.2265625 0.189453125
0 0.6375 0.3642578125 0.0125 0.052734375
0 0.60703125 0.3701171875 0.0140625 0.052734375
0 0.559375 0.365234375 0.015625 0.04296875
2 0.07265625 0.427734375 0.1453125 0.14453125
2 0.4015625 0.375 0.04375 0.04296875
2 0.42578125 0.365234375 0.0265625 0.03125
2 0.44375 0.3623046875 0.01875 0.025390625
2 0.47265625 0.3701171875 0.0359375 0.037109375
2 0.5359375 0.369140625 0.028125 0.02734375
2 0.5234375 0.3671875 0.025 0.02734375
11 0.33828125 0.2109375 0.0234375 0.03125
9 0.43828125 0.2158203125 0.0109375 0.033203125
9 0.45078125 0.21484375 0.0078125 0.03125
9 0.4265625 0.216796875 0.009375 0.03125
9 0.20546875 0.1962890625 0.0109375 0.033203125
9 0.1953125 0.1953125 0.0125 0.03515625
9 0.60078125 0.2998046875 0.0078125 0.009765625
9 0.184375 0.1953125 0.0125 0.03515625
2 0.3546875 0.36328125 0.028125 0.03125
0 0.77109375 0.3798828125 0.0140625 0.033203125
2 0.48515625 0.365234375 0.0265625 0.03515625
9 0.46328125 0.314453125 0.0046875 0.01171875
11 0.890625 0.2138671875 0.075 0.025390625
11 0.89296875 0.2333984375 0.0703125 0.017578125
11 0.8921875 0.2548828125 0.071875 0.017578125
3 0.3296875 0.3740234375 0.0125 0.021484375
0 0.88359375 0.3896484375 0.0234375 0.087890625
3 0.78515625 0.4765625 0.1171875 0.11328125
3 0.24296875 0.3857421875 0.0203125 0.029296875
3 0.74140625 0.47265625 0.0765625 0.08984375
0 0.24140625 0.3740234375 0.0171875 0.033203125
16 0.89921875 0.4091796875 0.0234375 0.048828125
11 0.875 0.2919921875 0.028125 0.021484375
11 0.8734375 0.314453125 0.028125 0.01953125
11 0.87421875 0.26171875 0.0328125 0.0390625
2 0.2265625 0.3798828125 0.025 0.033203125
0 0.665625 0.365234375 0.0125 0.046875
2 0.37421875 0.3662109375 0.0296875 0.033203125
3 0.72734375 0.4501953125 0.0796875 0.111328125
3 0.86640625 0.4833984375 0.2265625 0.189453125
0 0.6375 0.3642578125 0.0125 0.052734375
0 0.60703125 0.3701171875 0.0140625 0.052734375
0 0.559375 0.365234375 0.015625 0.04296875
2 0.07265625 0.427734375 0.1453125 0.14453125
2 0.4015625 0.375 0.04375 0.04296875
2 0.42578125 0.365234375 0.0265625 0.03125
2 0.44375 0.3623046875 0.01875 0.025390625
2 0.47265625 0.3701171875 0.0359375 0.037109375
2 0.5359375 0.369140625 0.028125 0.02734375
2 0.5234375 0.3671875 0.025 0.02734375
11 0.33828125 0.2109375 0.0234375 0.03125
9 0.43828125 0.2158203125 0.0109375 0.033203125
9 0.45078125 0.21484375 0.0078125 0.03125
9 0.4265625 0.216796875 0.009375 0.03125
9 0.20546875 0.1962890625 0.0109375 0.033203125
9 0.1953125 0.1953125 0.0125 0.03515625
9 0.60078125 0.2998046875 0.0078125 0.009765625
9 0.184375 0.1953125 0.0125 0.03515625
2 0.3546875 0.36328125 0.028125 0.03125
0 0.77109375 0.3798828125 0.0140625 0.033203125
2 0.48515625 0.365234375 0.0265625 0.03515625
9 0.46328125 0.314453125 0.0046875 0.01171875
11 0.890625 0.2138671875 0.075 0.025390625
11 0.89296875 0.2333984375 0.0703125 0.017578125
11 0.8921875 0.2548828125 0.071875 0.017578125
3 0.3296875 0.3740234375 0.0125 0.021484375
0 0.88359375 0.3896484375 0.0234375 0.087890625
3 0.78515625 0.4765625 0.1171875 0.11328125
3 0.24296875 0.3857421875 0.0203125 0.029296875
3 0.74140625 0.47265625 0.0765625 0.08984375
0 0.24140625 0.3740234375 0.0171875 0.033203125
16 0.89921875 0.4091796875 0.0234375 0.048828125
11 0.875 0.2919921875 0.028125 0.021484375
11 0.8734375 0.314453125 0.028125 0.01953125
11 0.87421875 0.26171875 0.0328125 0.0390625
2 0.2265625 0.3798828125 0.025 0.033203125
0 0.665625 0.365234375 0.0125 0.046875
2 0.37421875 0.3662109375 0.0296875 0.033203125
