2 0.5890625 0.35546875 0.040625 0.04296875
2 0.53671875 0.361328125 0.0296875 0.02734375
7 0.53515625 0.3369140625 0.0203125 0.021484375
7 0.51640625 0.3466796875 0.0109375 0.017578125
2 0.48671875 0.353515625 0.0171875 0.01953125
2 0.03359375 0.3818359375 0.0515625 0.025390625
2 0.18203125 0.36328125 0.0171875 0.01171875
2 0.2125 0.3623046875 0.025 0.013671875
2 0.5046875 0.3505859375 0.009375 0.009765625
2 0.16328125 0.3671875 0.0203125 0.01171875
2 0.278125 0.357421875 0.0125 0.01171875
2 0.31875 0.353515625 0.009375 0.0078125
7 0.3421875 0.3466796875 0.021875 0.021484375
2 0.37109375 0.3515625 0.0078125 0.0078125
2 0.38046875 0.349609375 0.0078125 0.0078125
2 0.2328125 0.359375 0.015625 0.01171875
2 0.5890625 0.35546875 0.040625 0.04296875
2 0.53671875 0.361328125 0.0296875 0.02734375
7 0.53515625 0.3369140625 0.0203125 0.021484375
7 0.51640625 0.3466796875 0.0109375 0.017578125
2 0.48671875 0.353515625 0.0171875 0.01953125
2 0.03359375 0.3818359375 0.0515625 0.025390625
2 0.18203125 0.36328125 0.0171875 0.01171875
2 0.2125 0.3623046875 0.025 0.013671875
2 0.5046875 0.3505859375 0.009375 0.009765625
2 0.16328125 0.3671875 0.0203125 0.01171875
2 0.278125 0.357421875 0.0125 0.01171875
2 0.31875 0.353515625 0.009375 0.0078125
7 0.3421875 0.3466796875 0.021875 0.021484375
2 0.37109375 0.3515625 0.0078125 0.0078125
2 0.38046875 0.349609375 0.0078125 0.0078125
2 0.2328125 0.359375 0.015625 0.01171875
