9 0.54765625 0.1337890625 0.0203125 0.076171875
9 0.8640625 0.1298828125 0.021875 0.080078125
11 0.98828125 0.1640625 0.0203125 0.04296875
0 0.778125 0.4873046875 0.03125 0.107421875
2 0.503125 0.4716796875 0.128125 0.091796875
2 0.37421875 0.46875 0.0921875 0.05859375
2 0.13203125 0.466796875 0.0984375 0.109375
2 0.31953125 0.462890625 0.0515625 0.046875
0 0.2765625 0.4365234375 0.009375 0.013671875
10 0.73203125 0.505859375 0.0203125 0.0625
2 0.28046875 0.462890625 0.0484375 0.0390625
9 0.02890625 0.3505859375 0.0109375 0.017578125
11 0.0140625 0.2177734375 0.028125 0.021484375
11 0.02890625 0.296875 0.0265625 0.0703125
11 0.4890625 0.400390625 0.009375 0.01953125
2 0.25078125 0.458984375 0.0359375 0.0390625
10 0.06484375 0.4970703125 0.0140625 0.044921875
2 0.221875 0.4501953125 0.046875 0.044921875
11 0.03046875 0.3876953125 0.0265625 0.013671875
9 0.54765625 0.1337890625 0.0203125 0.076171875
9 0.8640625 0.1298828125 0.021875 0.080078125
11 0.98828125 0.1640625 0.0203125 0.04296875
0 0.778125 0.4873046875 0.03125 0.107421875
2 0.503125 0.4716796875 0.128125 0.091796875
2 0.37421875 0.46875 0.0921875 0.05859375
2 0.13203125 0.466796875 0.0984375 0.109375
2 0.31953125 0.462890625 0.0515625 0.046875
0 0.2765625 0.4365234375 0.009375 0.013671875
10 0.73203125 0.505859375 0.0203125 0.0625
2 0.28046875 0.462890625 0.0484375 0.0390625
9 0.02890625 0.3505859375 0.0109375 0.017578125
11 0.0140625 0.2177734375 0.028125 0.021484375
11 0.02890625 0.296875 0.0265625 0.0703125
11 0.4890625 0.400390625 0.009375 0.01953125
2 0.25078125 0.458984375 0.0359375 0.0390625
10 0.06484375 0.4970703125 0.0140625 0.044921875
2 0.221875 0.4501953125 0.046875 0.044921875
11 0.03046875 0.3876953125 0.0265625 0.013671875
