2 0.5984375 0.35546875 0.04375 0.046875
2 0.540625 0.3583984375 0.03125 0.029296875
7 0.5296875 0.3427734375 0.01875 0.029296875
7 0.50703125 0.3466796875 0.0109375 0.017578125
2 0.48828125 0.35546875 0.0171875 0.01953125
2 0.0453125 0.3896484375 0.0625 0.041015625
2 0.015625 0.3779296875 0.03125 0.064453125
2 0.2578125 0.3662109375 0.025 0.021484375
2 0.3125 0.3564453125 0.021875 0.021484375
2 0.34765625 0.3544921875 0.0109375 0.009765625
2 0.22109375 0.3662109375 0.0203125 0.017578125
2 0.36171875 0.3515625 0.0109375 0.0078125
2 0.28984375 0.359375 0.0203125 0.01953125
2 0.121875 0.3740234375 0.040625 0.033203125
2 0.334375 0.357421875 0.0125 0.01171875
2 0.371875 0.3525390625 0.00625 0.005859375
2 0.08359375 0.3828125 0.0359375 0.02734375
2 0.5984375 0.35546875 0.04375 0.046875
2 0.540625 0.3583984375 0.03125 0.029296875
7 0.5296875 0.3427734375 0.01875 0.029296875
7 0.50703125 0.3466796875 0.0109375 0.017578125
2 0.48828125 0.35546875 0.0171875 0.01953125
2 0.0453125 0.3896484375 0.0625 0.041015625
2 0.015625 0.3779296875 0.03125 0.064453125
2 0.2578125 0.3662109375 0.025 0.021484375
2 0.3125 0.3564453125 0.021875 0.021484375
2 0.34765625 0.3544921875 0.0109375 0.009765625
2 0.22109375 0.3662109375 0.0203125 0.017578125
2 0.36171875 0.3515625 0.0109375 0.0078125
2 0.28984375 0.359375 0.0203125 0.01953125
2 0.121875 0.3740234375 0.040625 0.033203125
2 0.334375 0.357421875 0.0125 0.01171875
2 0.371875 0.3525390625 0.00625 0.005859375
2 0.08359375 0.3828125 0.0359375 0.02734375
