2 0.38671875 0.3701171875 0.0609375 0.056640625
2 0.57578125 0.345703125 0.0359375 0.015625
2 0.55546875 0.451171875 0.2171875 0.19921875
2 0.421875 0.35546875 0.034375 0.0390625
2 0.21328125 0.3828125 0.1046875 0.09765625
2 0.14375 0.3779296875 0.059375 0.060546875
2 0.46796875 0.341796875 0.0171875 0.0234375
3 0.45625 0.3486328125 0.009375 0.017578125
0 0.45625 0.34375 0.009375 0.0234375
0 0.43359375 0.33984375 0.0078125 0.015625
9 0.41171875 0.0654296875 0.0203125 0.072265625
9 0.3828125 0.064453125 0.021875 0.0703125
9 0.35859375 0.06640625 0.0203125 0.0703125
0 0.978125 0.39453125 0.034375 0.1171875
0 0.99453125 0.376953125 0.0078125 0.06640625
9 0.12421875 0.1484375 0.0140625 0.046875
9 0.1421875 0.1484375 0.015625 0.046875
9 0.10703125 0.1484375 0.0140625 0.046875
0 0.06171875 0.388671875 0.0171875 0.03515625
2 0.546875 0.341796875 0.025 0.01953125
2 0.48671875 0.34765625 0.0265625 0.03125
2 0.52421875 0.341796875 0.0140625 0.015625
11 0.0625 0.31640625 0.034375 0.0078125
11 0.0625 0.30859375 0.034375 0.0078125
2 0.50390625 0.3427734375 0.0109375 0.013671875
11 0.0921875 0.3271484375 0.009375 0.013671875
11 0.0921875 0.3427734375 0.009375 0.013671875
2 0.3859375 0.337890625 0.028125 0.01171875
2 0.528125 0.3447265625 0.0125 0.013671875
2 0.5578125 0.34375 0.03125 0.01953125
11 0.0625 0.30078125 0.034375 0.0078125
11 0.0703125 0.326171875 0.01875 0.0078125
11 0.23828125 0.3115234375 0.0140625 0.017578125
2 0.3390625 0.361328125 0.040625 0.0390625
2 0.14921875 0.3876953125 0.0578125 0.064453125
0 0.284375 0.3525390625 0.0125 0.021484375
2 0.3625 0.34765625 0.015625 0.015625
2 0.38671875 0.3701171875 0.0609375 0.056640625
2 0.57578125 0.345703125 0.0359375 0.015625
2 0.55546875 0.451171875 0.2171875 0.19921875
2 0.421875 0.35546875 0.034375 0.0390625
2 0.21328125 0.3828125 0.1046875 0.09765625
2 0.14375 0.3779296875 0.059375 0.060546875
2 0.46796875 0.341796875 0.0171875 0.0234375
3 0.45625 0.3486328125 0.009375 0.017578125
0 0.45625 0.34375 0.009375 0.0234375
0 0.43359375 0.33984375 0.0078125 0.015625
9 0.41171875 0.0654296875 0.0203125 0.072265625
9 0.3828125 0.064453125 0.021875 0.0703125
9 0.35859375 0.06640625 0.0203125 0.0703125
0 0.978125 0.39453125 0.034375 0.1171875
0 0.99453125 0.376953125 0.0078125 0.06640625
9 0.12421875 0.1484375 0.0140625 0.046875
9 0.1421875 0.1484375 0.015625 0.046875
9 0.10703125 0.1484375 0.0140625 0.046875
0 0.06171875 0.388671875 0.0171875 0.03515625
2 0.546875 0.341796875 0.025 0.01953125
2 0.48671875 0.34765625 0.0265625 0.03125
2 0.52421875 0.341796875 0.0140625 0.015625
11 0.0625 0.31640625 0.034375 0.0078125
11 0.0625 0.30859375 0.034375 0.0078125
2 0.50390625 0.3427734375 0.0109375 0.013671875
11 0.0921875 0.3271484375 0.009375 0.013671875
11 0.0921875 0.3427734375 0.009375 0.013671875
2 0.3859375 0.337890625 0.028125 0.01171875
2 0.528125 0.3447265625 0.0125 0.013671875
2 0.5578125 0.34375 0.03125 0.01953125
11 0.0625 0.30078125 0.034375 0.0078125
11 0.0703125 0.326171875 0.01875 0.0078125
11 0.23828125 0.3115234375 0.0140625 0.017578125
2 0.3390625 0.361328125 0.040625 0.0390625
2 0.14921875 0.3876953125 0.0578125 0.064453125
0 0.284375 0.3525390625 0.0125 0.021484375
2 0.3625 0.34765625 0.015625 0.015625
