9 0.63359375 0.056640625 0.0265625 0.09765625
0 0.9328125 0.5224609375 0.04375 0.142578125
2 0.57890625 0.5 0.1546875 0.109375
2 0.4296875 0.4912109375 0.1 0.064453125
2 0.13828125 0.494140625 0.1140625 0.125
2 0.36796875 0.484375 0.0546875 0.0546875
0 0.328125 0.4560546875 0.009375 0.013671875
10 0.86953125 0.541015625 0.0234375 0.07421875
2 0.32578125 0.48046875 0.0546875 0.04296875
9 0.0046875 0.3583984375 0.009375 0.017578125
11 0.01328125 0.3017578125 0.0265625 0.068359375
11 0.56328125 0.416015625 0.0109375 0.0234375
2 0.2953125 0.4765625 0.0375 0.0390625
10 0.05625 0.53125 0.015625 0.0546875
2 0.27421875 0.4697265625 0.0484375 0.044921875
11 0.01953125 0.4150390625 0.0390625 0.025390625
0 0.20078125 0.4677734375 0.0109375 0.037109375
11 0.2984375 0.4375 0.0125 0.015625
9 0.63359375 0.056640625 0.0265625 0.09765625
0 0.9328125 0.5224609375 0.04375 0.142578125
2 0.57890625 0.5 0.1546875 0.109375
2 0.4296875 0.4912109375 0.1 0.064453125
2 0.13828125 0.494140625 0.1140625 0.125
2 0.36796875 0.484375 0.0546875 0.0546875
0 0.328125 0.4560546875 0.009375 0.013671875
10 0.86953125 0.541015625 0.0234375 0.07421875
2 0.32578125 0.48046875 0.0546875 0.04296875
9 0.0046875 0.3583984375 0.009375 0.017578125
11 0.01328125 0.3017578125 0.0265625 0.068359375
11 0.56328125 0.416015625 0.0109375 0.0234375
2 0.2953125 0.4765625 0.0375 0.0390625
10 0.05625 0.53125 0.015625 0.0546875
2 0.27421875 0.4697265625 0.0484375 0.044921875
11 0.01953125 0.4150390625 0.0390625 0.025390625
0 0.20078125 0.4677734375 0.0109375 0.037109375
11 0.2984375 0.4375 0.0125 0.015625
