9 0.5015625 0.3076171875 0.009375 0.033203125
9 0.6328125 0.3076171875 0.009375 0.033203125
11 0.70546875 0.322265625 0.0453125 0.01953125
0 0.60078125 0.4580078125 0.0109375 0.048828125
2 0.46953125 0.455078125 0.0703125 0.046875
2 0.38515625 0.455078125 0.0578125 0.03515625
2 0.25859375 0.5166015625 0.1765625 0.158203125
2 0.128125 0.587890625 0.25625 0.21484375
2 0.2734375 0.435546875 0.059375 0.0234375
2 0.09453125 0.455078125 0.1390625 0.05859375
11 0.2234375 0.3818359375 0.01875 0.064453125
9 0.87890625 0.255859375 0.0171875 0.046875
9 0.85390625 0.265625 0.0140625 0.04296875
9 0.75 0.3828125 0.00625 0.015625
11 0.928125 0.2578125 0.034375 0.0390625
11 0.09609375 0.3955078125 0.0171875 0.017578125
2 0.03828125 0.46875 0.0765625 0.04296875
9 0.0875 0.365234375 0.0125 0.0390625
2 0.34375 0.453125 0.04375 0.03125
2 0.94609375 0.689453125 0.1046875 0.22265625
0 0.31015625 0.43359375 0.0078125 0.01171875
11 0.93984375 0.3974609375 0.0140625 0.013671875
10 0.58203125 0.466796875 0.0078125 0.02734375
2 0.31484375 0.451171875 0.0234375 0.02734375
9 0.971875 0.3623046875 0.009375 0.029296875
9 0.5015625 0.3076171875 0.009375 0.033203125
9 0.6328125 0.3076171875 0.009375 0.033203125
11 0.70546875 0.322265625 0.0453125 0.01953125
0 0.60078125 0.4580078125 0.0109375 0.048828125
2 0.46953125 0.455078125 0.0703125 0.046875
2 0.38515625 0.455078125 0.0578125 0.03515625
2 0.25859375 0.5166015625 0.1765625 0.158203125
2 0.128125 0.587890625 0.25625 0.21484375
2 0.2734375 0.435546875 0.059375 0.0234375
2 0.09453125 0.455078125 0.1390625 0.05859375
11 0.2234375 0.3818359375 0.01875 0.064453125
9 0.87890625 0.255859375 0.0171875 0.046875
9 0.85390625 0.265625 0.0140625 0.04296875
9 0.75 0.3828125 0.00625 0.015625
11 0.928125 0.2578125 0.034375 0.0390625
11 0.09609375 0.3955078125 0.0171875 0.017578125
2 0.03828125 0.46875 0.0765625 0.04296875
9 0.0875 0.365234375 0.0125 0.0390625
2 0.34375 0.453125 0.04375 0.03125
2 0.94609375 0.689453125 0.1046875 0.22265625
0 0.31015625 0.43359375 0.0078125 0.01171875
11 0.93984375 0.3974609375 0.0140625 0.013671875
10 0.58203125 0.466796875 0.0078125 0.02734375
2 0.31484375 0.451171875 0.0234375 0.02734375
9 0.971875 0.3623046875 0.009375 0.029296875
