2 0.94296875 0.5439453125 0.1109375 0.248046875
2 0.30078125 0.40625 0.1140625 0.10546875
2 0.5609375 0.37109375 0.040625 0.04296875
2 0.5 0.416015625 0.125 0.1171875
2 0.40234375 0.37109375 0.0515625 0.05078125
2 0.296875 0.3505859375 0.059375 0.021484375
2 0.2078125 0.376953125 0.05625 0.05078125
2 0.4546875 0.3515625 0.01875 0.0234375
2 0.32734375 0.35546875 0.0203125 0.015625
3 0.4546875 0.359375 0.009375 0.01953125
0 0.4546875 0.3525390625 0.009375 0.021484375
0 0.42578125 0.3544921875 0.0078125 0.017578125
3 0.42578125 0.359375 0.0078125 0.015625
9 0.4390625 0.1650390625 0.015625 0.052734375
9 0.421875 0.1650390625 0.015625 0.052734375
9 0.403125 0.1650390625 0.015625 0.052734375
0 0.7703125 0.373046875 0.021875 0.07421875
0 0.7921875 0.37109375 0.021875 0.078125
9 0.2234375 0.2021484375 0.0125 0.037109375
9 0.2375 0.2021484375 0.0125 0.037109375
9 0.20859375 0.2021484375 0.0140625 0.037109375
0 0.17578125 0.3701171875 0.0078125 0.033203125
0 0.140625 0.375 0.015625 0.03125
0 0.571875 0.3486328125 0.009375 0.021484375
2 0.54453125 0.35546875 0.0296875 0.03125
11 0.16015625 0.3330078125 0.0078125 0.009765625
11 0.16015625 0.3466796875 0.0078125 0.009765625
2 0.43515625 0.3525390625 0.0140625 0.017578125
0 0.259375 0.353515625 0.009375 0.01953125
2 0.37421875 0.3583984375 0.0171875 0.017578125
11 0.94140625 0.240234375 0.0671875 0.0234375
11 0.953125 0.2158203125 0.090625 0.021484375
11 0.95234375 0.1884765625 0.0921875 0.021484375
11 0.9515625 0.15625 0.09375 0.0234375
2 0.4953125 0.3515625 0.025 0.015625
2 0.521875 0.3515625 0.015625 0.015625
0 0.2453125 0.3583984375 0.009375 0.029296875
0 0.2546875 0.3564453125 0.009375 0.021484375
0 0.16015625 0.369140625 0.0109375 0.03515625
2 0.47109375 0.3505859375 0.0140625 0.017578125
0 0.234375 0.3564453125 0.009375 0.021484375
0 0.359375 0.3564453125 0.009375 0.021484375
0 0.8265625 0.390625 0.025 0.08203125
2 0.94296875 0.5439453125 0.1109375 0.248046875
2 0.30078125 0.40625 0.1140625 0.10546875
2 0.5609375 0.37109375 0.040625 0.04296875
2 0.5 0.416015625 0.125 0.1171875
2 0.40234375 0.37109375 0.0515625 0.05078125
2 0.296875 0.3505859375 0.059375 0.021484375
2 0.2078125 0.376953125 0.05625 0.05078125
2 0.4546875 0.3515625 0.01875 0.0234375
2 0.32734375 0.35546875 0.0203125 0.015625
3 0.4546875 0.359375 0.009375 0.01953125
0 0.4546875 0.3525390625 0.009375 0.021484375
0 0.42578125 0.3544921875 0.0078125 0.017578125
3 0.42578125 0.359375 0.0078125 0.015625
9 0.4390625 0.1650390625 0.015625 0.052734375
9 0.421875 0.1650390625 0.015625 0.052734375
9 0.403125 0.1650390625 0.015625 0.052734375
0 0.7703125 0.373046875 0.021875 0.07421875
0 0.7921875 0.37109375 0.021875 0.078125
9 0.2234375 0.2021484375 0.0125 0.037109375
9 0.2375 0.2021484375 0.0125 0.037109375
9 0.20859375 0.2021484375 0.0140625 0.037109375
0 0.17578125 0.3701171875 0.0078125 0.033203125
0 0.140625 0.375 0.015625 0.03125
0 0.571875 0.3486328125 0.009375 0.021484375
2 0.54453125 0.35546875 0.0296875 0.03125
11 0.16015625 0.3330078125 0.0078125 0.009765625
11 0.16015625 0.3466796875 0.0078125 0.009765625
2 0.43515625 0.3525390625 0.0140625 0.017578125
0 0.259375 0.353515625 0.009375 0.01953125
2 0.37421875 0.3583984375 0.0171875 0.017578125
11 0.94140625 0.240234375 0.0671875 0.0234375
11 0.953125 0.2158203125 0.090625 0.021484375
11 0.95234375 0.1884765625 0.0921875 0.021484375
11 0.9515625 0.15625 0.09375 0.0234375
2 0.4953125 0.3515625 0.025 0.015625
2 0.521875 0.3515625 0.015625 0.015625
0 0.2453125 0.3583984375 0.009375 0.029296875
0 0.2546875 0.3564453125 0.009375 0.021484375
0 0.16015625 0.369140625 0.0109375 0.03515625
2 0.47109375 0.3505859375 0.0140625 0.017578125
0 0.234375 0.3564453125 0.009375 0.021484375
0 0.359375 0.3564453125 0.009375 0.021484375
0 0.8265625 0.390625 0.025 0.08203125
