2 0.3765625 0.375 0.06875 0.06640625
2 0.57578125 0.3515625 0.0359375 0.01953125
2 0.5328125 0.4521484375 0.203125 0.193359375
2 0.4171875 0.357421875 0.0375 0.0390625
2 0.22734375 0.3779296875 0.0984375 0.091796875
2 0.15390625 0.376953125 0.0609375 0.0625
2 0.46796875 0.345703125 0.0171875 0.0234375
3 0.45625 0.353515625 0.009375 0.015625
0 0.45625 0.3466796875 0.009375 0.021484375
0 0.43359375 0.3447265625 0.0078125 0.017578125
3 0.434375 0.3515625 0.00625 0.01171875
9 0.41875 0.0810546875 0.021875 0.068359375
9 0.3921875 0.080078125 0.01875 0.0703125
9 0.3671875 0.0830078125 0.01875 0.068359375
0 0.94140625 0.3896484375 0.0234375 0.115234375
0 0.9640625 0.388671875 0.034375 0.1171875
9 0.14296875 0.1552734375 0.0140625 0.044921875
9 0.159375 0.154296875 0.015625 0.046875
9 0.12734375 0.154296875 0.0140625 0.046875
0 0.071875 0.3798828125 0.01875 0.037109375
2 0.5515625 0.341796875 0.0375 0.01953125
2 0.48515625 0.3505859375 0.0265625 0.029296875
2 0.52421875 0.34765625 0.0140625 0.015625
0 0.1265625 0.359375 0.009375 0.02734375
11 0.07578125 0.318359375 0.0328125 0.0078125
11 0.07578125 0.30859375 0.0328125 0.0078125
2 0.503125 0.34765625 0.009375 0.01171875
11 0.103125 0.3251953125 0.00625 0.009765625
11 0.103125 0.3408203125 0.00625 0.009765625
2 0.38984375 0.3388671875 0.0203125 0.013671875
2 0.528125 0.3486328125 0.0125 0.013671875
2 0.55 0.3486328125 0.025 0.017578125
11 0.07578125 0.30078125 0.0328125 0.0078125
11 0.08359375 0.326171875 0.0171875 0.0078125
11 0.24453125 0.3134765625 0.0140625 0.017578125
2 0.35078125 0.3564453125 0.0328125 0.037109375
2 0.1765625 0.37890625 0.03125 0.0546875
2 0.3765625 0.375 0.06875 0.06640625
2 0.57578125 0.3515625 0.0359375 0.01953125
2 0.5328125 0.4521484375 0.203125 0.193359375
2 0.4171875 0.357421875 0.0375 0.0390625
2 0.22734375 0.3779296875 0.0984375 0.091796875
2 0.15390625 0.376953125 0.0609375 0.0625
2 0.46796875 0.345703125 0.0171875 0.0234375
3 0.45625 0.353515625 0.009375 0.015625
0 0.45625 0.3466796875 0.009375 0.021484375
0 0.43359375 0.3447265625 0.0078125 0.017578125
3 0.434375 0.3515625 0.00625 0.01171875
9 0.41875 0.0810546875 0.021875 0.068359375
9 0.3921875 0.080078125 0.01875 0.0703125
9 0.3671875 0.0830078125 0.01875 0.068359375
0 0.94140625 0.3896484375 0.0234375 0.115234375
0 0.9640625 0.388671875 0.034375 0.1171875
9 0.14296875 0.1552734375 0.0140625 0.044921875
9 0.159375 0.154296875 0.015625 0.046875
9 0.12734375 0.154296875 0.0140625 0.046875
0 0.071875 0.3798828125 0.01875 0.037109375
2 0.5515625 0.341796875 0.0375 0.01953125
2 0.48515625 0.3505859375 0.0265625 0.029296875
2 0.52421875 0.34765625 0.0140625 0.015625
0 0.1265625 0.359375 0.009375 0.02734375
11 0.07578125 0.318359375 0.0328125 0.0078125
11 0.07578125 0.30859375 0.0328125 0.0078125
2 0.503125 0.34765625 0.009375 0.01171875
11 0.103125 0.3251953125 0.00625 0.009765625
11 0.103125 0.3408203125 0.00625 0.009765625
2 0.38984375 0.3388671875 0.0203125 0.013671875
2 0.528125 0.3486328125 0.0125 0.013671875
2 0.55 0.3486328125 0.025 0.017578125
11 0.07578125 0.30078125 0.0328125 0.0078125
11 0.08359375 0.326171875 0.0171875 0.0078125
11 0.24453125 0.3134765625 0.0140625 0.017578125
2 0.35078125 0.3564453125 0.0328125 0.037109375
2 0.1765625 0.37890625 0.03125 0.0546875
