2 0.4578125 0.626953125 0.053125 0.05078125
2 0.528125 0.6279296875 0.01875 0.021484375
7 0.88828125 0.62109375 0.2203125 0.23046875
7 0.7375 0.6259765625 0.103125 0.123046875
7 0.6578125 0.619140625 0.05 0.0703125
7 0.590625 0.6201171875 0.028125 0.044921875
7 0.61640625 0.6201171875 0.0234375 0.044921875
2 0.5484375 0.6279296875 0.0125 0.013671875
2 0.4578125 0.626953125 0.053125 0.05078125
2 0.528125 0.6279296875 0.01875 0.021484375
7 0.88828125 0.62109375 0.2203125 0.23046875
7 0.7375 0.6259765625 0.103125 0.123046875
7 0.6578125 0.619140625 0.05 0.0703125
7 0.590625 0.6201171875 0.028125 0.044921875
7 0.61640625 0.6201171875 0.0234375 0.044921875
2 0.5484375 0.6279296875 0.0125 0.013671875
