9 0.578125 0.1240234375 0.025 0.087890625
9 0.9296875 0.11328125 0.025 0.08984375
0 0.8328125 0.51171875 0.034375 0.1171875
2 0.53125 0.49609375 0.1375 0.09765625
2 0.39609375 0.4931640625 0.0953125 0.060546875
2 0.13515625 0.4892578125 0.1015625 0.115234375
2 0.33984375 0.4873046875 0.0515625 0.048828125
0 0.296875 0.4580078125 0.009375 0.013671875
10 0.78203125 0.53515625 0.0203125 0.06640625
2 0.3 0.484375 0.053125 0.0390625
9 0.01953125 0.3681640625 0.0109375 0.017578125
11 0.01015625 0.2431640625 0.0203125 0.017578125
11 0.02578125 0.314453125 0.0296875 0.0703125
11 0.51796875 0.421875 0.0078125 0.01953125
2 0.26953125 0.482421875 0.0359375 0.0390625
10 0.06328125 0.52734375 0.0140625 0.046875
2 0.24296875 0.4697265625 0.0484375 0.044921875
11 0.02578125 0.4326171875 0.0265625 0.013671875
9 0.578125 0.1240234375 0.025 0.087890625
9 0.9296875 0.11328125 0.025 0.08984375
0 0.8328125 0.51171875 0.034375 0.1171875
2 0.53125 0.49609375 0.1375 0.09765625
2 0.39609375 0.4931640625 0.0953125 0.060546875
2 0.13515625 0.4892578125 0.1015625 0.115234375
2 0.33984375 0.4873046875 0.0515625 0.048828125
0 0.296875 0.4580078125 0.009375 0.013671875
10 0.78203125 0.53515625 0.0203125 0.06640625
2 0.3 0.484375 0.053125 0.0390625
9 0.01953125 0.3681640625 0.0109375 0.017578125
11 0.01015625 0.2431640625 0.0203125 0.017578125
11 0.02578125 0.314453125 0.0296875 0.0703125
11 0.51796875 0.421875 0.0078125 0.01953125
2 0.26953125 0.482421875 0.0359375 0.0390625
10 0.06328125 0.52734375 0.0140625 0.046875
2 0.24296875 0.4697265625 0.0484375 0.044921875
11 0.02578125 0.4326171875 0.0265625 0.013671875
