2 0.4109375 0.6357421875 0.078125 0.076171875
2 0.525 0.6318359375 0.01875 0.021484375
7 0.92890625 0.6220703125 0.1390625 0.314453125
7 0.740625 0.6259765625 0.06875 0.130859375
7 0.66640625 0.6240234375 0.0546875 0.076171875
7 0.59296875 0.625 0.0296875 0.05078125
7 0.61953125 0.6259765625 0.0265625 0.048828125
2 0.5484375 0.6298828125 0.0125 0.013671875
7 0.8171875 0.6416015625 0.1 0.146484375
2 0.4109375 0.6357421875 0.078125 0.076171875
2 0.525 0.6318359375 0.01875 0.021484375
7 0.92890625 0.6220703125 0.1390625 0.314453125
7 0.740625 0.6259765625 0.06875 0.130859375
7 0.66640625 0.6240234375 0.0546875 0.076171875
7 0.59296875 0.625 0.0296875 0.05078125
7 0.61953125 0.6259765625 0.0265625 0.048828125
2 0.5484375 0.6298828125 0.0125 0.013671875
7 0.8171875 0.6416015625 0.1 0.146484375
