2 0.97109375 0.6162109375 0.0546875 0.220703125
2 0.8828125 0.50390625 0.23125 0.23828125
2 0.70625 0.4775390625 0.065625 0.107421875
2 0.65078125 0.443359375 0.0359375 0.03515625
2 0.57734375 0.443359375 0.0109375 0.01171875
2 0.5609375 0.4453125 0.0125 0.01171875
2 0.52421875 0.443359375 0.0203125 0.0234375
0 0.49765625 0.4443359375 0.0078125 0.025390625
2 0.31875 0.455078125 0.01875 0.0234375
2 0.29609375 0.4609375 0.0171875 0.0234375
9 0.521875 0.3310546875 0.00625 0.025390625
9 0.59296875 0.326171875 0.0078125 0.02734375
11 0.54375 0.322265625 0.0125 0.01953125
11 0.65078125 0.3369140625 0.0359375 0.013671875
11 0.34140625 0.3564453125 0.0140625 0.021484375
9 0.33203125 0.3935546875 0.0046875 0.005859375
9 0.35546875 0.3916015625 0.0046875 0.005859375
11 0.33671875 0.431640625 0.0078125 0.01953125
0 0.4390625 0.4599609375 0.015625 0.044921875
0 0.27265625 0.4677734375 0.0234375 0.068359375
0 0.253125 0.4677734375 0.01875 0.072265625
9 0.30703125 0.3037109375 0.0078125 0.029296875
9 0.3359375 0.3173828125 0.009375 0.029296875
2 0.74453125 0.486328125 0.0828125 0.12890625
2 0.209375 0.4697265625 0.034375 0.033203125
2 0.38359375 0.458984375 0.0265625 0.0234375
2 0.17578125 0.4736328125 0.0453125 0.041015625
11 0.34375 0.40234375 0.021875 0.0078125
2 0.309375 0.458984375 0.015625 0.0234375
0 0.14921875 0.4638671875 0.0109375 0.041015625
0 0.23125 0.46875 0.015625 0.0625
0 0.109375 0.4775390625 0.015625 0.052734375
2 0.97109375 0.6162109375 0.0546875 0.220703125
2 0.8828125 0.50390625 0.23125 0.23828125
2 0.70625 0.4775390625 0.065625 0.107421875
2 0.65078125 0.443359375 0.0359375 0.03515625
2 0.57734375 0.443359375 0.0109375 0.01171875
2 0.5609375 0.4453125 0.0125 0.01171875
2 0.52421875 0.443359375 0.0203125 0.0234375
0 0.49765625 0.4443359375 0.0078125 0.025390625
2 0.31875 0.455078125 0.01875 0.0234375
2 0.29609375 0.4609375 0.0171875 0.0234375
9 0.521875 0.3310546875 0.00625 0.025390625
9 0.59296875 0.326171875 0.0078125 0.02734375
11 0.54375 0.322265625 0.0125 0.01953125
11 0.65078125 0.3369140625 0.0359375 0.013671875
11 0.34140625 0.3564453125 0.0140625 0.021484375
9 0.33203125 0.3935546875 0.0046875 0.005859375
9 0.35546875 0.3916015625 0.0046875 0.005859375
11 0.33671875 0.431640625 0.0078125 0.01953125
0 0.4390625 0.4599609375 0.015625 0.044921875
0 0.27265625 0.4677734375 0.0234375 0.068359375
0 0.253125 0.4677734375 0.01875 0.072265625
9 0.30703125 0.3037109375 0.0078125 0.029296875
9 0.3359375 0.3173828125 0.009375 0.029296875
2 0.74453125 0.486328125 0.0828125 0.12890625
2 0.209375 0.4697265625 0.034375 0.033203125
2 0.38359375 0.458984375 0.0265625 0.0234375
2 0.17578125 0.4736328125 0.0453125 0.041015625
11 0.34375 0.40234375 0.021875 0.0078125
2 0.309375 0.458984375 0.015625 0.0234375
0 0.14921875 0.4638671875 0.0109375 0.041015625
0 0.23125 0.46875 0.015625 0.0625
0 0.109375 0.4775390625 0.015625 0.052734375
