2 0.40859375 0.3701171875 0.0421875 0.041015625
2 0.8796875 0.51171875 0.2375 0.25390625
2 0.65234375 0.390625 0.0984375 0.1171875
2 0.553125 0.3671875 0.028125 0.0390625
2 0.7140625 0.416015625 0.159375 0.16015625
2 0.3171875 0.3603515625 0.021875 0.025390625
2 0.5078125 0.359375 0.06875 0.03125
2 0.33984375 0.357421875 0.0359375 0.0390625
2 0.39453125 0.3603515625 0.0234375 0.029296875
11 0.0265625 0.3046875 0.021875 0.03125
2 0.37109375 0.3564453125 0.0140625 0.021484375
0 0.2625 0.361328125 0.00625 0.0234375
3 0.578125 0.38671875 0.03125 0.05859375
3 0.59296875 0.39453125 0.0328125 0.0625
3 0.60546875 0.396484375 0.0296875 0.0703125
0 0.15625 0.3759765625 0.025 0.037109375
2 0.42109375 0.36328125 0.0296875 0.03515625
0 0.07421875 0.3740234375 0.0140625 0.048828125
0 0.01953125 0.3701171875 0.0109375 0.044921875
0 0.04609375 0.373046875 0.0109375 0.05078125
2 0.3640625 0.3603515625 0.0125 0.021484375
2 0.44453125 0.3515625 0.0171875 0.01953125
0 0.21640625 0.3603515625 0.0078125 0.029296875
0 0.03203125 0.3759765625 0.0109375 0.044921875
2 0.46796875 0.349609375 0.0171875 0.015625
2 0.58359375 0.3759765625 0.0484375 0.052734375
0 0.01640625 0.3740234375 0.0109375 0.044921875
2 0.40859375 0.3701171875 0.0421875 0.041015625
2 0.8796875 0.51171875 0.2375 0.25390625
2 0.65234375 0.390625 0.0984375 0.1171875
2 0.553125 0.3671875 0.028125 0.0390625
2 0.7140625 0.416015625 0.159375 0.16015625
2 0.3171875 0.3603515625 0.021875 0.025390625
2 0.5078125 0.359375 0.06875 0.03125
2 0.33984375 0.357421875 0.0359375 0.0390625
2 0.39453125 0.3603515625 0.0234375 0.029296875
11 0.0265625 0.3046875 0.021875 0.03125
2 0.37109375 0.3564453125 0.0140625 0.021484375
0 0.2625 0.361328125 0.00625 0.0234375
3 0.578125 0.38671875 0.03125 0.05859375
3 0.59296875 0.39453125 0.0328125 0.0625
3 0.60546875 0.396484375 0.0296875 0.0703125
0 0.15625 0.3759765625 0.025 0.037109375
2 0.42109375 0.36328125 0.0296875 0.03515625
0 0.07421875 0.3740234375 0.0140625 0.048828125
0 0.01953125 0.3701171875 0.0109375 0.044921875
0 0.04609375 0.373046875 0.0109375 0.05078125
2 0.3640625 0.3603515625 0.0125 0.021484375
2 0.44453125 0.3515625 0.0171875 0.01953125
0 0.21640625 0.3603515625 0.0078125 0.029296875
0 0.03203125 0.3759765625 0.0109375 0.044921875
2 0.46796875 0.349609375 0.0171875 0.015625
2 0.58359375 0.3759765625 0.0484375 0.052734375
0 0.01640625 0.3740234375 0.0109375 0.044921875
