0 0.940625 0.453125 0.053125 0.26171875
2 0.32890625 0.3896484375 0.0953125 0.087890625
2 0.38671875 0.369140625 0.0515625 0.0546875
2 0.47734375 0.3681640625 0.0515625 0.052734375
2 0.66171875 0.40234375 0.1046875 0.09765625
2 0.58359375 0.37890625 0.0421875 0.05859375
2 0.49140625 0.359375 0.0328125 0.04296875
9 0.4625 0.2783203125 0.00625 0.017578125
2 0.5234375 0.3525390625 0.01875 0.025390625
3 0.453125 0.3564453125 0.009375 0.021484375
0 0.45234375 0.3466796875 0.0078125 0.025390625
9 0.41171875 0.283203125 0.0046875 0.01171875
3 0.4296875 0.3623046875 0.009375 0.021484375
2 0.615625 0.3876953125 0.059375 0.076171875
2 0.55859375 0.3671875 0.0296875 0.04296875
2 0.54921875 0.3603515625 0.0328125 0.041015625
2 0.4453125 0.3447265625 0.025 0.029296875
2 0.321875 0.3427734375 0.025 0.009765625
0 0.7171875 0.36328125 0.015625 0.0546875
2 0.2109375 0.3720703125 0.0375 0.037109375
2 0.4046875 0.345703125 0.01875 0.0234375
0 0.2625 0.3642578125 0.0125 0.021484375
2 0.1734375 0.37890625 0.05625 0.04296875
0 0.415625 0.3505859375 0.009375 0.025390625
0 0.2140625 0.34765625 0.009375 0.01171875
2 0.03203125 0.392578125 0.0640625 0.1171875
3 0.23125 0.3681640625 0.0125 0.033203125
3 0.2390625 0.3681640625 0.009375 0.033203125
0 0.12578125 0.3544921875 0.0109375 0.025390625
3 0.41640625 0.3603515625 0.0109375 0.021484375
0 0.29296875 0.349609375 0.0046875 0.01953125
0 0.3 0.34765625 0.00625 0.01953125
2 0.56484375 0.3759765625 0.0234375 0.044921875
9 0.45703125 0.2783203125 0.0046875 0.017578125
9 0.46796875 0.27734375 0.0046875 0.015625
1 0.94765625 0.5009765625 0.0921875 0.146484375
0 0.4296875 0.3486328125 0.009375 0.029296875
2 0.5078125 0.35546875 0.015625 0.03125
0 0.940625 0.453125 0.053125 0.26171875
2 0.32890625 0.3896484375 0.0953125 0.087890625
2 0.38671875 0.369140625 0.0515625 0.0546875
2 0.47734375 0.3681640625 0.0515625 0.052734375
2 0.66171875 0.40234375 0.1046875 0.09765625
2 0.58359375 0.37890625 0.0421875 0.05859375
2 0.49140625 0.359375 0.0328125 0.04296875
9 0.4625 0.2783203125 0.00625 0.017578125
2 0.5234375 0.3525390625 0.01875 0.025390625
3 0.453125 0.3564453125 0.009375 0.021484375
0 0.45234375 0.3466796875 0.0078125 0.025390625
9 0.41171875 0.283203125 0.0046875 0.01171875
3 0.4296875 0.3623046875 0.009375 0.021484375
2 0.615625 0.3876953125 0.059375 0.076171875
2 0.55859375 0.3671875 0.0296875 0.04296875
2 0.54921875 0.3603515625 0.0328125 0.041015625
2 0.4453125 0.3447265625 0.025 0.029296875
2 0.321875 0.3427734375 0.025 0.009765625
0 0.7171875 0.36328125 0.015625 0.0546875
2 0.2109375 0.3720703125 0.0375 0.037109375
2 0.4046875 0.345703125 0.01875 0.0234375
0 0.2625 0.3642578125 0.0125 0.021484375
2 0.1734375 0.37890625 0.05625 0.04296875
0 0.415625 0.3505859375 0.009375 0.025390625
0 0.2140625 0.34765625 0.009375 0.01171875
2 0.03203125 0.392578125 0.0640625 0.1171875
3 0.23125 0.3681640625 0.0125 0.033203125
3 0.2390625 0.3681640625 0.009375 0.033203125
0 0.12578125 0.3544921875 0.0109375 0.025390625
3 0.41640625 0.3603515625 0.0109375 0.021484375
0 0.29296875 0.349609375 0.0046875 0.01953125
0 0.3 0.34765625 0.00625 0.01953125
2 0.56484375 0.3759765625 0.0234375 0.044921875
9 0.45703125 0.2783203125 0.0046875 0.017578125
9 0.46796875 0.27734375 0.0046875 0.015625
1 0.94765625 0.5009765625 0.0921875 0.146484375
0 0.4296875 0.3486328125 0.009375 0.029296875
2 0.5078125 0.35546875 0.015625 0.03125
