9 0.51875 0.359375 0.00625 0.02734375
9 0.61953125 0.3583984375 0.0078125 0.025390625
11 0.675 0.3681640625 0.034375 0.013671875
0 0.59609375 0.474609375 0.0109375 0.0390625
0 0.52734375 0.47265625 0.0109375 0.03515625
2 0.48984375 0.4697265625 0.0578125 0.037109375
2 0.43046875 0.478515625 0.0421875 0.0390625
2 0.4015625 0.5009765625 0.08125 0.087890625
2 0.36015625 0.5224609375 0.1109375 0.087890625
2 0.33984375 0.46875 0.0546875 0.046875
2 0.28671875 0.4794921875 0.0578125 0.056640625
2 0.20546875 0.5537109375 0.2296875 0.205078125
2 0.11328125 0.49609375 0.1015625 0.08984375
11 0.3546875 0.42578125 0.025 0.0390625
9 0.78515625 0.3310546875 0.0109375 0.029296875
9 0.7734375 0.3349609375 0.009375 0.029296875
11 0.0296875 0.3603515625 0.01875 0.041015625
9 0.70859375 0.416015625 0.0046875 0.015625
11 0.809375 0.3369140625 0.00625 0.017578125
11 0.06328125 0.3505859375 0.0234375 0.037109375
9 0.51875 0.359375 0.00625 0.02734375
9 0.61953125 0.3583984375 0.0078125 0.025390625
11 0.675 0.3681640625 0.034375 0.013671875
0 0.59609375 0.474609375 0.0109375 0.0390625
0 0.52734375 0.47265625 0.0109375 0.03515625
2 0.48984375 0.4697265625 0.0578125 0.037109375
2 0.43046875 0.478515625 0.0421875 0.0390625
2 0.4015625 0.5009765625 0.08125 0.087890625
2 0.36015625 0.5224609375 0.1109375 0.087890625
2 0.33984375 0.46875 0.0546875 0.046875
2 0.28671875 0.4794921875 0.0578125 0.056640625
2 0.20546875 0.5537109375 0.2296875 0.205078125
2 0.11328125 0.49609375 0.1015625 0.08984375
11 0.3546875 0.42578125 0.025 0.0390625
9 0.78515625 0.3310546875 0.0109375 0.029296875
9 0.7734375 0.3349609375 0.009375 0.029296875
11 0.0296875 0.3603515625 0.01875 0.041015625
9 0.70859375 0.416015625 0.0046875 0.015625
11 0.809375 0.3369140625 0.00625 0.017578125
11 0.06328125 0.3505859375 0.0234375 0.037109375
