2 0.90546875 0.521484375 0.1859375 0.40625
2 0.60859375 0.35546875 0.0453125 0.05078125
2 0.5453125 0.3603515625 0.03125 0.029296875
7 0.5328125 0.341796875 0.01875 0.03125
7 0.50625 0.3408203125 0.009375 0.009765625
2 0.50703125 0.3505859375 0.0109375 0.009765625
2 0.49140625 0.353515625 0.0171875 0.01953125
2 0.2296875 0.3671875 0.03125 0.0234375
2 0.09765625 0.3740234375 0.0609375 0.052734375
2 0.31640625 0.357421875 0.0109375 0.01171875
2 0.328125 0.3564453125 0.0125 0.013671875
7 0.0671875 0.3603515625 0.134375 0.095703125
2 0.29921875 0.353515625 0.0234375 0.02734375
2 0.36953125 0.3525390625 0.0109375 0.013671875
2 0.3859375 0.3505859375 0.0125 0.013671875
2 0.40078125 0.349609375 0.0078125 0.0078125
2 0.3390625 0.3564453125 0.009375 0.009765625
2 0.90546875 0.521484375 0.1859375 0.40625
2 0.60859375 0.35546875 0.0453125 0.05078125
2 0.5453125 0.3603515625 0.03125 0.029296875
7 0.5328125 0.341796875 0.01875 0.03125
7 0.50625 0.3408203125 0.009375 0.009765625
2 0.50703125 0.3505859375 0.0109375 0.009765625
2 0.49140625 0.353515625 0.0171875 0.01953125
2 0.2296875 0.3671875 0.03125 0.0234375
2 0.09765625 0.3740234375 0.0609375 0.052734375
2 0.31640625 0.357421875 0.0109375 0.01171875
2 0.328125 0.3564453125 0.0125 0.013671875
7 0.0671875 0.3603515625 0.134375 0.095703125
2 0.29921875 0.353515625 0.0234375 0.02734375
2 0.36953125 0.3525390625 0.0109375 0.013671875
2 0.3859375 0.3505859375 0.0125 0.013671875
2 0.40078125 0.349609375 0.0078125 0.0078125
2 0.3390625 0.3564453125 0.009375 0.009765625
