0 0.68359375 0.3701171875 0.0171875 0.064453125
0 0.646875 0.376953125 0.01875 0.06640625
0 0.58203125 0.37109375 0.0171875 0.0546875
2 0.403125 0.3818359375 0.046875 0.044921875
2 0.42421875 0.3740234375 0.0265625 0.033203125
2 0.45703125 0.365234375 0.0140625 0.0234375
2 0.48203125 0.3759765625 0.0359375 0.037109375
2 0.553125 0.3759765625 0.034375 0.037109375
2 0.53671875 0.373046875 0.0265625 0.03125
11 0.29609375 0.173828125 0.0328125 0.0390625
9 0.4296875 0.1796875 0.0125 0.04296875
9 0.44375 0.1796875 0.015625 0.04296875
9 0.41484375 0.1796875 0.0140625 0.04296875
9 0.11875 0.1572265625 0.015625 0.048828125
9 0.10078125 0.1572265625 0.0171875 0.048828125
9 0.08203125 0.1572265625 0.0171875 0.048828125
2 0.33203125 0.3740234375 0.0265625 0.037109375
2 0.4953125 0.37109375 0.021875 0.03125
9 0.46796875 0.3125 0.0046875 0.01171875
3 0.29453125 0.3896484375 0.0203125 0.029296875
0 0.12265625 0.40234375 0.0265625 0.05078125
11 0.83203125 0.3115234375 0.0484375 0.056640625
11 0.8296875 0.2294921875 0.05 0.021484375
9 0.8453125 0.2607421875 0.021875 0.025390625
9 0.6390625 0.2880859375 0.009375 0.013671875
2 0.5109375 0.365234375 0.015625 0.01953125
9 0.81015625 0.259765625 0.0265625 0.0234375
0 0.9171875 0.421875 0.053125 0.07421875
0 0.10859375 0.38671875 0.0109375 0.03125
0 0.1453125 0.3779296875 0.0125 0.013671875
2 0.37578125 0.37109375 0.0234375 0.03125
11 0.63828125 0.3115234375 0.0203125 0.025390625
10 0.86484375 0.3876953125 0.0140625 0.033203125
2 0.196875 0.3955078125 0.05 0.041015625
3 0.1234375 0.4150390625 0.046875 0.044921875
0 0.7203125 0.37109375 0.015625 0.05859375
2 0.35 0.376953125 0.046875 0.046875
3 0.45234375 0.3720703125 0.0109375 0.021484375
0 0.4515625 0.3671875 0.009375 0.0234375
0 0.68359375 0.3701171875 0.0171875 0.064453125
0 0.646875 0.376953125 0.01875 0.06640625
0 0.58203125 0.37109375 0.0171875 0.0546875
2 0.403125 0.3818359375 0.046875 0.044921875
2 0.42421875 0.3740234375 0.0265625 0.033203125
2 0.45703125 0.365234375 0.0140625 0.0234375
2 0.48203125 0.3759765625 0.0359375 0.037109375
2 0.553125 0.3759765625 0.034375 0.037109375
2 0.53671875 0.373046875 0.0265625 0.03125
11 0.29609375 0.173828125 0.0328125 0.0390625
9 0.4296875 0.1796875 0.0125 0.04296875
9 0.44375 0.1796875 0.015625 0.04296875
9 0.41484375 0.1796875 0.0140625 0.04296875
9 0.11875 0.1572265625 0.015625 0.048828125
9 0.10078125 0.1572265625 0.0171875 0.048828125
9 0.08203125 0.1572265625 0.0171875 0.048828125
2 0.33203125 0.3740234375 0.0265625 0.037109375
2 0.4953125 0.37109375 0.021875 0.03125
9 0.46796875 0.3125 0.0046875 0.01171875
3 0.29453125 0.3896484375 0.0203125 0.029296875
0 0.12265625 0.40234375 0.0265625 0.05078125
11 0.83203125 0.3115234375 0.0484375 0.056640625
11 0.8296875 0.2294921875 0.05 0.021484375
9 0.8453125 0.2607421875 0.021875 0.025390625
9 0.6390625 0.2880859375 0.009375 0.013671875
2 0.5109375 0.365234375 0.015625 0.01953125
9 0.81015625 0.259765625 0.0265625 0.0234375
0 0.9171875 0.421875 0.053125 0.07421875
0 0.10859375 0.38671875 0.0109375 0.03125
0 0.1453125 0.3779296875 0.0125 0.013671875
2 0.37578125 0.37109375 0.0234375 0.03125
11 0.63828125 0.3115234375 0.0203125 0.025390625
10 0.86484375 0.3876953125 0.0140625 0.033203125
2 0.196875 0.3955078125 0.05 0.041015625
3 0.1234375 0.4150390625 0.046875 0.044921875
0 0.7203125 0.37109375 0.015625 0.05859375
2 0.35 0.376953125 0.046875 0.046875
3 0.45234375 0.3720703125 0.0109375 0.021484375
0 0.4515625 0.3671875 0.009375 0.0234375
