9 0.51875 0.36328125 0.00625 0.02734375
9 0.62265625 0.3623046875 0.0078125 0.025390625
11 0.67890625 0.37109375 0.0359375 0.015625
0 0.596875 0.478515625 0.009375 0.0390625
0 0.52734375 0.478515625 0.0109375 0.03515625
2 0.48984375 0.4755859375 0.0578125 0.037109375
2 0.42890625 0.482421875 0.0453125 0.0390625
2 0.39296875 0.5078125 0.0890625 0.08984375
2 0.34609375 0.5341796875 0.1234375 0.095703125
2 0.33359375 0.470703125 0.0546875 0.0390625
2 0.26640625 0.4892578125 0.0703125 0.064453125
2 0.15859375 0.572265625 0.2703125 0.23046875
2 0.071875 0.4931640625 0.090625 0.064453125
11 0.3453125 0.427734375 0.028125 0.0390625
9 0.79453125 0.3310546875 0.0109375 0.029296875
9 0.78046875 0.3349609375 0.0109375 0.029296875
9 0.71484375 0.41796875 0.0046875 0.01171875
11 0.82109375 0.3369140625 0.0109375 0.021484375
11 0.00859375 0.3466796875 0.0171875 0.044921875
9 0.51875 0.36328125 0.00625 0.02734375
9 0.62265625 0.3623046875 0.0078125 0.025390625
11 0.67890625 0.37109375 0.0359375 0.015625
0 0.596875 0.478515625 0.009375 0.0390625
0 0.52734375 0.478515625 0.0109375 0.03515625
2 0.48984375 0.4755859375 0.0578125 0.037109375
2 0.42890625 0.482421875 0.0453125 0.0390625
2 0.39296875 0.5078125 0.0890625 0.08984375
2 0.34609375 0.5341796875 0.1234375 0.095703125
2 0.33359375 0.470703125 0.0546875 0.0390625
2 0.26640625 0.4892578125 0.0703125 0.064453125
2 0.15859375 0.572265625 0.2703125 0.23046875
2 0.071875 0.4931640625 0.090625 0.064453125
11 0.3453125 0.427734375 0.028125 0.0390625
9 0.79453125 0.3310546875 0.0109375 0.029296875
9 0.78046875 0.3349609375 0.0109375 0.029296875
9 0.71484375 0.41796875 0.0046875 0.01171875
11 0.82109375 0.3369140625 0.0109375 0.021484375
11 0.00859375 0.3466796875 0.0171875 0.044921875
