0 0.7546875 0.431640625 0.0375 0.15234375
2 0.35546875 0.4140625 0.0765625 0.07421875
2 0.3953125 0.40234375 0.04375 0.0546875
2 0.45703125 0.3779296875 0.0140625 0.021484375
2 0.4796875 0.3994140625 0.046875 0.048828125
2 0.6234375 0.419921875 0.071875 0.078125
2 0.56640625 0.4033203125 0.0328125 0.048828125
2 0.49375 0.390625 0.03125 0.0390625
9 0.465625 0.3203125 0.00625 0.015625
2 0.51640625 0.3798828125 0.0203125 0.021484375
2 0.09453125 0.43359375 0.1484375 0.14453125
11 0.94765625 0.2841796875 0.0578125 0.072265625
9 0.978125 0.193359375 0.03125 0.0390625
9 0.4140625 0.322265625 0.00625 0.015625
2 0.590625 0.4111328125 0.04375 0.060546875
2 0.55 0.396484375 0.025 0.04296875
2 0.540625 0.388671875 0.025 0.03515625
2 0.440625 0.376953125 0.021875 0.02734375
2 0.32421875 0.3876953125 0.0359375 0.033203125
0 0.68828125 0.3916015625 0.0140625 0.048828125
2 0.240625 0.400390625 0.03125 0.03515625
0 0.01953125 0.4189453125 0.0171875 0.064453125
2 0.4125 0.3798828125 0.021875 0.029296875
0 0.28203125 0.39453125 0.0109375 0.0234375
2 0.2125 0.4052734375 0.04375 0.037109375
0 0.41484375 0.3828125 0.0109375 0.02734375
0 0.2390625 0.380859375 0.009375 0.01171875
2 0.1765625 0.41796875 0.025 0.0625
0 0.45234375 0.388671875 0.0078125 0.0234375
3 0.45234375 0.3935546875 0.0078125 0.017578125
3 0.43046875 0.39453125 0.0109375 0.01953125
0 0.43046875 0.3857421875 0.0109375 0.025390625
0 0.7546875 0.431640625 0.0375 0.15234375
2 0.35546875 0.4140625 0.0765625 0.07421875
2 0.3953125 0.40234375 0.04375 0.0546875
2 0.45703125 0.3779296875 0.0140625 0.021484375
2 0.4796875 0.3994140625 0.046875 0.048828125
2 0.6234375 0.419921875 0.071875 0.078125
2 0.56640625 0.4033203125 0.0328125 0.048828125
2 0.49375 0.390625 0.03125 0.0390625
9 0.465625 0.3203125 0.00625 0.015625
2 0.51640625 0.3798828125 0.0203125 0.021484375
2 0.09453125 0.43359375 0.1484375 0.14453125
11 0.94765625 0.2841796875 0.0578125 0.072265625
9 0.978125 0.193359375 0.03125 0.0390625
9 0.4140625 0.322265625 0.00625 0.015625
2 0.590625 0.4111328125 0.04375 0.060546875
2 0.55 0.396484375 0.025 0.04296875
2 0.540625 0.388671875 0.025 0.03515625
2 0.440625 0.376953125 0.021875 0.02734375
2 0.32421875 0.3876953125 0.0359375 0.033203125
0 0.68828125 0.3916015625 0.0140625 0.048828125
2 0.240625 0.400390625 0.03125 0.03515625
0 0.01953125 0.4189453125 0.0171875 0.064453125
2 0.4125 0.3798828125 0.021875 0.029296875
0 0.28203125 0.39453125 0.0109375 0.0234375
2 0.2125 0.4052734375 0.04375 0.037109375
0 0.41484375 0.3828125 0.0109375 0.02734375
0 0.2390625 0.380859375 0.009375 0.01171875
2 0.1765625 0.41796875 0.025 0.0625
0 0.45234375 0.388671875 0.0078125 0.0234375
3 0.45234375 0.3935546875 0.0078125 0.017578125
3 0.43046875 0.39453125 0.0109375 0.01953125
0 0.43046875 0.3857421875 0.0109375 0.025390625
