2 0.5 0.6279296875 0.034375 0.037109375
2 0.5375 0.630859375 0.015625 0.01953125
7 0.8046875 0.634765625 0.184375 0.16015625
7 0.68671875 0.6298828125 0.0546875 0.095703125
7 0.64609375 0.623046875 0.0359375 0.0625
7 0.59296875 0.625 0.0265625 0.04296875
7 0.61484375 0.625 0.0203125 0.04296875
2 0.5546875 0.6298828125 0.009375 0.009765625
2 0.5 0.6279296875 0.034375 0.037109375
2 0.5375 0.630859375 0.015625 0.01953125
7 0.8046875 0.634765625 0.184375 0.16015625
7 0.68671875 0.6298828125 0.0546875 0.095703125
7 0.64609375 0.623046875 0.0359375 0.0625
7 0.59296875 0.625 0.0265625 0.04296875
7 0.61484375 0.625 0.0203125 0.04296875
2 0.5546875 0.6298828125 0.009375 0.009765625
