2 0.4796875 0.623046875 0.05 0.046875
2 0.52890625 0.6259765625 0.0203125 0.021484375
7 0.8703125 0.6376953125 0.25625 0.220703125
7 0.71328125 0.623046875 0.0828125 0.109375
7 0.65078125 0.6171875 0.0453125 0.06640625
7 0.58828125 0.6181640625 0.0265625 0.044921875
7 0.61328125 0.6181640625 0.0234375 0.044921875
2 0.55 0.625 0.0125 0.01171875
2 0.4796875 0.623046875 0.05 0.046875
2 0.52890625 0.6259765625 0.0203125 0.021484375
7 0.8703125 0.6376953125 0.25625 0.220703125
7 0.71328125 0.623046875 0.0828125 0.109375
7 0.65078125 0.6171875 0.0453125 0.06640625
7 0.58828125 0.6181640625 0.0265625 0.044921875
7 0.61328125 0.6181640625 0.0234375 0.044921875
2 0.55 0.625 0.0125 0.01171875
