2 0.60078125 0.353515625 0.0421875 0.046875
2 0.540625 0.3564453125 0.03125 0.029296875
7 0.53046875 0.3408203125 0.0203125 0.029296875
7 0.50703125 0.34375 0.0109375 0.015625
2 0.4890625 0.3505859375 0.015625 0.017578125
2 0.1140625 0.37890625 0.053125 0.03515625
2 0.06640625 0.3720703125 0.0734375 0.064453125
2 0.2796875 0.3603515625 0.025 0.021484375
2 0.3265625 0.353515625 0.021875 0.01953125
2 0.35703125 0.3505859375 0.0109375 0.009765625
2 0.24140625 0.3623046875 0.0203125 0.017578125
2 0.36796875 0.349609375 0.0109375 0.0078125
2 0.30546875 0.3564453125 0.0171875 0.017578125
2 0.16015625 0.3662109375 0.0328125 0.029296875
2 0.34453125 0.353515625 0.0109375 0.01171875
2 0.37890625 0.3486328125 0.0078125 0.005859375
2 0.60078125 0.353515625 0.0421875 0.046875
2 0.540625 0.3564453125 0.03125 0.029296875
7 0.53046875 0.3408203125 0.0203125 0.029296875
7 0.50703125 0.34375 0.0109375 0.015625
2 0.4890625 0.3505859375 0.015625 0.017578125
2 0.1140625 0.37890625 0.053125 0.03515625
2 0.06640625 0.3720703125 0.0734375 0.064453125
2 0.2796875 0.3603515625 0.025 0.021484375
2 0.3265625 0.353515625 0.021875 0.01953125
2 0.35703125 0.3505859375 0.0109375 0.009765625
2 0.24140625 0.3623046875 0.0203125 0.017578125
2 0.36796875 0.349609375 0.0109375 0.0078125
2 0.30546875 0.3564453125 0.0171875 0.017578125
2 0.16015625 0.3662109375 0.0328125 0.029296875
2 0.34453125 0.353515625 0.0109375 0.01171875
2 0.37890625 0.3486328125 0.0078125 0.005859375
