2 0.58984375 0.3564453125 0.0390625 0.044921875
2 0.53828125 0.361328125 0.0296875 0.02734375
7 0.53359375 0.33984375 0.0203125 0.03125
7 0.51484375 0.3447265625 0.0109375 0.017578125
2 0.48359375 0.3505859375 0.0171875 0.017578125
2 0.0203125 0.375 0.040625 0.03515625
2 0.13125 0.3681640625 0.0375 0.021484375
2 0.22578125 0.359375 0.0265625 0.015625
2 0.27265625 0.35546875 0.0109375 0.0078125
2 0.29765625 0.353515625 0.0140625 0.0078125
2 0.50390625 0.349609375 0.0078125 0.0078125
2 0.25703125 0.35546875 0.0109375 0.0078125
2 0.58984375 0.3564453125 0.0390625 0.044921875
2 0.53828125 0.361328125 0.0296875 0.02734375
7 0.53359375 0.33984375 0.0203125 0.03125
7 0.51484375 0.3447265625 0.0109375 0.017578125
2 0.48359375 0.3505859375 0.0171875 0.017578125
2 0.0203125 0.375 0.040625 0.03515625
2 0.13125 0.3681640625 0.0375 0.021484375
2 0.22578125 0.359375 0.0265625 0.015625
2 0.27265625 0.35546875 0.0109375 0.0078125
2 0.29765625 0.353515625 0.0140625 0.0078125
2 0.50390625 0.349609375 0.0078125 0.0078125
2 0.25703125 0.35546875 0.0109375 0.0078125
