2 0.9125 0.5400390625 0.171875 0.333984375
2 0.72734375 0.484375 0.0734375 0.12890625
2 0.6546875 0.4443359375 0.0375 0.037109375
2 0.57734375 0.443359375 0.0109375 0.01171875
2 0.54765625 0.439453125 0.0109375 0.01171875
2 0.521875 0.4404296875 0.01875 0.021484375
0 0.49453125 0.44140625 0.0078125 0.02734375
2 0.30859375 0.4541015625 0.0203125 0.021484375
2 0.28515625 0.45703125 0.0171875 0.01953125
9 0.52109375 0.3232421875 0.0078125 0.029296875
9 0.5953125 0.3193359375 0.009375 0.029296875
11 0.54296875 0.3134765625 0.0140625 0.021484375
11 0.6578125 0.330078125 0.0375 0.015625
11 0.32578125 0.349609375 0.0171875 0.0234375
9 0.31640625 0.388671875 0.0078125 0.0078125
9 0.340625 0.3876953125 0.00625 0.005859375
0 0.45234375 0.458984375 0.0140625 0.05078125
0 0.26171875 0.46875 0.0328125 0.078125
0 0.2421875 0.470703125 0.01875 0.08203125
9 0.2828125 0.291015625 0.009375 0.03515625
9 0.31953125 0.3115234375 0.0078125 0.021484375
2 0.79765625 0.4970703125 0.1265625 0.169921875
2 0.196875 0.470703125 0.046875 0.03515625
2 0.359375 0.45703125 0.025 0.02734375
2 0.15 0.4765625 0.053125 0.04296875
11 0.32734375 0.3984375 0.0234375 0.0078125
2 0.296875 0.4560546875 0.01875 0.021484375
0 0.078125 0.4736328125 0.009375 0.044921875
0 0.203125 0.4736328125 0.025 0.072265625
0 0.071875 0.478515625 0.01875 0.0546875
0 0.13046875 0.458984375 0.0109375 0.03125
2 0.9125 0.5400390625 0.171875 0.333984375
2 0.72734375 0.484375 0.0734375 0.12890625
2 0.6546875 0.4443359375 0.0375 0.037109375
2 0.57734375 0.443359375 0.0109375 0.01171875
2 0.54765625 0.439453125 0.0109375 0.01171875
2 0.521875 0.4404296875 0.01875 0.021484375
0 0.49453125 0.44140625 0.0078125 0.02734375
2 0.30859375 0.4541015625 0.0203125 0.021484375
2 0.28515625 0.45703125 0.0171875 0.01953125
9 0.52109375 0.3232421875 0.0078125 0.029296875
9 0.5953125 0.3193359375 0.009375 0.029296875
11 0.54296875 0.3134765625 0.0140625 0.021484375
11 0.6578125 0.330078125 0.0375 0.015625
11 0.32578125 0.349609375 0.0171875 0.0234375
9 0.31640625 0.388671875 0.0078125 0.0078125
9 0.340625 0.3876953125 0.00625 0.005859375
0 0.45234375 0.458984375 0.0140625 0.05078125
0 0.26171875 0.46875 0.0328125 0.078125
0 0.2421875 0.470703125 0.01875 0.08203125
9 0.2828125 0.291015625 0.009375 0.03515625
9 0.31953125 0.3115234375 0.0078125 0.021484375
2 0.79765625 0.4970703125 0.1265625 0.169921875
2 0.196875 0.470703125 0.046875 0.03515625
2 0.359375 0.45703125 0.025 0.02734375
2 0.15 0.4765625 0.053125 0.04296875
11 0.32734375 0.3984375 0.0234375 0.0078125
2 0.296875 0.4560546875 0.01875 0.021484375
0 0.078125 0.4736328125 0.009375 0.044921875
0 0.203125 0.4736328125 0.025 0.072265625
0 0.071875 0.478515625 0.01875 0.0546875
0 0.13046875 0.458984375 0.0109375 0.03125
