2 0.58828125 0.349609375 0.0390625 0.04296875
2 0.53515625 0.353515625 0.0296875 0.02734375
7 0.5359375 0.330078125 0.01875 0.0234375
7 0.51640625 0.3388671875 0.0109375 0.017578125
2 0.48515625 0.345703125 0.0171875 0.01953125
2 0.14296875 0.361328125 0.0203125 0.015625
2 0.175 0.359375 0.028125 0.015625
2 0.503125 0.34375 0.009375 0.0078125
2 0.1234375 0.365234375 0.025 0.015625
2 0.25859375 0.3544921875 0.0171875 0.013671875
2 0.30859375 0.3486328125 0.0109375 0.009765625
7 0.3359375 0.33984375 0.025 0.0234375
2 0.36328125 0.345703125 0.0078125 0.0078125
2 0.37421875 0.34375 0.0078125 0.0078125
2 0.20234375 0.3564453125 0.0203125 0.013671875
2 0.58828125 0.349609375 0.0390625 0.04296875
2 0.53515625 0.353515625 0.0296875 0.02734375
7 0.5359375 0.330078125 0.01875 0.0234375
7 0.51640625 0.3388671875 0.0109375 0.017578125
2 0.48515625 0.345703125 0.0171875 0.01953125
2 0.14296875 0.361328125 0.0203125 0.015625
2 0.175 0.359375 0.028125 0.015625
2 0.503125 0.34375 0.009375 0.0078125
2 0.1234375 0.365234375 0.025 0.015625
2 0.25859375 0.3544921875 0.0171875 0.013671875
2 0.30859375 0.3486328125 0.0109375 0.009765625
7 0.3359375 0.33984375 0.025 0.0234375
2 0.36328125 0.345703125 0.0078125 0.0078125
2 0.37421875 0.34375 0.0078125 0.0078125
2 0.20234375 0.3564453125 0.0203125 0.013671875
