9 0.48828125 0.298828125 0.0109375 0.03515625
9 0.63671875 0.298828125 0.0109375 0.0390625
11 0.71796875 0.3115234375 0.0515625 0.021484375
0 0.6 0.466796875 0.015625 0.0546875
2 0.45234375 0.462890625 0.0765625 0.0546875
2 0.3625 0.462890625 0.065625 0.03515625
2 0.12421875 0.5771484375 0.2484375 0.255859375
2 0.23359375 0.4619140625 0.0703125 0.060546875
11 0.07734375 0.3720703125 0.0484375 0.080078125
9 0.93828125 0.224609375 0.0203125 0.0546875
9 0.90078125 0.2412109375 0.0203125 0.048828125
9 0.76953125 0.3798828125 0.0078125 0.013671875
11 0.99140625 0.2294921875 0.0140625 0.041015625
2 0.31875 0.4638671875 0.04375 0.033203125
2 0.91015625 0.6845703125 0.1765625 0.357421875
0 0.27890625 0.44140625 0.0078125 0.01171875
10 0.57890625 0.4765625 0.0109375 0.03125
2 0.28515625 0.462890625 0.0296875 0.02734375
9 0.009375 0.3544921875 0.01875 0.044921875
9 0.19609375 0.3994140625 0.0078125 0.013671875
9 0.1421875 0.3017578125 0.015625 0.033203125
9 0.11484375 0.291015625 0.0140625 0.0390625
11 0.1828125 0.3310546875 0.01875 0.017578125
11 0.19375 0.369140625 0.015625 0.03515625
2 0.184375 0.45703125 0.034375 0.02734375
9 0.48828125 0.298828125 0.0109375 0.03515625
9 0.63671875 0.298828125 0.0109375 0.0390625
11 0.71796875 0.3115234375 0.0515625 0.021484375
0 0.6 0.466796875 0.015625 0.0546875
2 0.45234375 0.462890625 0.0765625 0.0546875
2 0.3625 0.462890625 0.065625 0.03515625
2 0.12421875 0.5771484375 0.2484375 0.255859375
2 0.23359375 0.4619140625 0.0703125 0.060546875
11 0.07734375 0.3720703125 0.0484375 0.080078125
9 0.93828125 0.224609375 0.0203125 0.0546875
9 0.90078125 0.2412109375 0.0203125 0.048828125
9 0.76953125 0.3798828125 0.0078125 0.013671875
11 0.99140625 0.2294921875 0.0140625 0.041015625
2 0.31875 0.4638671875 0.04375 0.033203125
2 0.91015625 0.6845703125 0.1765625 0.357421875
0 0.27890625 0.44140625 0.0078125 0.01171875
10 0.57890625 0.4765625 0.0109375 0.03125
2 0.28515625 0.462890625 0.0296875 0.02734375
9 0.009375 0.3544921875 0.01875 0.044921875
9 0.19609375 0.3994140625 0.0078125 0.013671875
9 0.1421875 0.3017578125 0.015625 0.033203125
9 0.11484375 0.291015625 0.0140625 0.0390625
11 0.1828125 0.3310546875 0.01875 0.017578125
11 0.19375 0.369140625 0.015625 0.03515625
2 0.184375 0.45703125 0.034375 0.02734375
