9 0.51171875 0.3388671875 0.0078125 0.029296875
9 0.62578125 0.3359375 0.0078125 0.02734375
11 0.6890625 0.345703125 0.040625 0.015625
0 0.59921875 0.466796875 0.0109375 0.04296875
0 0.5140625 0.4658203125 0.009375 0.037109375
2 0.48125 0.4658203125 0.0625 0.041015625
2 0.40546875 0.47265625 0.0546875 0.04296875
2 0.3515625 0.513671875 0.109375 0.109375
2 0.26953125 0.5546875 0.1796875 0.12890625
2 0.30625 0.4638671875 0.053125 0.044921875
2 0.18203125 0.4912109375 0.1203125 0.080078125
2 0.059375 0.6357421875 0.11875 0.267578125
11 0.29453125 0.416015625 0.0328125 0.046875
9 0.82734375 0.2958984375 0.0140625 0.037109375
9 0.8078125 0.3017578125 0.0125 0.037109375
9 0.72890625 0.400390625 0.0046875 0.01171875
11 0.86171875 0.298828125 0.0203125 0.03125
11 0.109375 0.380859375 0.03125 0.0546875
11 0.18515625 0.42578125 0.0109375 0.01171875
9 0.19765625 0.3974609375 0.0109375 0.025390625
2 0.15 0.5048828125 0.09375 0.072265625
9 0.178125 0.3974609375 0.0125 0.037109375
2 0.14609375 0.517578125 0.0546875 0.0625
2 0.046875 0.515625 0.09375 0.11328125
2 0.26171875 0.46875 0.0296875 0.03515625
9 0.51171875 0.3388671875 0.0078125 0.029296875
9 0.62578125 0.3359375 0.0078125 0.02734375
11 0.6890625 0.345703125 0.040625 0.015625
0 0.59921875 0.466796875 0.0109375 0.04296875
0 0.5140625 0.4658203125 0.009375 0.037109375
2 0.48125 0.4658203125 0.0625 0.041015625
2 0.40546875 0.47265625 0.0546875 0.04296875
2 0.3515625 0.513671875 0.109375 0.109375
2 0.26953125 0.5546875 0.1796875 0.12890625
2 0.30625 0.4638671875 0.053125 0.044921875
2 0.18203125 0.4912109375 0.1203125 0.080078125
2 0.059375 0.6357421875 0.11875 0.267578125
11 0.29453125 0.416015625 0.0328125 0.046875
9 0.82734375 0.2958984375 0.0140625 0.037109375
9 0.8078125 0.3017578125 0.0125 0.037109375
9 0.72890625 0.400390625 0.0046875 0.01171875
11 0.86171875 0.298828125 0.0203125 0.03125
11 0.109375 0.380859375 0.03125 0.0546875
11 0.18515625 0.42578125 0.0109375 0.01171875
9 0.19765625 0.3974609375 0.0109375 0.025390625
2 0.15 0.5048828125 0.09375 0.072265625
9 0.178125 0.3974609375 0.0125 0.037109375
2 0.14609375 0.517578125 0.0546875 0.0625
2 0.046875 0.515625 0.09375 0.11328125
2 0.26171875 0.46875 0.0296875 0.03515625
