2 0.8640625 0.4619140625 0.26875 0.244140625
2 0.26171875 0.4228515625 0.1390625 0.119140625
2 0.553125 0.3662109375 0.0375 0.037109375
2 0.49375 0.4033203125 0.1 0.095703125
2 0.39921875 0.373046875 0.0546875 0.05078125
2 0.31640625 0.373046875 0.0546875 0.05859375
2 0.2296875 0.3720703125 0.046875 0.037109375
2 0.453125 0.3515625 0.01875 0.01953125
2 0.35390625 0.365234375 0.0265625 0.03125
3 0.45234375 0.361328125 0.0078125 0.01953125
0 0.453125 0.3544921875 0.009375 0.021484375
0 0.42421875 0.3544921875 0.0078125 0.017578125
3 0.42421875 0.361328125 0.0078125 0.015625
9 0.44765625 0.1962890625 0.0078125 0.041015625
9 0.4296875 0.1943359375 0.0125 0.041015625
9 0.41484375 0.197265625 0.0109375 0.0390625
0 0.721875 0.3681640625 0.01875 0.060546875
0 0.7546875 0.3798828125 0.021875 0.068359375
0 0.74296875 0.3662109375 0.0140625 0.056640625
9 0.25078125 0.22265625 0.0109375 0.03125
9 0.26640625 0.2236328125 0.0109375 0.033203125
9 0.23984375 0.22265625 0.0109375 0.03125
0 0.1953125 0.365234375 0.009375 0.02734375
0 0.17109375 0.3798828125 0.0140625 0.021484375
0 0.5671875 0.349609375 0.009375 0.01953125
2 0.53671875 0.359375 0.0296875 0.03515625
11 0.18671875 0.3369140625 0.0078125 0.009765625
11 0.18671875 0.3505859375 0.0078125 0.009765625
2 0.434375 0.35546875 0.0125 0.015625
0 0.271875 0.35546875 0.009375 0.015625
2 0.37734375 0.357421875 0.0140625 0.015625
11 0.8171875 0.265625 0.04375 0.01953125
11 0.8296875 0.2470703125 0.084375 0.017578125
11 0.82890625 0.2294921875 0.0859375 0.017578125
11 0.82734375 0.2060546875 0.0859375 0.021484375
2 0.8640625 0.4619140625 0.26875 0.244140625
2 0.26171875 0.4228515625 0.1390625 0.119140625
2 0.553125 0.3662109375 0.0375 0.037109375
2 0.49375 0.4033203125 0.1 0.095703125
2 0.39921875 0.373046875 0.0546875 0.05078125
2 0.31640625 0.373046875 0.0546875 0.05859375
2 0.2296875 0.3720703125 0.046875 0.037109375
2 0.453125 0.3515625 0.01875 0.01953125
2 0.35390625 0.365234375 0.0265625 0.03125
3 0.45234375 0.361328125 0.0078125 0.01953125
0 0.453125 0.3544921875 0.009375 0.021484375
0 0.42421875 0.3544921875 0.0078125 0.017578125
3 0.42421875 0.361328125 0.0078125 0.015625
9 0.44765625 0.1962890625 0.0078125 0.041015625
9 0.4296875 0.1943359375 0.0125 0.041015625
9 0.41484375 0.197265625 0.0109375 0.0390625
0 0.721875 0.3681640625 0.01875 0.060546875
0 0.7546875 0.3798828125 0.021875 0.068359375
0 0.74296875 0.3662109375 0.0140625 0.056640625
9 0.25078125 0.22265625 0.0109375 0.03125
9 0.26640625 0.2236328125 0.0109375 0.033203125
9 0.23984375 0.22265625 0.0109375 0.03125
0 0.1953125 0.365234375 0.009375 0.02734375
0 0.17109375 0.3798828125 0.0140625 0.021484375
0 0.5671875 0.349609375 0.009375 0.01953125
2 0.53671875 0.359375 0.0296875 0.03515625
11 0.18671875 0.3369140625 0.0078125 0.009765625
11 0.18671875 0.3505859375 0.0078125 0.009765625
2 0.434375 0.35546875 0.0125 0.015625
0 0.271875 0.35546875 0.009375 0.015625
2 0.37734375 0.357421875 0.0140625 0.015625
11 0.8171875 0.265625 0.04375 0.01953125
11 0.8296875 0.2470703125 0.084375 0.017578125
11 0.82890625 0.2294921875 0.0859375 0.017578125
11 0.82734375 0.2060546875 0.0859375 0.021484375
