2 0.38671875 0.3974609375 0.0734375 0.072265625
2 0.92890625 0.5498046875 0.1390625 0.259765625
2 0.45390625 0.3818359375 0.0453125 0.041015625
0 0.66953125 0.3720703125 0.0171875 0.056640625
2 0.475 0.359375 0.009375 0.01171875
2 0.5203125 0.369140625 0.021875 0.0234375
2 0.48671875 0.3583984375 0.0109375 0.013671875
0 0.69375 0.375 0.01875 0.05078125
0 0.94375 0.3837890625 0.015625 0.044921875
2 0.5046875 0.359375 0.009375 0.01171875
9 0.44296875 0.302734375 0.0078125 0.01953125
9 0.40234375 0.3046875 0.0078125 0.01953125
11 0.15546875 0.435546875 0.0140625 0.078125
11 0.96015625 0.1953125 0.0765625 0.015625
11 0.96015625 0.21484375 0.0765625 0.015625
11 0.959375 0.234375 0.078125 0.015625
11 0.94921875 0.2529296875 0.0546875 0.013671875
11 0.3609375 0.3076171875 0.015625 0.017578125
2 0.3265625 0.3740234375 0.01875 0.025390625
2 0.41328125 0.3603515625 0.0109375 0.013671875
2 0.3125 0.376953125 0.015625 0.02734375
2 0.3 0.3798828125 0.01875 0.029296875
2 0.2828125 0.3818359375 0.025 0.029296875
2 0.1109375 0.4248046875 0.14375 0.119140625
2 0.2578125 0.3857421875 0.021875 0.029296875
2 0.23828125 0.3876953125 0.0265625 0.033203125
0 0.00390625 0.3955078125 0.0078125 0.052734375
2 0.2046875 0.3896484375 0.05625 0.044921875
0 0.89609375 0.3916015625 0.0265625 0.107421875
2 0.4359375 0.3623046875 0.0125 0.013671875
0 0.184375 0.373046875 0.009375 0.01953125
0 0.596875 0.3642578125 0.009375 0.021484375
9 0.453125 0.310546875 0.00625 0.015625
9 0.4765625 0.3125 0.00625 0.015625
9 0.5046875 0.310546875 0.00625 0.015625
2 0.38671875 0.3974609375 0.0734375 0.072265625
2 0.92890625 0.5498046875 0.1390625 0.259765625
2 0.45390625 0.3818359375 0.0453125 0.041015625
0 0.66953125 0.3720703125 0.0171875 0.056640625
2 0.475 0.359375 0.009375 0.01171875
2 0.5203125 0.369140625 0.021875 0.0234375
2 0.48671875 0.3583984375 0.0109375 0.013671875
0 0.69375 0.375 0.01875 0.05078125
0 0.94375 0.3837890625 0.015625 0.044921875
2 0.5046875 0.359375 0.009375 0.01171875
9 0.44296875 0.302734375 0.0078125 0.01953125
9 0.40234375 0.3046875 0.0078125 0.01953125
11 0.15546875 0.435546875 0.0140625 0.078125
11 0.96015625 0.1953125 0.0765625 0.015625
11 0.96015625 0.21484375 0.0765625 0.015625
11 0.959375 0.234375 0.078125 0.015625
11 0.94921875 0.2529296875 0.0546875 0.013671875
11 0.3609375 0.3076171875 0.015625 0.017578125
2 0.3265625 0.3740234375 0.01875 0.025390625
2 0.41328125 0.3603515625 0.0109375 0.013671875
2 0.3125 0.376953125 0.015625 0.02734375
2 0.3 0.3798828125 0.01875 0.029296875
2 0.2828125 0.3818359375 0.025 0.029296875
2 0.1109375 0.4248046875 0.14375 0.119140625
2 0.2578125 0.3857421875 0.021875 0.029296875
2 0.23828125 0.3876953125 0.0265625 0.033203125
0 0.00390625 0.3955078125 0.0078125 0.052734375
2 0.2046875 0.3896484375 0.05625 0.044921875
0 0.89609375 0.3916015625 0.0265625 0.107421875
2 0.4359375 0.3623046875 0.0125 0.013671875
0 0.184375 0.373046875 0.009375 0.01953125
0 0.596875 0.3642578125 0.009375 0.021484375
9 0.453125 0.310546875 0.00625 0.015625
9 0.4765625 0.3125 0.00625 0.015625
9 0.5046875 0.310546875 0.00625 0.015625
