2 0.853125 0.4521484375 0.290625 0.259765625
2 0.61171875 0.359375 0.0453125 0.05078125
2 0.54375 0.3623046875 0.03125 0.029296875
7 0.52890625 0.3447265625 0.0171875 0.029296875
7 0.503125 0.3447265625 0.009375 0.009765625
2 0.50546875 0.3525390625 0.0109375 0.009765625
2 0.49140625 0.3564453125 0.0171875 0.021484375
2 0.1796875 0.37109375 0.040625 0.03515625
7 0.0171875 0.3662109375 0.034375 0.083984375
2 0.353125 0.357421875 0.0125 0.01171875
2 0.32265625 0.3564453125 0.0234375 0.021484375
2 0.2796875 0.36328125 0.025 0.01953125
2 0.0921875 0.3828125 0.04375 0.03515625
2 0.37890625 0.353515625 0.0078125 0.0078125
2 0.3875 0.3544921875 0.009375 0.009765625
7 0.3 0.345703125 0.0375 0.03515625
2 0.36640625 0.3515625 0.0109375 0.01171875
2 0.39921875 0.353515625 0.0078125 0.0078125
2 0.853125 0.4521484375 0.290625 0.259765625
2 0.61171875 0.359375 0.0453125 0.05078125
2 0.54375 0.3623046875 0.03125 0.029296875
7 0.52890625 0.3447265625 0.0171875 0.029296875
7 0.503125 0.3447265625 0.009375 0.009765625
2 0.50546875 0.3525390625 0.0109375 0.009765625
2 0.49140625 0.3564453125 0.0171875 0.021484375
2 0.1796875 0.37109375 0.040625 0.03515625
7 0.0171875 0.3662109375 0.034375 0.083984375
2 0.353125 0.357421875 0.0125 0.01171875
2 0.32265625 0.3564453125 0.0234375 0.021484375
2 0.2796875 0.36328125 0.025 0.01953125
2 0.0921875 0.3828125 0.04375 0.03515625
2 0.37890625 0.353515625 0.0078125 0.0078125
2 0.3875 0.3544921875 0.009375 0.009765625
7 0.3 0.345703125 0.0375 0.03515625
2 0.36640625 0.3515625 0.0109375 0.01171875
2 0.39921875 0.353515625 0.0078125 0.0078125
