2 0.590625 0.3564453125 0.040625 0.044921875
2 0.53828125 0.361328125 0.0296875 0.02734375
7 0.53125 0.341796875 0.01875 0.03125
7 0.51484375 0.3447265625 0.0109375 0.017578125
2 0.4828125 0.3525390625 0.015625 0.017578125
2 0.15 0.3642578125 0.034375 0.021484375
2 0.2203125 0.359375 0.025 0.015625
2 0.03203125 0.3916015625 0.0609375 0.044921875
2 0.2859375 0.35546875 0.015625 0.01171875
2 0.3109375 0.35546875 0.009375 0.0078125
2 0.3328125 0.3525390625 0.009375 0.005859375
2 0.50390625 0.349609375 0.0078125 0.0078125
2 0.590625 0.3564453125 0.040625 0.044921875
2 0.53828125 0.361328125 0.0296875 0.02734375
7 0.53125 0.341796875 0.01875 0.03125
7 0.51484375 0.3447265625 0.0109375 0.017578125
2 0.4828125 0.3525390625 0.015625 0.017578125
2 0.15 0.3642578125 0.034375 0.021484375
2 0.2203125 0.359375 0.025 0.015625
2 0.03203125 0.3916015625 0.0609375 0.044921875
2 0.2859375 0.35546875 0.015625 0.01171875
2 0.3109375 0.35546875 0.009375 0.0078125
2 0.3328125 0.3525390625 0.009375 0.005859375
2 0.50390625 0.349609375 0.0078125 0.0078125
