2 0.71640625 0.404296875 0.1671875 0.15625
2 0.61484375 0.3583984375 0.0515625 0.056640625
2 0.53984375 0.3583984375 0.0328125 0.029296875
7 0.52578125 0.341796875 0.0171875 0.02734375
7 0.5 0.33984375 0.009375 0.01171875
2 0.50390625 0.3486328125 0.0109375 0.009765625
2 0.490625 0.3515625 0.01875 0.01953125
7 0.2765625 0.345703125 0.05 0.04296875
2 0.25 0.3623046875 0.028125 0.021484375
2 0.296875 0.3564453125 0.021875 0.017578125
2 0.35234375 0.3505859375 0.0171875 0.017578125
2 0.38359375 0.3486328125 0.0109375 0.009765625
2 0.39765625 0.349609375 0.0078125 0.0078125
7 0.32421875 0.3427734375 0.0265625 0.029296875
2 0.33046875 0.3525390625 0.0171875 0.013671875
2 0.4125 0.3466796875 0.009375 0.009765625
2 0.37109375 0.349609375 0.0109375 0.01171875
2 0.71640625 0.404296875 0.1671875 0.15625
2 0.61484375 0.3583984375 0.0515625 0.056640625
2 0.53984375 0.3583984375 0.0328125 0.029296875
7 0.52578125 0.341796875 0.0171875 0.02734375
7 0.5 0.33984375 0.009375 0.01171875
2 0.50390625 0.3486328125 0.0109375 0.009765625
2 0.490625 0.3515625 0.01875 0.01953125
7 0.2765625 0.345703125 0.05 0.04296875
2 0.25 0.3623046875 0.028125 0.021484375
2 0.296875 0.3564453125 0.021875 0.017578125
2 0.35234375 0.3505859375 0.0171875 0.017578125
2 0.38359375 0.3486328125 0.0109375 0.009765625
2 0.39765625 0.349609375 0.0078125 0.0078125
7 0.32421875 0.3427734375 0.0265625 0.029296875
2 0.33046875 0.3525390625 0.0171875 0.013671875
2 0.4125 0.3466796875 0.009375 0.009765625
2 0.37109375 0.349609375 0.0109375 0.01171875
