0 0.9390625 0.4169921875 0.03125 0.146484375
0 0.86640625 0.4248046875 0.0328125 0.150390625
0 0.68359375 0.3994140625 0.0296875 0.119140625
2 0.37265625 0.392578125 0.0640625 0.06640625
2 0.409375 0.3837890625 0.03125 0.048828125
2 0.46015625 0.3642578125 0.0171875 0.021484375
2 0.48125 0.3837890625 0.04375 0.044921875
2 0.603125 0.400390625 0.05625 0.0625
2 0.55625 0.3857421875 0.025 0.044921875
0 0.98046875 0.4208984375 0.0265625 0.123046875
2 0.4984375 0.376953125 0.025 0.03515625
2 0.06953125 0.4375 0.1390625 0.15625
9 0.4671875 0.3046875 0.00625 0.015625
2 0.51796875 0.3681640625 0.0171875 0.021484375
2 0.23359375 0.392578125 0.0859375 0.08984375
11 0.821875 0.29296875 0.040625 0.0546875
9 0.8296875 0.2275390625 0.025 0.029296875
9 0.415625 0.306640625 0.00625 0.015625
2 0.58046875 0.392578125 0.0421875 0.0546875
2 0.54375 0.3798828125 0.021875 0.041015625
0 0.92734375 0.416015625 0.0234375 0.13671875
0 0.84921875 0.4228515625 0.0296875 0.142578125
2 0.534375 0.3740234375 0.015625 0.033203125
2 0.1890625 0.388671875 0.05 0.0703125
2 0.44140625 0.3681640625 0.0234375 0.029296875
2 0.31796875 0.37109375 0.0546875 0.03125
0 0.66875 0.3759765625 0.0125 0.044921875
3 0.4515625 0.3779296875 0.009375 0.021484375
3 0.43125 0.3798828125 0.009375 0.021484375
0 0.45234375 0.3720703125 0.0109375 0.025390625
0 0.43125 0.3720703125 0.009375 0.025390625
0 0.9390625 0.4169921875 0.03125 0.146484375
0 0.86640625 0.4248046875 0.0328125 0.150390625
0 0.68359375 0.3994140625 0.0296875 0.119140625
2 0.37265625 0.392578125 0.0640625 0.06640625
2 0.409375 0.3837890625 0.03125 0.048828125
2 0.46015625 0.3642578125 0.0171875 0.021484375
2 0.48125 0.3837890625 0.04375 0.044921875
2 0.603125 0.400390625 0.05625 0.0625
2 0.55625 0.3857421875 0.025 0.044921875
0 0.98046875 0.4208984375 0.0265625 0.123046875
2 0.4984375 0.376953125 0.025 0.03515625
2 0.06953125 0.4375 0.1390625 0.15625
9 0.4671875 0.3046875 0.00625 0.015625
2 0.51796875 0.3681640625 0.0171875 0.021484375
2 0.23359375 0.392578125 0.0859375 0.08984375
11 0.821875 0.29296875 0.040625 0.0546875
9 0.8296875 0.2275390625 0.025 0.029296875
9 0.415625 0.306640625 0.00625 0.015625
2 0.58046875 0.392578125 0.0421875 0.0546875
2 0.54375 0.3798828125 0.021875 0.041015625
0 0.92734375 0.416015625 0.0234375 0.13671875
0 0.84921875 0.4228515625 0.0296875 0.142578125
2 0.534375 0.3740234375 0.015625 0.033203125
2 0.1890625 0.388671875 0.05 0.0703125
2 0.44140625 0.3681640625 0.0234375 0.029296875
2 0.31796875 0.37109375 0.0546875 0.03125
0 0.66875 0.3759765625 0.0125 0.044921875
3 0.4515625 0.3779296875 0.009375 0.021484375
3 0.43125 0.3798828125 0.009375 0.021484375
0 0.45234375 0.3720703125 0.0109375 0.025390625
0 0.43125 0.3720703125 0.009375 0.025390625
