2 0.97109375 0.5771484375 0.0546875 0.291015625
2 0.603125 0.3583984375 0.04375 0.048828125
2 0.540625 0.3603515625 0.03125 0.029296875
7 0.53046875 0.34375 0.0203125 0.03125
7 0.50546875 0.3466796875 0.0140625 0.017578125
2 0.48984375 0.35546875 0.0171875 0.01953125
2 0.20703125 0.3701171875 0.0265625 0.025390625
2 0.1734375 0.3642578125 0.046875 0.048828125
2 0.315625 0.361328125 0.015625 0.015625
2 0.3484375 0.3544921875 0.01875 0.017578125
2 0.37109375 0.35546875 0.0078125 0.0078125
2 0.278125 0.3623046875 0.015625 0.013671875
2 0.38203125 0.353515625 0.0078125 0.0078125
2 0.32890625 0.35546875 0.0109375 0.01171875
2 0.22265625 0.36328125 0.0234375 0.0234375
2 0.97109375 0.5771484375 0.0546875 0.291015625
2 0.603125 0.3583984375 0.04375 0.048828125
2 0.540625 0.3603515625 0.03125 0.029296875
7 0.53046875 0.34375 0.0203125 0.03125
7 0.50546875 0.3466796875 0.0140625 0.017578125
2 0.48984375 0.35546875 0.0171875 0.01953125
2 0.20703125 0.3701171875 0.0265625 0.025390625
2 0.1734375 0.3642578125 0.046875 0.048828125
2 0.315625 0.361328125 0.015625 0.015625
2 0.3484375 0.3544921875 0.01875 0.017578125
2 0.37109375 0.35546875 0.0078125 0.0078125
2 0.278125 0.3623046875 0.015625 0.013671875
2 0.38203125 0.353515625 0.0078125 0.0078125
2 0.32890625 0.35546875 0.0109375 0.01171875
2 0.22265625 0.36328125 0.0234375 0.0234375
