2 0.6953125 0.451171875 0.05 0.046875
2 0.58671875 0.4453125 0.0109375 0.01171875
2 0.5203125 0.4482421875 0.025 0.017578125
0 0.4890625 0.447265625 0.009375 0.03125
9 0.5078125 0.2705078125 0.0125 0.048828125
9 0.625 0.263671875 0.0125 0.046875
11 0.54296875 0.255859375 0.0203125 0.03125
11 0.721875 0.2822265625 0.059375 0.025390625
11 0.19765625 0.306640625 0.0265625 0.03515625
9 0.1828125 0.3681640625 0.009375 0.009765625
9 0.22578125 0.3671875 0.0109375 0.01171875
0 0.66796875 0.4765625 0.0296875 0.078125
0 0.08046875 0.548828125 0.0546875 0.20703125
0 0.03046875 0.548828125 0.0578125 0.2109375
9 0.06484375 0.1826171875 0.0234375 0.068359375
9 0.17109375 0.234375 0.0140625 0.046875
11 0.20234375 0.3857421875 0.0390625 0.013671875
0 0.01796875 0.5244140625 0.0359375 0.169921875
11 0.765625 0.330078125 0.021875 0.03515625
0 0.89140625 0.47265625 0.0265625 0.0859375
2 0.3828125 0.458984375 0.021875 0.02734375
0 0.85703125 0.4482421875 0.0234375 0.064453125
2 0.8625 0.427734375 0.040625 0.0234375
2 0.8328125 0.4326171875 0.01875 0.017578125
2 0.284375 0.474609375 0.103125 0.0625
2 0.33203125 0.4609375 0.0296875 0.03515625
2 0.11484375 0.4833984375 0.0421875 0.037109375
2 0.15 0.4814453125 0.03125 0.041015625
2 0.2203125 0.4697265625 0.028125 0.041015625
2 0.04921875 0.486328125 0.0421875 0.04296875
2 0.6953125 0.451171875 0.05 0.046875
2 0.58671875 0.4453125 0.0109375 0.01171875
2 0.5203125 0.4482421875 0.025 0.017578125
0 0.4890625 0.447265625 0.009375 0.03125
9 0.5078125 0.2705078125 0.0125 0.048828125
9 0.625 0.263671875 0.0125 0.046875
11 0.54296875 0.255859375 0.0203125 0.03125
11 0.721875 0.2822265625 0.059375 0.025390625
11 0.19765625 0.306640625 0.0265625 0.03515625
9 0.1828125 0.3681640625 0.009375 0.009765625
9 0.22578125 0.3671875 0.0109375 0.01171875
0 0.66796875 0.4765625 0.0296875 0.078125
0 0.08046875 0.548828125 0.0546875 0.20703125
0 0.03046875 0.548828125 0.0578125 0.2109375
9 0.06484375 0.1826171875 0.0234375 0.068359375
9 0.17109375 0.234375 0.0140625 0.046875
11 0.20234375 0.3857421875 0.0390625 0.013671875
0 0.01796875 0.5244140625 0.0359375 0.169921875
11 0.765625 0.330078125 0.021875 0.03515625
0 0.89140625 0.47265625 0.0265625 0.0859375
2 0.3828125 0.458984375 0.021875 0.02734375
0 0.85703125 0.4482421875 0.0234375 0.064453125
2 0.8625 0.427734375 0.040625 0.0234375
2 0.8328125 0.4326171875 0.01875 0.017578125
2 0.284375 0.474609375 0.103125 0.0625
2 0.33203125 0.4609375 0.0296875 0.03515625
2 0.11484375 0.4833984375 0.0421875 0.037109375
2 0.15 0.4814453125 0.03125 0.041015625
2 0.2203125 0.4697265625 0.028125 0.041015625
2 0.04921875 0.486328125 0.0421875 0.04296875
