9 0.48828125 0.298828125 0.0109375 0.03515625
9 0.63671875 0.298828125 0.0109375 0.0390625
11 0.71640625 0.3115234375 0.0515625 0.021484375
0 0.6 0.4658203125 0.015625 0.052734375
2 0.45390625 0.4619140625 0.0765625 0.052734375
2 0.36484375 0.4619140625 0.0640625 0.037109375
2 0.13046875 0.5693359375 0.2609375 0.240234375
2 0.025 0.7060546875 0.05 0.177734375
2 0.23828125 0.4599609375 0.0703125 0.056640625
11 0.08984375 0.3740234375 0.0484375 0.080078125
9 0.93359375 0.2265625 0.0203125 0.0546875
9 0.89609375 0.2451171875 0.0203125 0.048828125
9 0.76796875 0.3798828125 0.0078125 0.013671875
11 0.9875 0.228515625 0.021875 0.04296875
2 0.3203125 0.4619140625 0.04375 0.033203125
2 0.9140625 0.6865234375 0.16875 0.353515625
0 0.28203125 0.44140625 0.0078125 0.01171875
10 0.57890625 0.474609375 0.0109375 0.03125
2 0.28671875 0.4609375 0.0296875 0.02734375
9 0.0140625 0.3544921875 0.025 0.041015625
9 0.20078125 0.3994140625 0.0078125 0.013671875
9 0.153125 0.3037109375 0.015625 0.033203125
9 0.12109375 0.291015625 0.0140625 0.0390625
11 0.1859375 0.3330078125 0.01875 0.017578125
11 0.1984375 0.369140625 0.015625 0.03515625
2 0.1875 0.455078125 0.034375 0.02734375
9 0.48828125 0.298828125 0.0109375 0.03515625
9 0.63671875 0.298828125 0.0109375 0.0390625
11 0.71640625 0.3115234375 0.0515625 0.021484375
0 0.6 0.4658203125 0.015625 0.052734375
2 0.45390625 0.4619140625 0.0765625 0.052734375
2 0.36484375 0.4619140625 0.0640625 0.037109375
2 0.13046875 0.5693359375 0.2609375 0.240234375
2 0.025 0.7060546875 0.05 0.177734375
2 0.23828125 0.4599609375 0.0703125 0.056640625
11 0.08984375 0.3740234375 0.0484375 0.080078125
9 0.93359375 0.2265625 0.0203125 0.0546875
9 0.89609375 0.2451171875 0.0203125 0.048828125
9 0.76796875 0.3798828125 0.0078125 0.013671875
11 0.9875 0.228515625 0.021875 0.04296875
2 0.3203125 0.4619140625 0.04375 0.033203125
2 0.9140625 0.6865234375 0.16875 0.353515625
0 0.28203125 0.44140625 0.0078125 0.01171875
10 0.57890625 0.474609375 0.0109375 0.03125
2 0.28671875 0.4609375 0.0296875 0.02734375
9 0.0140625 0.3544921875 0.025 0.041015625
9 0.20078125 0.3994140625 0.0078125 0.013671875
9 0.153125 0.3037109375 0.015625 0.033203125
9 0.12109375 0.291015625 0.0140625 0.0390625
11 0.1859375 0.3330078125 0.01875 0.017578125
11 0.1984375 0.369140625 0.015625 0.03515625
2 0.1875 0.455078125 0.034375 0.02734375
