0 0.9875 0.46875 0.021875 0.296875
2 0.32265625 0.3916015625 0.0984375 0.087890625
2 0.384375 0.3662109375 0.053125 0.052734375
2 0.47734375 0.369140625 0.0515625 0.0546875
2 0.67265625 0.3994140625 0.1109375 0.107421875
2 0.58671875 0.3759765625 0.0453125 0.060546875
2 0.49296875 0.359375 0.0328125 0.04296875
9 0.4625 0.2744140625 0.00625 0.017578125
2 0.5234375 0.3515625 0.01875 0.0234375
3 0.4515625 0.35546875 0.009375 0.01953125
0 0.4515625 0.3486328125 0.009375 0.025390625
9 0.41171875 0.283203125 0.0046875 0.01171875
3 0.4296875 0.3603515625 0.009375 0.021484375
2 0.62265625 0.3896484375 0.0640625 0.080078125
2 0.56015625 0.3662109375 0.0296875 0.044921875
2 0.54921875 0.357421875 0.0328125 0.04296875
2 0.44375 0.3427734375 0.025 0.029296875
2 0.3171875 0.3427734375 0.025 0.009765625
0 0.72109375 0.359375 0.0171875 0.0546875
2 0.20546875 0.37109375 0.0390625 0.0390625
2 0.403125 0.3466796875 0.01875 0.025390625
0 0.25703125 0.36328125 0.0140625 0.0234375
2 0.1671875 0.380859375 0.05625 0.04296875
0 0.415625 0.3505859375 0.009375 0.025390625
0 0.2109375 0.349609375 0.009375 0.01171875
3 0.225 0.3681640625 0.015625 0.033203125
3 0.23046875 0.3681640625 0.0140625 0.033203125
0 0.11796875 0.3583984375 0.0109375 0.025390625
3 0.41640625 0.3603515625 0.0109375 0.021484375
0 0.2921875 0.34765625 0.00625 0.01171875
0 0.2984375 0.341796875 0.00625 0.01171875
2 0.56796875 0.373046875 0.0265625 0.046875
9 0.45703125 0.2744140625 0.0046875 0.017578125
9 0.46796875 0.2744140625 0.0046875 0.017578125
1 0.97734375 0.501953125 0.0328125 0.1484375
0 0.4296875 0.3525390625 0.009375 0.029296875
2 0.51171875 0.3544921875 0.0171875 0.029296875
0 0.9875 0.46875 0.021875 0.296875
2 0.32265625 0.3916015625 0.0984375 0.087890625
2 0.384375 0.3662109375 0.053125 0.052734375
2 0.47734375 0.369140625 0.0515625 0.0546875
2 0.67265625 0.3994140625 0.1109375 0.107421875
2 0.58671875 0.3759765625 0.0453125 0.060546875
2 0.49296875 0.359375 0.0328125 0.04296875
9 0.4625 0.2744140625 0.00625 0.017578125
2 0.5234375 0.3515625 0.01875 0.0234375
3 0.4515625 0.35546875 0.009375 0.01953125
0 0.4515625 0.3486328125 0.009375 0.025390625
9 0.41171875 0.283203125 0.0046875 0.01171875
3 0.4296875 0.3603515625 0.009375 0.021484375
2 0.62265625 0.3896484375 0.0640625 0.080078125
2 0.56015625 0.3662109375 0.0296875 0.044921875
2 0.54921875 0.357421875 0.0328125 0.04296875
2 0.44375 0.3427734375 0.025 0.029296875
2 0.3171875 0.3427734375 0.025 0.009765625
0 0.72109375 0.359375 0.0171875 0.0546875
2 0.20546875 0.37109375 0.0390625 0.0390625
2 0.403125 0.3466796875 0.01875 0.025390625
0 0.25703125 0.36328125 0.0140625 0.0234375
2 0.1671875 0.380859375 0.05625 0.04296875
0 0.415625 0.3505859375 0.009375 0.025390625
0 0.2109375 0.349609375 0.009375 0.01171875
3 0.225 0.3681640625 0.015625 0.033203125
3 0.23046875 0.3681640625 0.0140625 0.033203125
0 0.11796875 0.3583984375 0.0109375 0.025390625
3 0.41640625 0.3603515625 0.0109375 0.021484375
0 0.2921875 0.34765625 0.00625 0.01171875
0 0.2984375 0.341796875 0.00625 0.01171875
2 0.56796875 0.373046875 0.0265625 0.046875
9 0.45703125 0.2744140625 0.0046875 0.017578125
9 0.46796875 0.2744140625 0.0046875 0.017578125
1 0.97734375 0.501953125 0.0328125 0.1484375
0 0.4296875 0.3525390625 0.009375 0.029296875
2 0.51171875 0.3544921875 0.0171875 0.029296875
