2 0.52421875 0.6142578125 0.0234375 0.029296875
2 0.54609375 0.6181640625 0.0109375 0.013671875
7 0.7234375 0.6142578125 0.10625 0.111328125
7 0.65703125 0.611328125 0.0296875 0.0703125
7 0.6328125 0.609375 0.021875 0.05078125
7 0.59296875 0.611328125 0.0234375 0.0390625
7 0.61484375 0.6123046875 0.0171875 0.041015625
2 0.52421875 0.6142578125 0.0234375 0.029296875
2 0.54609375 0.6181640625 0.0109375 0.013671875
7 0.7234375 0.6142578125 0.10625 0.111328125
7 0.65703125 0.611328125 0.0296875 0.0703125
7 0.6328125 0.609375 0.021875 0.05078125
7 0.59296875 0.611328125 0.0234375 0.0390625
7 0.61484375 0.6123046875 0.0171875 0.041015625
