2 0.51640625 0.630859375 0.0203125 0.0234375
2 0.52578125 0.6240234375 0.0171875 0.021484375
2 0.53984375 0.6181640625 0.0078125 0.009765625
2 0.54765625 0.6142578125 0.0078125 0.009765625
78 0.86484375 0.6328125 0.0796875 0.1953125
78 0.934375 0.59765625 0.128125 0.58984375
2 0.51640625 0.630859375 0.0203125 0.0234375
2 0.52578125 0.6240234375 0.0171875 0.021484375
2 0.53984375 0.6181640625 0.0078125 0.009765625
2 0.54765625 0.6142578125 0.0078125 0.009765625
78 0.86484375 0.6328125 0.0796875 0.1953125
78 0.934375 0.59765625 0.128125 0.58984375
