2 0.91640625 0.4697265625 0.1640625 0.302734375
2 0.6078125 0.35546875 0.04375 0.05078125
2 0.54375 0.359375 0.03125 0.02734375
7 0.5328125 0.341796875 0.01875 0.03125
7 0.50546875 0.34375 0.0109375 0.015625
2 0.49140625 0.353515625 0.0171875 0.01953125
2 0.19375 0.3701171875 0.0375 0.029296875
2 0.02734375 0.3798828125 0.0546875 0.056640625
2 0.31015625 0.357421875 0.0171875 0.015625
7 0.0359375 0.33984375 0.071875 0.0625
2 0.2828125 0.3525390625 0.028125 0.029296875
2 0.36171875 0.353515625 0.0140625 0.01171875
2 0.3796875 0.3505859375 0.0125 0.013671875
2 0.39609375 0.349609375 0.0078125 0.0078125
2 0.328125 0.35546875 0.0125 0.01171875
2 0.91640625 0.4697265625 0.1640625 0.302734375
2 0.6078125 0.35546875 0.04375 0.05078125
2 0.54375 0.359375 0.03125 0.02734375
7 0.5328125 0.341796875 0.01875 0.03125
7 0.50546875 0.34375 0.0109375 0.015625
2 0.49140625 0.353515625 0.0171875 0.01953125
2 0.19375 0.3701171875 0.0375 0.029296875
2 0.02734375 0.3798828125 0.0546875 0.056640625
2 0.31015625 0.357421875 0.0171875 0.015625
7 0.0359375 0.33984375 0.071875 0.0625
2 0.2828125 0.3525390625 0.028125 0.029296875
2 0.36171875 0.353515625 0.0140625 0.01171875
2 0.3796875 0.3505859375 0.0125 0.013671875
2 0.39609375 0.349609375 0.0078125 0.0078125
2 0.328125 0.35546875 0.0125 0.01171875
