2 0.9234375 0.5087890625 0.15 0.298828125
2 0.29140625 0.41015625 0.1203125 0.10546875
2 0.56015625 0.37109375 0.0390625 0.04296875
2 0.5015625 0.4140625 0.121875 0.11328125
2 0.4015625 0.37109375 0.053125 0.05078125
2 0.29921875 0.3525390625 0.0546875 0.021484375
2 0.2109375 0.376953125 0.053125 0.05078125
2 0.45390625 0.3544921875 0.0203125 0.021484375
2 0.33203125 0.3671875 0.0203125 0.03515625
3 0.4546875 0.36328125 0.009375 0.01953125
0 0.4546875 0.3564453125 0.009375 0.021484375
0 0.42734375 0.3544921875 0.0078125 0.017578125
3 0.42734375 0.359375 0.0078125 0.015625
9 0.44140625 0.171875 0.0140625 0.046875
9 0.4234375 0.1728515625 0.015625 0.048828125
9 0.40703125 0.1728515625 0.0140625 0.048828125
0 0.759375 0.373046875 0.021875 0.07421875
0 0.7828125 0.3720703125 0.021875 0.072265625
9 0.22421875 0.2080078125 0.0109375 0.037109375
9 0.2421875 0.2060546875 0.0125 0.037109375
9 0.2125 0.2060546875 0.0125 0.037109375
0 0.17890625 0.3681640625 0.0078125 0.033203125
0 0.1453125 0.376953125 0.015625 0.03125
0 0.571875 0.3486328125 0.009375 0.021484375
2 0.54453125 0.3583984375 0.0296875 0.037109375
11 0.16484375 0.3349609375 0.0078125 0.009765625
11 0.16484375 0.3486328125 0.0078125 0.009765625
2 0.43359375 0.3544921875 0.0140625 0.017578125
0 0.2609375 0.353515625 0.009375 0.01953125
2 0.37421875 0.3583984375 0.0171875 0.017578125
11 0.896875 0.26953125 0.05625 0.0234375
11 0.9171875 0.2451171875 0.096875 0.021484375
11 0.91796875 0.2177734375 0.0984375 0.021484375
11 0.9171875 0.19140625 0.1 0.0234375
2 0.4953125 0.3525390625 0.025 0.013671875
2 0.521875 0.353515625 0.015625 0.015625
0 0.246875 0.361328125 0.009375 0.02734375
0 0.2578125 0.3544921875 0.009375 0.017578125
0 0.1640625 0.37109375 0.009375 0.03515625
2 0.46953125 0.3525390625 0.0140625 0.017578125
0 0.23828125 0.357421875 0.0078125 0.01953125
0 0.359375 0.3564453125 0.009375 0.021484375
0 0.8078125 0.3916015625 0.021875 0.080078125
2 0.9234375 0.5087890625 0.15 0.298828125
2 0.29140625 0.41015625 0.1203125 0.10546875
2 0.56015625 0.37109375 0.0390625 0.04296875
2 0.5015625 0.4140625 0.121875 0.11328125
2 0.4015625 0.37109375 0.053125 0.05078125
2 0.29921875 0.3525390625 0.0546875 0.021484375
2 0.2109375 0.376953125 0.053125 0.05078125
2 0.45390625 0.3544921875 0.0203125 0.021484375
2 0.33203125 0.3671875 0.0203125 0.03515625
3 0.4546875 0.36328125 0.009375 0.01953125
0 0.4546875 0.3564453125 0.009375 0.021484375
0 0.42734375 0.3544921875 0.0078125 0.017578125
3 0.42734375 0.359375 0.0078125 0.015625
9 0.44140625 0.171875 0.0140625 0.046875
9 0.4234375 0.1728515625 0.015625 0.048828125
9 0.40703125 0.1728515625 0.0140625 0.048828125
0 0.759375 0.373046875 0.021875 0.07421875
0 0.7828125 0.3720703125 0.021875 0.072265625
9 0.22421875 0.2080078125 0.0109375 0.037109375
9 0.2421875 0.2060546875 0.0125 0.037109375
9 0.2125 0.2060546875 0.0125 0.037109375
0 0.17890625 0.3681640625 0.0078125 0.033203125
0 0.1453125 0.376953125 0.015625 0.03125
0 0.571875 0.3486328125 0.009375 0.021484375
2 0.54453125 0.3583984375 0.0296875 0.037109375
11 0.16484375 0.3349609375 0.0078125 0.009765625
11 0.16484375 0.3486328125 0.0078125 0.009765625
2 0.43359375 0.3544921875 0.0140625 0.017578125
0 0.2609375 0.353515625 0.009375 0.01953125
2 0.37421875 0.3583984375 0.0171875 0.017578125
11 0.896875 0.26953125 0.05625 0.0234375
11 0.9171875 0.2451171875 0.096875 0.021484375
11 0.91796875 0.2177734375 0.0984375 0.021484375
11 0.9171875 0.19140625 0.1 0.0234375
2 0.4953125 0.3525390625 0.025 0.013671875
2 0.521875 0.353515625 0.015625 0.015625
0 0.246875 0.361328125 0.009375 0.02734375
0 0.2578125 0.3544921875 0.009375 0.017578125
0 0.1640625 0.37109375 0.009375 0.03515625
2 0.46953125 0.3525390625 0.0140625 0.017578125
0 0.23828125 0.357421875 0.0078125 0.01953125
0 0.359375 0.3564453125 0.009375 0.021484375
0 0.8078125 0.3916015625 0.021875 0.080078125
