2 0.83984375 0.521484375 0.1703125 0.1953125
2 0.665625 0.44140625 0.040625 0.03515625
2 0.57578125 0.44140625 0.0109375 0.01171875
2 0.51640625 0.4384765625 0.0234375 0.021484375
0 0.4890625 0.4326171875 0.00625 0.013671875
9 0.5125 0.3017578125 0.009375 0.037109375
9 0.6 0.294921875 0.009375 0.03515625
11 0.53984375 0.2890625 0.0140625 0.0234375
11 0.675 0.3095703125 0.04375 0.017578125
11 0.28046875 0.326171875 0.0203125 0.0234375
9 0.26796875 0.375 0.0078125 0.0078125
9 0.29765625 0.375 0.0078125 0.0078125
0 0.49375 0.458984375 0.01875 0.05859375
0 0.24453125 0.4775390625 0.0359375 0.107421875
0 0.21484375 0.4775390625 0.0296875 0.107421875
9 0.2171875 0.2626953125 0.009375 0.025390625
9 0.2671875 0.27734375 0.0125 0.0390625
2 0.92890625 0.5712890625 0.1390625 0.310546875
2 0.30859375 0.4609375 0.0328125 0.03515625
11 0.28125 0.3896484375 0.028125 0.009765625
0 0.1359375 0.48046875 0.034375 0.09375
0 0.0875 0.44921875 0.0125 0.015625
2 0.17890625 0.47265625 0.0328125 0.03515625
2 0.36875 0.451171875 0.015625 0.015625
2 0.0890625 0.4794921875 0.06875 0.044921875
11 0.98828125 0.3056640625 0.0203125 0.041015625
11 0.85546875 0.3701171875 0.0296875 0.033203125
11 0.8546875 0.33984375 0.04375 0.0234375
9 0.8140625 0.3203125 0.01875 0.015625
9 0.85 0.318359375 0.021875 0.015625
11 0.7078125 0.3466796875 0.015625 0.029296875
2 0.40859375 0.4423828125 0.0203125 0.021484375
2 0.1453125 0.474609375 0.046875 0.04296875
2 0.83984375 0.521484375 0.1703125 0.1953125
2 0.665625 0.44140625 0.040625 0.03515625
2 0.57578125 0.44140625 0.0109375 0.01171875
2 0.51640625 0.4384765625 0.0234375 0.021484375
0 0.4890625 0.4326171875 0.00625 0.013671875
9 0.5125 0.3017578125 0.009375 0.037109375
9 0.6 0.294921875 0.009375 0.03515625
11 0.53984375 0.2890625 0.0140625 0.0234375
11 0.675 0.3095703125 0.04375 0.017578125
11 0.28046875 0.326171875 0.0203125 0.0234375
9 0.26796875 0.375 0.0078125 0.0078125
9 0.29765625 0.375 0.0078125 0.0078125
0 0.49375 0.458984375 0.01875 0.05859375
0 0.24453125 0.4775390625 0.0359375 0.107421875
0 0.21484375 0.4775390625 0.0296875 0.107421875
9 0.2171875 0.2626953125 0.009375 0.025390625
9 0.2671875 0.27734375 0.0125 0.0390625
2 0.92890625 0.5712890625 0.1390625 0.310546875
2 0.30859375 0.4609375 0.0328125 0.03515625
11 0.28125 0.3896484375 0.028125 0.009765625
0 0.1359375 0.48046875 0.034375 0.09375
0 0.0875 0.44921875 0.0125 0.015625
2 0.17890625 0.47265625 0.0328125 0.03515625
2 0.36875 0.451171875 0.015625 0.015625
2 0.0890625 0.4794921875 0.06875 0.044921875
11 0.98828125 0.3056640625 0.0203125 0.041015625
11 0.85546875 0.3701171875 0.0296875 0.033203125
11 0.8546875 0.33984375 0.04375 0.0234375
9 0.8140625 0.3203125 0.01875 0.015625
9 0.85 0.318359375 0.021875 0.015625
11 0.7078125 0.3466796875 0.015625 0.029296875
2 0.40859375 0.4423828125 0.0203125 0.021484375
2 0.1453125 0.474609375 0.046875 0.04296875
