2 0.396875 0.3857421875 0.071875 0.068359375
2 0.7078125 0.416015625 0.128125 0.109375
2 0.19921875 0.3798828125 0.0984375 0.087890625
2 0.3296875 0.376953125 0.05625 0.0546875
2 0.45078125 0.3681640625 0.0453125 0.041015625
0 0.12265625 0.375 0.0109375 0.04296875
2 0.47890625 0.3544921875 0.0140625 0.017578125
2 0.92109375 0.5478515625 0.1546875 0.287109375
0 0.115625 0.3759765625 0.009375 0.041015625
0 0.61953125 0.3623046875 0.0109375 0.044921875
2 0.49453125 0.3544921875 0.0109375 0.013671875
2 0.5375 0.36328125 0.021875 0.0234375
2 0.509375 0.353515625 0.0125 0.015625
0 0.64140625 0.3662109375 0.0140625 0.044921875
0 0.7484375 0.353515625 0.0125 0.03125
0 0.771875 0.37109375 0.021875 0.0625
3 0.80625 0.4697265625 0.146875 0.111328125
3 0.740625 0.4501953125 0.103125 0.099609375
2 0.3 0.37109375 0.0125 0.02734375
2 0.27578125 0.373046875 0.0421875 0.0390625
2 0.521875 0.353515625 0.009375 0.01171875
0 0.975 0.3720703125 0.034375 0.064453125
9 0.46640625 0.2998046875 0.0078125 0.017578125
9 0.43046875 0.30078125 0.0078125 0.01953125
11 0.3125 0.3896484375 0.009375 0.025390625
11 0.75 0.2548828125 0.059375 0.013671875
11 0.75 0.267578125 0.059375 0.01171875
11 0.75 0.28125 0.059375 0.01171875
11 0.7390625 0.294921875 0.0375 0.01171875
11 0.390625 0.302734375 0.0125 0.015625
2 0.3640625 0.359375 0.0125 0.01953125
2 0.396875 0.3857421875 0.071875 0.068359375
2 0.7078125 0.416015625 0.128125 0.109375
2 0.19921875 0.3798828125 0.0984375 0.087890625
2 0.3296875 0.376953125 0.05625 0.0546875
2 0.45078125 0.3681640625 0.0453125 0.041015625
0 0.12265625 0.375 0.0109375 0.04296875
2 0.47890625 0.3544921875 0.0140625 0.017578125
2 0.92109375 0.5478515625 0.1546875 0.287109375
0 0.115625 0.3759765625 0.009375 0.041015625
0 0.61953125 0.3623046875 0.0109375 0.044921875
2 0.49453125 0.3544921875 0.0109375 0.013671875
2 0.5375 0.36328125 0.021875 0.0234375
2 0.509375 0.353515625 0.0125 0.015625
0 0.64140625 0.3662109375 0.0140625 0.044921875
0 0.7484375 0.353515625 0.0125 0.03125
0 0.771875 0.37109375 0.021875 0.0625
3 0.80625 0.4697265625 0.146875 0.111328125
3 0.740625 0.4501953125 0.103125 0.099609375
2 0.3 0.37109375 0.0125 0.02734375
2 0.27578125 0.373046875 0.0421875 0.0390625
2 0.521875 0.353515625 0.009375 0.01171875
0 0.975 0.3720703125 0.034375 0.064453125
9 0.46640625 0.2998046875 0.0078125 0.017578125
9 0.43046875 0.30078125 0.0078125 0.01953125
11 0.3125 0.3896484375 0.009375 0.025390625
11 0.75 0.2548828125 0.059375 0.013671875
11 0.75 0.267578125 0.059375 0.01171875
11 0.75 0.28125 0.059375 0.01171875
11 0.7390625 0.294921875 0.0375 0.01171875
11 0.390625 0.302734375 0.0125 0.015625
2 0.3640625 0.359375 0.0125 0.01953125
