9 0.4765625 0.23828125 0.015625 0.05078125
9 0.68125 0.2333984375 0.015625 0.052734375
11 0.7953125 0.251953125 0.071875 0.03125
0 0.63203125 0.46875 0.0203125 0.07421875
2 0.440625 0.462890625 0.1 0.06640625
2 0.33359375 0.4638671875 0.0765625 0.044921875
2 0.1609375 0.46484375 0.084375 0.078125
9 0.865625 0.34765625 0.0125 0.01953125
2 0.28671875 0.462890625 0.0484375 0.0390625
2 0.9640625 0.6796875 0.06875 0.2265625
0 0.240625 0.4404296875 0.009375 0.013671875
10 0.60390625 0.482421875 0.0140625 0.04296875
2 0.24609375 0.4609375 0.0453125 0.03515625
9 0.09921875 0.3857421875 0.0109375 0.017578125
9 0.00546875 0.251953125 0.0109375 0.0546875
11 0.0765625 0.2978515625 0.034375 0.033203125
11 0.096875 0.3486328125 0.01875 0.052734375
2 0.10390625 0.4677734375 0.0296875 0.041015625
11 0.42890625 0.41015625 0.0078125 0.015625
2 0.215625 0.4609375 0.03125 0.03515625
2 0.08125 0.4697265625 0.028125 0.044921875
2 0.065625 0.470703125 0.015625 0.0390625
10 0.11328125 0.4912109375 0.0109375 0.037109375
9 0.4765625 0.23828125 0.015625 0.05078125
9 0.68125 0.2333984375 0.015625 0.052734375
11 0.7953125 0.251953125 0.071875 0.03125
0 0.63203125 0.46875 0.0203125 0.07421875
2 0.440625 0.462890625 0.1 0.06640625
2 0.33359375 0.4638671875 0.0765625 0.044921875
2 0.1609375 0.46484375 0.084375 0.078125
9 0.865625 0.34765625 0.0125 0.01953125
2 0.28671875 0.462890625 0.0484375 0.0390625
2 0.9640625 0.6796875 0.06875 0.2265625
0 0.240625 0.4404296875 0.009375 0.013671875
10 0.60390625 0.482421875 0.0140625 0.04296875
2 0.24609375 0.4609375 0.0453125 0.03515625
9 0.09921875 0.3857421875 0.0109375 0.017578125
9 0.00546875 0.251953125 0.0109375 0.0546875
11 0.0765625 0.2978515625 0.034375 0.033203125
11 0.096875 0.3486328125 0.01875 0.052734375
2 0.10390625 0.4677734375 0.0296875 0.041015625
11 0.42890625 0.41015625 0.0078125 0.015625
2 0.215625 0.4609375 0.03125 0.03515625
2 0.08125 0.4697265625 0.028125 0.044921875
2 0.065625 0.470703125 0.015625 0.0390625
10 0.11328125 0.4912109375 0.0109375 0.037109375
