9 0.47421875 0.28125 0.0109375 0.04296875
9 0.64375 0.2783203125 0.0125 0.044921875
11 0.7359375 0.2939453125 0.059375 0.025390625
0 0.60234375 0.4716796875 0.0171875 0.060546875
2 0.43828125 0.4658203125 0.0859375 0.060546875
2 0.34140625 0.4658203125 0.0703125 0.041015625
2 0.034375 0.6630859375 0.06875 0.216796875
2 0.19609375 0.4658203125 0.0796875 0.068359375
9 0.959375 0.2060546875 0.021875 0.060546875
9 0.7921875 0.373046875 0.009375 0.015625
2 0.296875 0.4658203125 0.046875 0.037109375
2 0.896875 0.6826171875 0.203125 0.345703125
0 0.253125 0.4443359375 0.009375 0.013671875
10 0.57890625 0.4833984375 0.0109375 0.033203125
2 0.26015625 0.4638671875 0.0390625 0.033203125
9 0.15078125 0.396484375 0.0078125 0.015625
9 0.08671875 0.2841796875 0.0140625 0.033203125
9 0.04609375 0.26953125 0.0140625 0.04296875
11 0.1359375 0.3203125 0.025 0.0234375
11 0.1484375 0.3623046875 0.015625 0.037109375
2 0.1453125 0.4619140625 0.0375 0.041015625
11 0.428125 0.419921875 0.00625 0.01171875
9 0.47421875 0.28125 0.0109375 0.04296875
9 0.64375 0.2783203125 0.0125 0.044921875
11 0.7359375 0.2939453125 0.059375 0.025390625
0 0.60234375 0.4716796875 0.0171875 0.060546875
2 0.43828125 0.4658203125 0.0859375 0.060546875
2 0.34140625 0.4658203125 0.0703125 0.041015625
2 0.034375 0.6630859375 0.06875 0.216796875
2 0.19609375 0.4658203125 0.0796875 0.068359375
9 0.959375 0.2060546875 0.021875 0.060546875
9 0.7921875 0.373046875 0.009375 0.015625
2 0.296875 0.4658203125 0.046875 0.037109375
2 0.896875 0.6826171875 0.203125 0.345703125
0 0.253125 0.4443359375 0.009375 0.013671875
10 0.57890625 0.4833984375 0.0109375 0.033203125
2 0.26015625 0.4638671875 0.0390625 0.033203125
9 0.15078125 0.396484375 0.0078125 0.015625
9 0.08671875 0.2841796875 0.0140625 0.033203125
9 0.04609375 0.26953125 0.0140625 0.04296875
11 0.1359375 0.3203125 0.025 0.0234375
11 0.1484375 0.3623046875 0.015625 0.037109375
2 0.1453125 0.4619140625 0.0375 0.041015625
11 0.428125 0.419921875 0.00625 0.01171875
