2 0.58515625 0.359375 0.0390625 0.04296875
2 0.53125 0.36328125 0.028125 0.02734375
7 0.53828125 0.341796875 0.0171875 0.0234375
7 0.51484375 0.3505859375 0.0109375 0.017578125
2 0.4875 0.359375 0.015625 0.01953125
2 0.5015625 0.35546875 0.009375 0.0078125
7 0.1203125 0.359375 0.096875 0.0625
2 0.1890625 0.3671875 0.028125 0.01953125
2 0.2203125 0.3642578125 0.03125 0.021484375
2 0.29609375 0.359375 0.0203125 0.015625
2 0.32890625 0.357421875 0.0171875 0.015625
2 0.34765625 0.3564453125 0.0109375 0.009765625
2 0.371875 0.35546875 0.0125 0.01171875
2 0.39609375 0.357421875 0.0140625 0.01171875
2 0.26484375 0.365234375 0.0171875 0.01171875
2 0.58515625 0.359375 0.0390625 0.04296875
2 0.53125 0.36328125 0.028125 0.02734375
7 0.53828125 0.341796875 0.0171875 0.0234375
7 0.51484375 0.3505859375 0.0109375 0.017578125
2 0.4875 0.359375 0.015625 0.01953125
2 0.5015625 0.35546875 0.009375 0.0078125
7 0.1203125 0.359375 0.096875 0.0625
2 0.1890625 0.3671875 0.028125 0.01953125
2 0.2203125 0.3642578125 0.03125 0.021484375
2 0.29609375 0.359375 0.0203125 0.015625
2 0.32890625 0.357421875 0.0171875 0.015625
2 0.34765625 0.3564453125 0.0109375 0.009765625
2 0.371875 0.35546875 0.0125 0.01171875
2 0.39609375 0.357421875 0.0140625 0.01171875
2 0.26484375 0.365234375 0.0171875 0.01171875
