2 0.85546875 0.4541015625 0.2859375 0.267578125
2 0.61171875 0.3544921875 0.0453125 0.048828125
2 0.54375 0.3583984375 0.03125 0.029296875
7 0.53046875 0.3408203125 0.0171875 0.029296875
7 0.503125 0.3408203125 0.009375 0.009765625
2 0.50546875 0.3486328125 0.0109375 0.009765625
2 0.49140625 0.353515625 0.0171875 0.01953125
2 0.159375 0.369140625 0.05 0.0390625
2 0.34921875 0.3525390625 0.0140625 0.013671875
2 0.31875 0.3525390625 0.021875 0.021484375
2 0.26796875 0.3603515625 0.0265625 0.021484375
2 0.06171875 0.3798828125 0.0484375 0.041015625
2 0.37578125 0.3515625 0.0078125 0.0078125
2 0.38515625 0.3515625 0.0078125 0.0078125
7 0.2921875 0.345703125 0.0375 0.0390625
2 0.36484375 0.349609375 0.0109375 0.01171875
2 0.3984375 0.3505859375 0.009375 0.009765625
2 0.85546875 0.4541015625 0.2859375 0.267578125
2 0.61171875 0.3544921875 0.0453125 0.048828125
2 0.54375 0.3583984375 0.03125 0.029296875
7 0.53046875 0.3408203125 0.0171875 0.029296875
7 0.503125 0.3408203125 0.009375 0.009765625
2 0.50546875 0.3486328125 0.0109375 0.009765625
2 0.49140625 0.353515625 0.0171875 0.01953125
2 0.159375 0.369140625 0.05 0.0390625
2 0.34921875 0.3525390625 0.0140625 0.013671875
2 0.31875 0.3525390625 0.021875 0.021484375
2 0.26796875 0.3603515625 0.0265625 0.021484375
2 0.06171875 0.3798828125 0.0484375 0.041015625
2 0.37578125 0.3515625 0.0078125 0.0078125
2 0.38515625 0.3515625 0.0078125 0.0078125
7 0.2921875 0.345703125 0.0375 0.0390625
2 0.36484375 0.349609375 0.0109375 0.01171875
2 0.3984375 0.3505859375 0.009375 0.009765625
