2 0.9796875 0.6181640625 0.0375 0.232421875
2 0.3125 0.404296875 0.109375 0.09765625
2 0.5609375 0.369140625 0.040625 0.04296875
2 0.5046875 0.4248046875 0.1375 0.134765625
2 0.40390625 0.3701171875 0.0515625 0.048828125
2 0.28125 0.376953125 0.071875 0.07421875
2 0.2015625 0.376953125 0.0625 0.05078125
2 0.4546875 0.3515625 0.01875 0.0234375
3 0.4546875 0.359375 0.009375 0.01953125
0 0.4546875 0.3525390625 0.009375 0.021484375
0 0.42734375 0.3544921875 0.0078125 0.017578125
3 0.42734375 0.359375 0.0078125 0.015625
9 0.4375 0.1572265625 0.015625 0.052734375
9 0.41875 0.1572265625 0.015625 0.052734375
9 0.4 0.1572265625 0.015625 0.052734375
0 0.7890625 0.3740234375 0.021875 0.076171875
0 0.84453125 0.39453125 0.0359375 0.09375
0 0.8046875 0.373046875 0.025 0.078125
9 0.2109375 0.1962890625 0.0125 0.037109375
9 0.2234375 0.1962890625 0.0125 0.037109375
9 0.19765625 0.1962890625 0.0140625 0.037109375
0 0.16640625 0.3642578125 0.0078125 0.017578125
0 0.1296875 0.376953125 0.015625 0.03125
0 0.5734375 0.3466796875 0.009375 0.021484375
2 0.54453125 0.3515625 0.0296875 0.0234375
11 0.15234375 0.3330078125 0.0078125 0.009765625
11 0.15234375 0.3466796875 0.0078125 0.009765625
2 0.43515625 0.3525390625 0.0140625 0.017578125
0 0.25546875 0.349609375 0.0078125 0.015625
2 0.37265625 0.3544921875 0.0140625 0.017578125
11 0.98203125 0.23828125 0.0328125 0.0234375
11 0.97890625 0.2158203125 0.0390625 0.021484375
11 0.978125 0.1806640625 0.040625 0.021484375
11 0.97578125 0.154296875 0.0453125 0.0234375
2 0.49375 0.3515625 0.025 0.015625
2 0.521875 0.3515625 0.015625 0.015625
0 0.2421875 0.3583984375 0.009375 0.029296875
0 0.25 0.3544921875 0.009375 0.021484375
0 0.1546875 0.369140625 0.009375 0.03515625
2 0.471875 0.3515625 0.015625 0.01953125
0 0.2328125 0.3564453125 0.009375 0.021484375
0 0.36015625 0.35546875 0.0078125 0.0234375
2 0.3859375 0.3583984375 0.021875 0.025390625
2 0.9796875 0.6181640625 0.0375 0.232421875
2 0.3125 0.404296875 0.109375 0.09765625
2 0.5609375 0.369140625 0.040625 0.04296875
2 0.5046875 0.4248046875 0.1375 0.134765625
2 0.40390625 0.3701171875 0.0515625 0.048828125
2 0.28125 0.376953125 0.071875 0.07421875
2 0.2015625 0.376953125 0.0625 0.05078125
2 0.4546875 0.3515625 0.01875 0.0234375
3 0.4546875 0.359375 0.009375 0.01953125
0 0.4546875 0.3525390625 0.009375 0.021484375
0 0.42734375 0.3544921875 0.0078125 0.017578125
3 0.42734375 0.359375 0.0078125 0.015625
9 0.4375 0.1572265625 0.015625 0.052734375
9 0.41875 0.1572265625 0.015625 0.052734375
9 0.4 0.1572265625 0.015625 0.052734375
0 0.7890625 0.3740234375 0.021875 0.076171875
0 0.84453125 0.39453125 0.0359375 0.09375
0 0.8046875 0.373046875 0.025 0.078125
9 0.2109375 0.1962890625 0.0125 0.037109375
9 0.2234375 0.1962890625 0.0125 0.037109375
9 0.19765625 0.1962890625 0.0140625 0.037109375
0 0.16640625 0.3642578125 0.0078125 0.017578125
0 0.1296875 0.376953125 0.015625 0.03125
0 0.5734375 0.3466796875 0.009375 0.021484375
2 0.54453125 0.3515625 0.0296875 0.0234375
11 0.15234375 0.3330078125 0.0078125 0.009765625
11 0.15234375 0.3466796875 0.0078125 0.009765625
2 0.43515625 0.3525390625 0.0140625 0.017578125
0 0.25546875 0.349609375 0.0078125 0.015625
2 0.37265625 0.3544921875 0.0140625 0.017578125
11 0.98203125 0.23828125 0.0328125 0.0234375
11 0.97890625 0.2158203125 0.0390625 0.021484375
11 0.978125 0.1806640625 0.040625 0.021484375
11 0.97578125 0.154296875 0.0453125 0.0234375
2 0.49375 0.3515625 0.025 0.015625
2 0.521875 0.3515625 0.015625 0.015625
0 0.2421875 0.3583984375 0.009375 0.029296875
0 0.25 0.3544921875 0.009375 0.021484375
0 0.1546875 0.369140625 0.009375 0.03515625
2 0.471875 0.3515625 0.015625 0.01953125
0 0.2328125 0.3564453125 0.009375 0.021484375
0 0.36015625 0.35546875 0.0078125 0.0234375
2 0.3859375 0.3583984375 0.021875 0.025390625
