2 0.9125 0.521484375 0.171875 0.40625
2 0.6078125 0.35546875 0.04375 0.05078125
2 0.54453125 0.359375 0.0296875 0.02734375
7 0.53125 0.341796875 0.01875 0.03125
7 0.50625 0.3408203125 0.009375 0.009765625
2 0.50546875 0.3505859375 0.0109375 0.009765625
2 0.49140625 0.3544921875 0.0171875 0.021484375
2 0.2046875 0.369140625 0.0375 0.02734375
2 0.03984375 0.3779296875 0.0703125 0.056640625
2 0.31484375 0.357421875 0.0171875 0.015625
7 0.04375 0.3623046875 0.0875 0.099609375
2 0.2875 0.3525390625 0.028125 0.029296875
2 0.36328125 0.353515625 0.0109375 0.01171875
2 0.3828125 0.3505859375 0.0125 0.013671875
2 0.39765625 0.349609375 0.0078125 0.0078125
2 0.33125 0.35546875 0.0125 0.01171875
2 0.9125 0.521484375 0.171875 0.40625
2 0.6078125 0.35546875 0.04375 0.05078125
2 0.54453125 0.359375 0.0296875 0.02734375
7 0.53125 0.341796875 0.01875 0.03125
7 0.50625 0.3408203125 0.009375 0.009765625
2 0.50546875 0.3505859375 0.0109375 0.009765625
2 0.49140625 0.3544921875 0.0171875 0.021484375
2 0.2046875 0.369140625 0.0375 0.02734375
2 0.03984375 0.3779296875 0.0703125 0.056640625
2 0.31484375 0.357421875 0.0171875 0.015625
7 0.04375 0.3623046875 0.0875 0.099609375
2 0.2875 0.3525390625 0.028125 0.029296875
2 0.36328125 0.353515625 0.0109375 0.01171875
2 0.3828125 0.3505859375 0.0125 0.013671875
2 0.39765625 0.349609375 0.0078125 0.0078125
2 0.33125 0.35546875 0.0125 0.01171875
