2 0.37265625 0.3759765625 0.0734375 0.064453125
2 0.5734375 0.357421875 0.0375 0.02734375
2 0.52734375 0.4521484375 0.1984375 0.193359375
2 0.415625 0.359375 0.040625 0.0390625
2 0.2328125 0.380859375 0.09375 0.08984375
2 0.16171875 0.376953125 0.0671875 0.05859375
2 0.46796875 0.34375 0.0171875 0.0234375
3 0.45859375 0.353515625 0.0078125 0.015625
0 0.45859375 0.34765625 0.0078125 0.01953125
0 0.43359375 0.3447265625 0.0078125 0.017578125
3 0.434375 0.3515625 0.00625 0.01171875
9 0.42421875 0.08984375 0.0140625 0.06640625
9 0.39375 0.0869140625 0.01875 0.068359375
9 0.36875 0.0927734375 0.015625 0.068359375
0 0.92578125 0.390625 0.0265625 0.109375
0 0.95 0.3876953125 0.028125 0.111328125
9 0.14453125 0.1611328125 0.0140625 0.044921875
9 0.165625 0.158203125 0.015625 0.046875
9 0.13046875 0.16015625 0.0109375 0.046875
0 0.075 0.384765625 0.01875 0.03125
2 0.5515625 0.341796875 0.0375 0.01953125
2 0.48671875 0.3525390625 0.0265625 0.025390625
2 0.52421875 0.34765625 0.0140625 0.015625
0 0.128125 0.361328125 0.009375 0.02734375
11 0.08203125 0.318359375 0.0328125 0.0078125
11 0.08046875 0.30859375 0.0328125 0.0078125
2 0.503125 0.349609375 0.009375 0.01171875
11 0.10859375 0.3271484375 0.0046875 0.009765625
11 0.10859375 0.3427734375 0.0046875 0.009765625
2 0.3921875 0.3447265625 0.01875 0.017578125
2 0.528125 0.3486328125 0.0125 0.013671875
2 0.5484375 0.3505859375 0.025 0.017578125
11 0.08125 0.2998046875 0.03125 0.009765625
11 0.08984375 0.326171875 0.0171875 0.0078125
11 0.24453125 0.3154296875 0.0140625 0.017578125
2 0.3546875 0.3505859375 0.028125 0.021484375
2 0.37265625 0.3759765625 0.0734375 0.064453125
2 0.5734375 0.357421875 0.0375 0.02734375
2 0.52734375 0.4521484375 0.1984375 0.193359375
2 0.415625 0.359375 0.040625 0.0390625
2 0.2328125 0.380859375 0.09375 0.08984375
2 0.16171875 0.376953125 0.0671875 0.05859375
2 0.46796875 0.34375 0.0171875 0.0234375
3 0.45859375 0.353515625 0.0078125 0.015625
0 0.45859375 0.34765625 0.0078125 0.01953125
0 0.43359375 0.3447265625 0.0078125 0.017578125
3 0.434375 0.3515625 0.00625 0.01171875
9 0.42421875 0.08984375 0.0140625 0.06640625
9 0.39375 0.0869140625 0.01875 0.068359375
9 0.36875 0.0927734375 0.015625 0.068359375
0 0.92578125 0.390625 0.0265625 0.109375
0 0.95 0.3876953125 0.028125 0.111328125
9 0.14453125 0.1611328125 0.0140625 0.044921875
9 0.165625 0.158203125 0.015625 0.046875
9 0.13046875 0.16015625 0.0109375 0.046875
0 0.075 0.384765625 0.01875 0.03125
2 0.5515625 0.341796875 0.0375 0.01953125
2 0.48671875 0.3525390625 0.0265625 0.025390625
2 0.52421875 0.34765625 0.0140625 0.015625
0 0.128125 0.361328125 0.009375 0.02734375
11 0.08203125 0.318359375 0.0328125 0.0078125
11 0.08046875 0.30859375 0.0328125 0.0078125
2 0.503125 0.349609375 0.009375 0.01171875
11 0.10859375 0.3271484375 0.0046875 0.009765625
11 0.10859375 0.3427734375 0.0046875 0.009765625
2 0.3921875 0.3447265625 0.01875 0.017578125
2 0.528125 0.3486328125 0.0125 0.013671875
2 0.5484375 0.3505859375 0.025 0.017578125
11 0.08125 0.2998046875 0.03125 0.009765625
11 0.08984375 0.326171875 0.0171875 0.0078125
11 0.24453125 0.3154296875 0.0140625 0.017578125
2 0.3546875 0.3505859375 0.028125 0.021484375
