2 0.36171875 0.3818359375 0.0796875 0.072265625
2 0.57109375 0.3642578125 0.0390625 0.041015625
2 0.51796875 0.4453125 0.1828125 0.1796875
2 0.41171875 0.3603515625 0.0453125 0.041015625
2 0.24453125 0.3779296875 0.0921875 0.087890625
2 0.16953125 0.3740234375 0.0609375 0.052734375
2 0.46484375 0.345703125 0.0203125 0.0234375
3 0.45859375 0.35546875 0.0078125 0.015625
0 0.45859375 0.349609375 0.0078125 0.01953125
0 0.43203125 0.3486328125 0.0078125 0.017578125
3 0.4328125 0.3544921875 0.00625 0.013671875
9 0.42734375 0.10546875 0.0140625 0.0625
9 0.3984375 0.1015625 0.01875 0.06640625
9 0.3765625 0.107421875 0.015625 0.0625
0 0.88828125 0.384765625 0.0328125 0.1015625
0 0.98359375 0.412109375 0.0296875 0.1328125
0 0.9125 0.384765625 0.03125 0.10546875
9 0.16171875 0.1689453125 0.0140625 0.044921875
9 0.1796875 0.16796875 0.0125 0.04296875
9 0.146875 0.16796875 0.0125 0.04296875
0 0.090625 0.3828125 0.01875 0.03125
2 0.55 0.345703125 0.0375 0.0234375
2 0.4890625 0.3486328125 0.025 0.017578125
2 0.52265625 0.34765625 0.0140625 0.015625
0 0.1375 0.3671875 0.00625 0.03125
11 0.0921875 0.3203125 0.03125 0.0078125
11 0.09140625 0.310546875 0.0328125 0.0078125
2 0.5046875 0.349609375 0.00625 0.01171875
11 0.11875 0.3271484375 0.00625 0.009765625
11 0.11796875 0.3447265625 0.0046875 0.009765625
2 0.39609375 0.3466796875 0.0203125 0.021484375
0 0.9921875 0.36328125 0.0125 0.06640625
2 0.5265625 0.3486328125 0.0125 0.013671875
2 0.5515625 0.349609375 0.03125 0.01953125
11 0.090625 0.3017578125 0.034375 0.009765625
2 0.3671875 0.345703125 0.025 0.0078125
2 0.36171875 0.3818359375 0.0796875 0.072265625
2 0.57109375 0.3642578125 0.0390625 0.041015625
2 0.51796875 0.4453125 0.1828125 0.1796875
2 0.41171875 0.3603515625 0.0453125 0.041015625
2 0.24453125 0.3779296875 0.0921875 0.087890625
2 0.16953125 0.3740234375 0.0609375 0.052734375
2 0.46484375 0.345703125 0.0203125 0.0234375
3 0.45859375 0.35546875 0.0078125 0.015625
0 0.45859375 0.349609375 0.0078125 0.01953125
0 0.43203125 0.3486328125 0.0078125 0.017578125
3 0.4328125 0.3544921875 0.00625 0.013671875
9 0.42734375 0.10546875 0.0140625 0.0625
9 0.3984375 0.1015625 0.01875 0.06640625
9 0.3765625 0.107421875 0.015625 0.0625
0 0.88828125 0.384765625 0.0328125 0.1015625
0 0.98359375 0.412109375 0.0296875 0.1328125
0 0.9125 0.384765625 0.03125 0.10546875
9 0.16171875 0.1689453125 0.0140625 0.044921875
9 0.1796875 0.16796875 0.0125 0.04296875
9 0.146875 0.16796875 0.0125 0.04296875
0 0.090625 0.3828125 0.01875 0.03125
2 0.55 0.345703125 0.0375 0.0234375
2 0.4890625 0.3486328125 0.025 0.017578125
2 0.52265625 0.34765625 0.0140625 0.015625
0 0.1375 0.3671875 0.00625 0.03125
11 0.0921875 0.3203125 0.03125 0.0078125
11 0.09140625 0.310546875 0.0328125 0.0078125
2 0.5046875 0.349609375 0.00625 0.01171875
11 0.11875 0.3271484375 0.00625 0.009765625
11 0.11796875 0.3447265625 0.0046875 0.009765625
2 0.39609375 0.3466796875 0.0203125 0.021484375
0 0.9921875 0.36328125 0.0125 0.06640625
2 0.5265625 0.3486328125 0.0125 0.013671875
2 0.5515625 0.349609375 0.03125 0.01953125
11 0.090625 0.3017578125 0.034375 0.009765625
2 0.3671875 0.345703125 0.025 0.0078125
