3 0.95546875 0.5791015625 0.0859375 0.197265625
0 0.67265625 0.3681640625 0.0140625 0.064453125
0 0.63671875 0.37109375 0.0171875 0.0625
0 0.5734375 0.365234375 0.01875 0.05078125
2 0.40234375 0.3759765625 0.0453125 0.044921875
2 0.428125 0.3681640625 0.028125 0.033203125
2 0.45234375 0.361328125 0.0171875 0.0234375
2 0.48046875 0.3701171875 0.0359375 0.037109375
2 0.55 0.3701171875 0.028125 0.033203125
2 0.53515625 0.3681640625 0.0234375 0.029296875
11 0.30703125 0.1796875 0.0296875 0.0390625
9 0.4328125 0.1875 0.0125 0.04296875
9 0.446875 0.1875 0.0125 0.0390625
9 0.41875 0.1875 0.0125 0.0390625
9 0.13984375 0.162109375 0.0140625 0.0390625
9 0.125 0.162109375 0.0125 0.0390625
9 0.109375 0.162109375 0.0125 0.0390625
2 0.3390625 0.3681640625 0.028125 0.037109375
2 0.4921875 0.3642578125 0.025 0.033203125
9 0.46640625 0.30859375 0.0046875 0.01171875
3 0.30625 0.3828125 0.015625 0.02734375
0 0.1625 0.392578125 0.021875 0.05078125
11 0.7953125 0.3056640625 0.034375 0.041015625
11 0.79375 0.240234375 0.04375 0.01953125
9 0.80625 0.265625 0.01875 0.0234375
0 0.99609375 0.38671875 0.0046875 0.078125
2 0.2078125 0.3896484375 0.046875 0.041015625
9 0.62890625 0.287109375 0.0078125 0.01171875
2 0.509375 0.359375 0.015625 0.01953125
9 0.7796875 0.2646484375 0.01875 0.021484375
10 0.12578125 0.4052734375 0.0078125 0.025390625
0 0.86328125 0.4052734375 0.0328125 0.068359375
0 0.1265625 0.3828125 0.015625 0.03515625
0 0.15546875 0.3701171875 0.0109375 0.013671875
2 0.38203125 0.3642578125 0.0234375 0.029296875
3 0.16328125 0.4033203125 0.0359375 0.044921875
2 0.35625 0.37109375 0.04375 0.04296875
0 0.70546875 0.369140625 0.0171875 0.05859375
3 0.95546875 0.5791015625 0.0859375 0.197265625
0 0.67265625 0.3681640625 0.0140625 0.064453125
0 0.63671875 0.37109375 0.0171875 0.0625
0 0.5734375 0.365234375 0.01875 0.05078125
2 0.40234375 0.3759765625 0.0453125 0.044921875
2 0.428125 0.3681640625 0.028125 0.033203125
2 0.45234375 0.361328125 0.0171875 0.0234375
2 0.48046875 0.3701171875 0.0359375 0.037109375
2 0.55 0.3701171875 0.028125 0.033203125
2 0.53515625 0.3681640625 0.0234375 0.029296875
11 0.30703125 0.1796875 0.0296875 0.0390625
9 0.4328125 0.1875 0.0125 0.04296875
9 0.446875 0.1875 0.0125 0.0390625
9 0.41875 0.1875 0.0125 0.0390625
9 0.13984375 0.162109375 0.0140625 0.0390625
9 0.125 0.162109375 0.0125 0.0390625
9 0.109375 0.162109375 0.0125 0.0390625
2 0.3390625 0.3681640625 0.028125 0.037109375
2 0.4921875 0.3642578125 0.025 0.033203125
9 0.46640625 0.30859375 0.0046875 0.01171875
3 0.30625 0.3828125 0.015625 0.02734375
0 0.1625 0.392578125 0.021875 0.05078125
11 0.7953125 0.3056640625 0.034375 0.041015625
11 0.79375 0.240234375 0.04375 0.01953125
9 0.80625 0.265625 0.01875 0.0234375
0 0.99609375 0.38671875 0.0046875 0.078125
2 0.2078125 0.3896484375 0.046875 0.041015625
9 0.62890625 0.287109375 0.0078125 0.01171875
2 0.509375 0.359375 0.015625 0.01953125
9 0.7796875 0.2646484375 0.01875 0.021484375
10 0.12578125 0.4052734375 0.0078125 0.025390625
0 0.86328125 0.4052734375 0.0328125 0.068359375
0 0.1265625 0.3828125 0.015625 0.03515625
0 0.15546875 0.3701171875 0.0109375 0.013671875
2 0.38203125 0.3642578125 0.0234375 0.029296875
3 0.16328125 0.4033203125 0.0359375 0.044921875
2 0.35625 0.37109375 0.04375 0.04296875
0 0.70546875 0.369140625 0.0171875 0.05859375
