2 0.928125 0.58984375 0.140625 0.2421875
2 0.815625 0.5283203125 0.171875 0.162109375
2 0.73125 0.509765625 0.084375 0.11328125
2 0.69765625 0.4892578125 0.0546875 0.087890625
2 0.68203125 0.4765625 0.0734375 0.0859375
2 0.6328125 0.470703125 0.021875 0.0546875
2 0.625 0.4580078125 0.015625 0.025390625
2 0.59921875 0.4541015625 0.0203125 0.021484375
2 0.55546875 0.46484375 0.0234375 0.02734375
2 0.52890625 0.4619140625 0.0234375 0.025390625
0 0.50859375 0.4580078125 0.0078125 0.021484375
2 0.37890625 0.4677734375 0.0234375 0.021484375
2 0.3578125 0.4658203125 0.015625 0.021484375
2 0.3375 0.4716796875 0.03125 0.029296875
2 0.28984375 0.4794921875 0.0171875 0.025390625
2 0.26640625 0.4765625 0.0328125 0.02734375
0 0.240625 0.4697265625 0.009375 0.029296875
2 0.00546875 0.5009765625 0.0109375 0.056640625
2 0.0421875 0.4931640625 0.06875 0.060546875
2 0.09921875 0.4853515625 0.0453125 0.041015625
9 0.53359375 0.3740234375 0.0046875 0.013671875
9 0.58359375 0.37109375 0.0046875 0.015625
11 0.5484375 0.3701171875 0.009375 0.013671875
11 0.625 0.3828125 0.028125 0.01171875
11 0.81875 0.3779296875 0.021875 0.037109375
11 0.4046875 0.3955078125 0.0125 0.021484375
9 0.39921875 0.4208984375 0.0078125 0.005859375
9 0.41171875 0.419921875 0.0078125 0.0078125
11 0.37734375 0.44921875 0.0078125 0.0078125
0 0.2203125 0.47265625 0.009375 0.03125
0 0.4109375 0.466796875 0.00625 0.02734375
2 0.928125 0.58984375 0.140625 0.2421875
2 0.815625 0.5283203125 0.171875 0.162109375
2 0.73125 0.509765625 0.084375 0.11328125
2 0.69765625 0.4892578125 0.0546875 0.087890625
2 0.68203125 0.4765625 0.0734375 0.0859375
2 0.6328125 0.470703125 0.021875 0.0546875
2 0.625 0.4580078125 0.015625 0.025390625
2 0.59921875 0.4541015625 0.0203125 0.021484375
2 0.55546875 0.46484375 0.0234375 0.02734375
2 0.52890625 0.4619140625 0.0234375 0.025390625
0 0.50859375 0.4580078125 0.0078125 0.021484375
2 0.37890625 0.4677734375 0.0234375 0.021484375
2 0.3578125 0.4658203125 0.015625 0.021484375
2 0.3375 0.4716796875 0.03125 0.029296875
2 0.28984375 0.4794921875 0.0171875 0.025390625
2 0.26640625 0.4765625 0.0328125 0.02734375
0 0.240625 0.4697265625 0.009375 0.029296875
2 0.00546875 0.5009765625 0.0109375 0.056640625
2 0.0421875 0.4931640625 0.06875 0.060546875
2 0.09921875 0.4853515625 0.0453125 0.041015625
9 0.53359375 0.3740234375 0.0046875 0.013671875
9 0.58359375 0.37109375 0.0046875 0.015625
11 0.5484375 0.3701171875 0.009375 0.013671875
11 0.625 0.3828125 0.028125 0.01171875
11 0.81875 0.3779296875 0.021875 0.037109375
11 0.4046875 0.3955078125 0.0125 0.021484375
9 0.39921875 0.4208984375 0.0078125 0.005859375
9 0.41171875 0.419921875 0.0078125 0.0078125
11 0.37734375 0.44921875 0.0078125 0.0078125
0 0.2203125 0.47265625 0.009375 0.03125
0 0.4109375 0.466796875 0.00625 0.02734375
