2 0.24921875 0.65234375 0.1984375 0.16015625
2 0.51953125 0.6328125 0.0203125 0.0234375
7 0.83359375 0.6318359375 0.1546875 0.181640625
7 0.67890625 0.6240234375 0.0609375 0.080078125
7 0.59765625 0.6259765625 0.0328125 0.052734375
7 0.6265625 0.626953125 0.028125 0.05078125
2 0.55 0.6318359375 0.0125 0.013671875
7 0.91484375 0.65625 0.1671875 0.21484375
2 0.24921875 0.65234375 0.1984375 0.16015625
2 0.51953125 0.6328125 0.0203125 0.0234375
7 0.83359375 0.6318359375 0.1546875 0.181640625
7 0.67890625 0.6240234375 0.0609375 0.080078125
7 0.59765625 0.6259765625 0.0328125 0.052734375
7 0.6265625 0.626953125 0.028125 0.05078125
2 0.55 0.6318359375 0.0125 0.013671875
7 0.91484375 0.65625 0.1671875 0.21484375
