2 0.925 0.4794921875 0.146875 0.318359375
2 0.60703125 0.357421875 0.0453125 0.05078125
2 0.54375 0.3583984375 0.03125 0.029296875
7 0.53203125 0.3427734375 0.0171875 0.029296875
7 0.5046875 0.3447265625 0.0125 0.017578125
2 0.49140625 0.353515625 0.0171875 0.01953125
2 0.15546875 0.375 0.0421875 0.03125
2 0.296875 0.3583984375 0.021875 0.017578125
2 0.26796875 0.35546875 0.0296875 0.03125
2 0.35625 0.3525390625 0.015625 0.013671875
2 0.37421875 0.3515625 0.0140625 0.015625
2 0.39296875 0.349609375 0.0078125 0.0078125
2 0.31875 0.35546875 0.0125 0.01171875
2 0.925 0.4794921875 0.146875 0.318359375
2 0.60703125 0.357421875 0.0453125 0.05078125
2 0.54375 0.3583984375 0.03125 0.029296875
7 0.53203125 0.3427734375 0.0171875 0.029296875
7 0.5046875 0.3447265625 0.0125 0.017578125
2 0.49140625 0.353515625 0.0171875 0.01953125
2 0.15546875 0.375 0.0421875 0.03125
2 0.296875 0.3583984375 0.021875 0.017578125
2 0.26796875 0.35546875 0.0296875 0.03125
2 0.35625 0.3525390625 0.015625 0.013671875
2 0.37421875 0.3515625 0.0140625 0.015625
2 0.39296875 0.349609375 0.0078125 0.0078125
2 0.31875 0.35546875 0.0125 0.01171875
