2 0.5203125 0.6171875 0.025 0.03125
2 0.546875 0.62109375 0.0125 0.015625
7 0.74140625 0.6171875 0.1140625 0.1171875
7 0.6703125 0.6162109375 0.040625 0.076171875
7 0.63984375 0.611328125 0.0265625 0.0546875
7 0.59453125 0.61328125 0.0234375 0.0390625
7 0.61640625 0.615234375 0.0203125 0.0390625
2 0.559375 0.619140625 0.00625 0.0078125
2 0.5203125 0.6171875 0.025 0.03125
2 0.546875 0.62109375 0.0125 0.015625
7 0.74140625 0.6171875 0.1140625 0.1171875
7 0.6703125 0.6162109375 0.040625 0.076171875
7 0.63984375 0.611328125 0.0265625 0.0546875
7 0.59453125 0.61328125 0.0234375 0.0390625
7 0.61640625 0.615234375 0.0203125 0.0390625
2 0.559375 0.619140625 0.00625 0.0078125
