2 0.7 0.48828125 0.053125 0.05078125
9 0.49453125 0.283203125 0.0140625 0.05078125
9 0.62734375 0.275390625 0.0140625 0.05078125
11 0.53515625 0.2666015625 0.0234375 0.033203125
11 0.73515625 0.2958984375 0.0671875 0.025390625
11 0.1390625 0.3212890625 0.03125 0.037109375
9 0.1234375 0.39453125 0.0125 0.01171875
9 0.16875 0.39453125 0.0125 0.01171875
0 0.88125 0.5087890625 0.0375 0.087890625
9 0.09453125 0.2314453125 0.0203125 0.056640625
11 0.14453125 0.4130859375 0.0453125 0.013671875
11 0.7859375 0.3486328125 0.025 0.037109375
0 0.8578125 0.509765625 0.03125 0.0859375
0 0.81640625 0.490234375 0.0265625 0.07421875
2 0.54375 0.4990234375 0.059375 0.052734375
0 0.01640625 0.5927734375 0.0328125 0.240234375
11 0.625 0.421875 0.015625 0.0234375
2 0.165625 0.51953125 0.040625 0.06640625
2 0.24609375 0.509765625 0.0546875 0.046875
2 0.06953125 0.5244140625 0.0546875 0.044921875
2 0.20234375 0.5087890625 0.0296875 0.044921875
2 0.02578125 0.5283203125 0.0421875 0.044921875
0 0.4828125 0.4833984375 0.009375 0.029296875
2 0.7 0.48828125 0.053125 0.05078125
9 0.49453125 0.283203125 0.0140625 0.05078125
9 0.62734375 0.275390625 0.0140625 0.05078125
11 0.53515625 0.2666015625 0.0234375 0.033203125
11 0.73515625 0.2958984375 0.0671875 0.025390625
11 0.1390625 0.3212890625 0.03125 0.037109375
9 0.1234375 0.39453125 0.0125 0.01171875
9 0.16875 0.39453125 0.0125 0.01171875
0 0.88125 0.5087890625 0.0375 0.087890625
9 0.09453125 0.2314453125 0.0203125 0.056640625
11 0.14453125 0.4130859375 0.0453125 0.013671875
11 0.7859375 0.3486328125 0.025 0.037109375
0 0.8578125 0.509765625 0.03125 0.0859375
0 0.81640625 0.490234375 0.0265625 0.07421875
2 0.54375 0.4990234375 0.059375 0.052734375
0 0.01640625 0.5927734375 0.0328125 0.240234375
11 0.625 0.421875 0.015625 0.0234375
2 0.165625 0.51953125 0.040625 0.06640625
2 0.24609375 0.509765625 0.0546875 0.046875
2 0.06953125 0.5244140625 0.0546875 0.044921875
2 0.20234375 0.5087890625 0.0296875 0.044921875
2 0.02578125 0.5283203125 0.0421875 0.044921875
0 0.4828125 0.4833984375 0.009375 0.029296875
