2 0.34765625 0.3876953125 0.0890625 0.080078125
2 0.56953125 0.3681640625 0.0421875 0.044921875
2 0.51171875 0.4404296875 0.1703125 0.162109375
2 0.40859375 0.3642578125 0.0484375 0.044921875
2 0.25625 0.37890625 0.0875 0.08203125
2 0.178125 0.3759765625 0.059375 0.052734375
2 0.46328125 0.349609375 0.0203125 0.0234375
3 0.459375 0.357421875 0.009375 0.015625
0 0.459375 0.3505859375 0.009375 0.021484375
0 0.43203125 0.3505859375 0.0078125 0.017578125
3 0.43125 0.3564453125 0.00625 0.013671875
9 0.43046875 0.123046875 0.0140625 0.05859375
9 0.40625 0.1240234375 0.01875 0.056640625
9 0.3828125 0.125 0.015625 0.05859375
0 0.85703125 0.3818359375 0.0296875 0.091796875
0 0.934375 0.40625 0.046875 0.1171875
0 0.8765625 0.3818359375 0.025 0.095703125
9 0.1765625 0.17578125 0.0125 0.0390625
9 0.19609375 0.173828125 0.0109375 0.0390625
9 0.16171875 0.1767578125 0.0109375 0.041015625
0 0.10234375 0.3818359375 0.0171875 0.029296875
2 0.55 0.34765625 0.034375 0.0234375
11 0.128125 0.3310546875 0.00625 0.009765625
11 0.12890625 0.3466796875 0.0046875 0.009765625
2 0.48984375 0.3505859375 0.0234375 0.017578125
2 0.525 0.3505859375 0.015625 0.017578125
0 0.22421875 0.3525390625 0.0078125 0.017578125
2 0.37734375 0.359375 0.0265625 0.03125
0 0.14375 0.3671875 0.009375 0.02734375
3 0.21171875 0.3779296875 0.0140625 0.025390625
11 0.1046875 0.322265625 0.03125 0.0078125
11 0.1046875 0.314453125 0.03125 0.0078125
2 0.50625 0.3505859375 0.009375 0.013671875
2 0.34765625 0.3876953125 0.0890625 0.080078125
2 0.56953125 0.3681640625 0.0421875 0.044921875
2 0.51171875 0.4404296875 0.1703125 0.162109375
2 0.40859375 0.3642578125 0.0484375 0.044921875
2 0.25625 0.37890625 0.0875 0.08203125
2 0.178125 0.3759765625 0.059375 0.052734375
2 0.46328125 0.349609375 0.0203125 0.0234375
3 0.459375 0.357421875 0.009375 0.015625
0 0.459375 0.3505859375 0.009375 0.021484375
0 0.43203125 0.3505859375 0.0078125 0.017578125
3 0.43125 0.3564453125 0.00625 0.013671875
9 0.43046875 0.123046875 0.0140625 0.05859375
9 0.40625 0.1240234375 0.01875 0.056640625
9 0.3828125 0.125 0.015625 0.05859375
0 0.85703125 0.3818359375 0.0296875 0.091796875
0 0.934375 0.40625 0.046875 0.1171875
0 0.8765625 0.3818359375 0.025 0.095703125
9 0.1765625 0.17578125 0.0125 0.0390625
9 0.19609375 0.173828125 0.0109375 0.0390625
9 0.16171875 0.1767578125 0.0109375 0.041015625
0 0.10234375 0.3818359375 0.0171875 0.029296875
2 0.55 0.34765625 0.034375 0.0234375
11 0.128125 0.3310546875 0.00625 0.009765625
11 0.12890625 0.3466796875 0.0046875 0.009765625
2 0.48984375 0.3505859375 0.0234375 0.017578125
2 0.525 0.3505859375 0.015625 0.017578125
0 0.22421875 0.3525390625 0.0078125 0.017578125
2 0.37734375 0.359375 0.0265625 0.03125
0 0.14375 0.3671875 0.009375 0.02734375
3 0.21171875 0.3779296875 0.0140625 0.025390625
11 0.1046875 0.322265625 0.03125 0.0078125
11 0.1046875 0.314453125 0.03125 0.0078125
2 0.50625 0.3505859375 0.009375 0.013671875
