2 0.59609375 0.353515625 0.0421875 0.046875
2 0.53828125 0.3564453125 0.0296875 0.029296875
7 0.528125 0.3388671875 0.01875 0.029296875
7 0.50703125 0.3427734375 0.0109375 0.017578125
2 0.48515625 0.3515625 0.0171875 0.01953125
2 0.19765625 0.3681640625 0.0359375 0.025390625
2 0.2796875 0.3564453125 0.028125 0.025390625
2 0.32734375 0.353515625 0.0109375 0.01171875
2 0.16328125 0.369140625 0.0328125 0.0234375
2 0.34609375 0.3486328125 0.0109375 0.009765625
2 0.25546875 0.359375 0.0234375 0.0234375
2 0.02578125 0.3818359375 0.0515625 0.044921875
2 0.31328125 0.3564453125 0.0140625 0.013671875
2 0.36015625 0.349609375 0.0078125 0.0078125
2 0.59609375 0.353515625 0.0421875 0.046875
2 0.53828125 0.3564453125 0.0296875 0.029296875
7 0.528125 0.3388671875 0.01875 0.029296875
7 0.50703125 0.3427734375 0.0109375 0.017578125
2 0.48515625 0.3515625 0.0171875 0.01953125
2 0.19765625 0.3681640625 0.0359375 0.025390625
2 0.2796875 0.3564453125 0.028125 0.025390625
2 0.32734375 0.353515625 0.0109375 0.01171875
2 0.16328125 0.369140625 0.0328125 0.0234375
2 0.34609375 0.3486328125 0.0109375 0.009765625
2 0.25546875 0.359375 0.0234375 0.0234375
2 0.02578125 0.3818359375 0.0515625 0.044921875
2 0.31328125 0.3564453125 0.0140625 0.013671875
2 0.36015625 0.349609375 0.0078125 0.0078125
