0 0.70625 0.3779296875 0.01875 0.076171875
0 0.6671875 0.3818359375 0.01875 0.072265625
0 0.59140625 0.375 0.0171875 0.05859375
2 0.40234375 0.3837890625 0.0453125 0.048828125
2 0.42578125 0.3759765625 0.0234375 0.037109375
2 0.45703125 0.3671875 0.0140625 0.0234375
2 0.48203125 0.3779296875 0.0359375 0.037109375
2 0.56015625 0.380859375 0.0359375 0.0390625
2 0.53828125 0.375 0.0234375 0.03125
11 0.2703125 0.146484375 0.0375 0.046875
9 0.425 0.158203125 0.015625 0.05078125
9 0.440625 0.158203125 0.015625 0.046875
9 0.40859375 0.1591796875 0.0140625 0.048828125
9 0.05625 0.1279296875 0.015625 0.048828125
9 0.03984375 0.1279296875 0.0171875 0.048828125
9 0.02265625 0.1279296875 0.0171875 0.048828125
2 0.309375 0.3779296875 0.01875 0.041015625
0 0.7453125 0.37890625 0.015625 0.0625
2 0.496875 0.373046875 0.021875 0.03125
9 0.46796875 0.3125 0.0046875 0.01171875
3 0.27421875 0.3876953125 0.0203125 0.033203125
3 0.040625 0.427734375 0.065625 0.05078125
0 0.03984375 0.41015625 0.0265625 0.05859375
11 0.9125 0.3154296875 0.053125 0.060546875
11 0.9125 0.208984375 0.05625 0.0234375
9 0.93046875 0.2490234375 0.0203125 0.025390625
2 0.1765625 0.3984375 0.053125 0.04296875
9 0.6578125 0.28515625 0.0125 0.015625
2 0.5109375 0.3671875 0.015625 0.01953125
9 0.8890625 0.2490234375 0.025 0.025390625
0 0.07734375 0.3876953125 0.0140625 0.033203125
0 0.121875 0.37890625 0.0125 0.015625
2 0.3671875 0.3740234375 0.034375 0.041015625
11 0.65703125 0.3193359375 0.0203125 0.025390625
3 0.45 0.380859375 0.0125 0.02734375
0 0.45 0.375 0.015625 0.03515625
10 0.9046875 0.4033203125 0.009375 0.029296875
0 0.14921875 0.384765625 0.0109375 0.03515625
0 0.275 0.3798828125 0.0125 0.037109375
0 0.0921875 0.390625 0.0125 0.015625
0 0.10234375 0.3876953125 0.0109375 0.013671875
2 0.33203125 0.37890625 0.0515625 0.0546875
0 0.70625 0.3779296875 0.01875 0.076171875
0 0.6671875 0.3818359375 0.01875 0.072265625
0 0.59140625 0.375 0.0171875 0.05859375
2 0.40234375 0.3837890625 0.0453125 0.048828125
2 0.42578125 0.3759765625 0.0234375 0.037109375
2 0.45703125 0.3671875 0.0140625 0.0234375
2 0.48203125 0.3779296875 0.0359375 0.037109375
2 0.56015625 0.380859375 0.0359375 0.0390625
2 0.53828125 0.375 0.0234375 0.03125
11 0.2703125 0.146484375 0.0375 0.046875
9 0.425 0.158203125 0.015625 0.05078125
9 0.440625 0.158203125 0.015625 0.046875
9 0.40859375 0.1591796875 0.0140625 0.048828125
9 0.05625 0.1279296875 0.015625 0.048828125
9 0.03984375 0.1279296875 0.0171875 0.048828125
9 0.02265625 0.1279296875 0.0171875 0.048828125
2 0.309375 0.3779296875 0.01875 0.041015625
0 0.7453125 0.37890625 0.015625 0.0625
2 0.496875 0.373046875 0.021875 0.03125
9 0.46796875 0.3125 0.0046875 0.01171875
3 0.27421875 0.3876953125 0.0203125 0.033203125
3 0.040625 0.427734375 0.065625 0.05078125
0 0.03984375 0.41015625 0.0265625 0.05859375
11 0.9125 0.3154296875 0.053125 0.060546875
11 0.9125 0.208984375 0.05625 0.0234375
9 0.93046875 0.2490234375 0.0203125 0.025390625
2 0.1765625 0.3984375 0.053125 0.04296875
9 0.6578125 0.28515625 0.0125 0.015625
2 0.5109375 0.3671875 0.015625 0.01953125
9 0.8890625 0.2490234375 0.025 0.025390625
0 0.07734375 0.3876953125 0.0140625 0.033203125
0 0.121875 0.37890625 0.0125 0.015625
2 0.3671875 0.3740234375 0.034375 0.041015625
11 0.65703125 0.3193359375 0.0203125 0.025390625
3 0.45 0.380859375 0.0125 0.02734375
0 0.45 0.375 0.015625 0.03515625
10 0.9046875 0.4033203125 0.009375 0.029296875
0 0.14921875 0.384765625 0.0109375 0.03515625
0 0.275 0.3798828125 0.0125 0.037109375
0 0.0921875 0.390625 0.0125 0.015625
0 0.10234375 0.3876953125 0.0109375 0.013671875
2 0.33203125 0.37890625 0.0515625 0.0546875
