2 0.9109375 0.529296875 0.175 0.421875
2 0.6078125 0.35546875 0.04375 0.05078125
2 0.54453125 0.359375 0.0296875 0.02734375
7 0.53125 0.341796875 0.01875 0.03125
7 0.50625 0.3408203125 0.009375 0.009765625
2 0.50546875 0.3505859375 0.0109375 0.009765625
2 0.49140625 0.3544921875 0.0171875 0.021484375
2 0.21328125 0.369140625 0.0328125 0.02734375
2 0.06015625 0.3798828125 0.0640625 0.056640625
2 0.30859375 0.359375 0.0109375 0.01171875
2 0.31875 0.3583984375 0.0125 0.013671875
7 0.05234375 0.3623046875 0.1046875 0.099609375
2 0.2921875 0.353515625 0.025 0.02734375
2 0.36484375 0.353515625 0.0109375 0.01171875
2 0.3828125 0.3505859375 0.0125 0.013671875
2 0.39921875 0.349609375 0.0078125 0.0078125
2 0.3328125 0.3564453125 0.009375 0.009765625
2 0.9109375 0.529296875 0.175 0.421875
2 0.6078125 0.35546875 0.04375 0.05078125
2 0.54453125 0.359375 0.0296875 0.02734375
7 0.53125 0.341796875 0.01875 0.03125
7 0.50625 0.3408203125 0.009375 0.009765625
2 0.50546875 0.3505859375 0.0109375 0.009765625
2 0.49140625 0.3544921875 0.0171875 0.021484375
2 0.21328125 0.369140625 0.0328125 0.02734375
2 0.06015625 0.3798828125 0.0640625 0.056640625
2 0.30859375 0.359375 0.0109375 0.01171875
2 0.31875 0.3583984375 0.0125 0.013671875
7 0.05234375 0.3623046875 0.1046875 0.099609375
2 0.2921875 0.353515625 0.025 0.02734375
2 0.36484375 0.353515625 0.0109375 0.01171875
2 0.3828125 0.3505859375 0.0125 0.013671875
2 0.39921875 0.349609375 0.0078125 0.0078125
2 0.3328125 0.3564453125 0.009375 0.009765625
