3 0.69296875 0.44140625 0.0703125 0.08984375
3 0.7984375 0.4580078125 0.184375 0.166015625
0 0.628125 0.3662109375 0.015625 0.048828125
0 0.6 0.37109375 0.0125 0.05078125
0 0.55546875 0.3671875 0.0140625 0.04296875
2 0.15 0.4091796875 0.128125 0.111328125
2 0.4015625 0.3759765625 0.04375 0.041015625
2 0.4265625 0.3662109375 0.025 0.029296875
2 0.440625 0.3623046875 0.01875 0.025390625
2 0.47265625 0.3701171875 0.0359375 0.037109375
2 0.53125 0.37109375 0.028125 0.02734375
2 0.51953125 0.3681640625 0.0203125 0.025390625
11 0.3453125 0.220703125 0.021875 0.02734375
9 0.43828125 0.224609375 0.0109375 0.03125
9 0.45078125 0.2255859375 0.0078125 0.029296875
9 0.4265625 0.2255859375 0.00625 0.029296875
9 0.22734375 0.2060546875 0.0109375 0.033203125
9 0.2140625 0.2060546875 0.0125 0.033203125
9 0.59453125 0.3037109375 0.0078125 0.009765625
9 0.20234375 0.2060546875 0.0109375 0.033203125
2 0.35859375 0.3642578125 0.0265625 0.029296875
3 0.9640625 0.55859375 0.06875 0.23828125
0 0.7453125 0.3798828125 0.01875 0.033203125
2 0.48359375 0.365234375 0.0265625 0.03515625
9 0.46171875 0.314453125 0.0046875 0.01171875
11 0.846875 0.2265625 0.078125 0.01953125
11 0.84296875 0.2451171875 0.0765625 0.017578125
11 0.84609375 0.2666015625 0.0734375 0.017578125
0 0.05 0.3896484375 0.0125 0.041015625
0 0.03515625 0.390625 0.0140625 0.046875
3 0.33671875 0.376953125 0.0109375 0.01953125
0 0.85546875 0.388671875 0.0234375 0.0859375
3 0.75078125 0.45703125 0.1109375 0.09765625
3 0.25546875 0.384765625 0.0203125 0.02734375
3 0.7125 0.455078125 0.071875 0.08203125
0 0.25703125 0.3740234375 0.0171875 0.033203125
11 0.8296875 0.2841796875 0.04375 0.017578125
2 0.2359375 0.3818359375 0.025 0.033203125
16 0.87265625 0.412109375 0.0234375 0.0390625
0 0.65703125 0.369140625 0.0109375 0.04296875
2 0.378125 0.3671875 0.028125 0.03125
3 0.69296875 0.44140625 0.0703125 0.08984375
3 0.7984375 0.4580078125 0.184375 0.166015625
0 0.628125 0.3662109375 0.015625 0.048828125
0 0.6 0.37109375 0.0125 0.05078125
0 0.55546875 0.3671875 0.0140625 0.04296875
2 0.15 0.4091796875 0.128125 0.111328125
2 0.4015625 0.3759765625 0.04375 0.041015625
2 0.4265625 0.3662109375 0.025 0.029296875
2 0.440625 0.3623046875 0.01875 0.025390625
2 0.47265625 0.3701171875 0.0359375 0.037109375
2 0.53125 0.37109375 0.028125 0.02734375
2 0.51953125 0.3681640625 0.0203125 0.025390625
11 0.3453125 0.220703125 0.021875 0.02734375
9 0.43828125 0.224609375 0.0109375 0.03125
9 0.45078125 0.2255859375 0.0078125 0.029296875
9 0.4265625 0.2255859375 0.00625 0.029296875
9 0.22734375 0.2060546875 0.0109375 0.033203125
9 0.2140625 0.2060546875 0.0125 0.033203125
9 0.59453125 0.3037109375 0.0078125 0.009765625
9 0.20234375 0.2060546875 0.0109375 0.033203125
2 0.35859375 0.3642578125 0.0265625 0.029296875
3 0.9640625 0.55859375 0.06875 0.23828125
0 0.7453125 0.3798828125 0.01875 0.033203125
2 0.48359375 0.365234375 0.0265625 0.03515625
9 0.46171875 0.314453125 0.0046875 0.01171875
11 0.846875 0.2265625 0.078125 0.01953125
11 0.84296875 0.2451171875 0.0765625 0.017578125
11 0.84609375 0.2666015625 0.0734375 0.017578125
0 0.05 0.3896484375 0.0125 0.041015625
0 0.03515625 0.390625 0.0140625 0.046875
3 0.33671875 0.376953125 0.0109375 0.01953125
0 0.85546875 0.388671875 0.0234375 0.0859375
3 0.75078125 0.45703125 0.1109375 0.09765625
3 0.25546875 0.384765625 0.0203125 0.02734375
3 0.7125 0.455078125 0.071875 0.08203125
0 0.25703125 0.3740234375 0.0171875 0.033203125
11 0.8296875 0.2841796875 0.04375 0.017578125
2 0.2359375 0.3818359375 0.025 0.033203125
16 0.87265625 0.412109375 0.0234375 0.0390625
0 0.65703125 0.369140625 0.0109375 0.04296875
2 0.378125 0.3671875 0.028125 0.03125
