2 0.590625 0.35546875 0.040625 0.04296875
2 0.5375 0.359375 0.028125 0.02734375
7 0.5296875 0.3388671875 0.01875 0.029296875
7 0.5125 0.3427734375 0.009375 0.017578125
2 0.48125 0.3525390625 0.015625 0.021484375
2 0.13671875 0.3740234375 0.0453125 0.033203125
2 0.25546875 0.3525390625 0.0203125 0.013671875
2 0.2890625 0.3515625 0.015625 0.01171875
2 0.215625 0.365234375 0.03125 0.0234375
2 0.33515625 0.3505859375 0.0109375 0.009765625
2 0.02109375 0.3857421875 0.0421875 0.033203125
2 0.590625 0.35546875 0.040625 0.04296875
2 0.5375 0.359375 0.028125 0.02734375
7 0.5296875 0.3388671875 0.01875 0.029296875
7 0.5125 0.3427734375 0.009375 0.017578125
2 0.48125 0.3525390625 0.015625 0.021484375
2 0.13671875 0.3740234375 0.0453125 0.033203125
2 0.25546875 0.3525390625 0.0203125 0.013671875
2 0.2890625 0.3515625 0.015625 0.01171875
2 0.215625 0.365234375 0.03125 0.0234375
2 0.33515625 0.3505859375 0.0109375 0.009765625
2 0.02109375 0.3857421875 0.0421875 0.033203125
