2 0.70078125 0.3994140625 0.1515625 0.142578125
2 0.61640625 0.35546875 0.0515625 0.05859375
2 0.5390625 0.3583984375 0.03125 0.029296875
7 0.52421875 0.33984375 0.0171875 0.02734375
7 0.5 0.337890625 0.009375 0.01171875
2 0.50390625 0.3466796875 0.0109375 0.009765625
2 0.490625 0.349609375 0.01875 0.01953125
2 0.08125 0.380859375 0.05625 0.0390625
7 0.30703125 0.3427734375 0.0296875 0.037109375
2 0.30859375 0.3544921875 0.0171875 0.013671875
2 0.33671875 0.3515625 0.0171875 0.015625
2 0.37109375 0.34765625 0.0140625 0.015625
2 0.39765625 0.345703125 0.0109375 0.01171875
2 0.40703125 0.34765625 0.0078125 0.0078125
7 0.3453125 0.337890625 0.01875 0.015625
2 0.35078125 0.349609375 0.0109375 0.01171875
2 0.41953125 0.345703125 0.0078125 0.0078125
2 0.384375 0.3466796875 0.009375 0.009765625
2 0.70078125 0.3994140625 0.1515625 0.142578125
2 0.61640625 0.35546875 0.0515625 0.05859375
2 0.5390625 0.3583984375 0.03125 0.029296875
7 0.52421875 0.33984375 0.0171875 0.02734375
7 0.5 0.337890625 0.009375 0.01171875
2 0.50390625 0.3466796875 0.0109375 0.009765625
2 0.490625 0.349609375 0.01875 0.01953125
2 0.08125 0.380859375 0.05625 0.0390625
7 0.30703125 0.3427734375 0.0296875 0.037109375
2 0.30859375 0.3544921875 0.0171875 0.013671875
2 0.33671875 0.3515625 0.0171875 0.015625
2 0.37109375 0.34765625 0.0140625 0.015625
2 0.39765625 0.345703125 0.0109375 0.01171875
2 0.40703125 0.34765625 0.0078125 0.0078125
7 0.3453125 0.337890625 0.01875 0.015625
2 0.35078125 0.349609375 0.0109375 0.01171875
2 0.41953125 0.345703125 0.0078125 0.0078125
2 0.384375 0.3466796875 0.009375 0.009765625
