2 0.51953125 0.626953125 0.0265625 0.03125
7 0.965625 0.6015625 0.065625 0.30078125
7 0.7171875 0.619140625 0.090625 0.09765625
7 0.61328125 0.6201171875 0.0359375 0.060546875
7 0.64453125 0.62109375 0.0296875 0.05859375
2 0.55859375 0.6259765625 0.0109375 0.013671875
2 0.51953125 0.626953125 0.0265625 0.03125
7 0.965625 0.6015625 0.065625 0.30078125
7 0.7171875 0.619140625 0.090625 0.09765625
7 0.61328125 0.6201171875 0.0359375 0.060546875
7 0.64453125 0.62109375 0.0296875 0.05859375
2 0.55859375 0.6259765625 0.0109375 0.013671875
