2 0.82265625 0.4365234375 0.2671875 0.232421875
2 0.6125 0.353515625 0.046875 0.05078125
2 0.54375 0.3544921875 0.03125 0.029296875
7 0.52890625 0.3369140625 0.0171875 0.025390625
7 0.503125 0.3369140625 0.009375 0.009765625
2 0.5046875 0.3447265625 0.0125 0.009765625
2 0.49140625 0.3486328125 0.0171875 0.017578125
2 0.03984375 0.3779296875 0.0703125 0.056640625
2 0.26328125 0.35546875 0.0234375 0.0234375
7 0.1015625 0.353515625 0.1 0.0703125
2 0.3703125 0.349609375 0.0125 0.01171875
2 0.2484375 0.35546875 0.01875 0.01953125
2 0.34765625 0.3466796875 0.0203125 0.017578125
2 0.321875 0.3505859375 0.01875 0.017578125
2 0.19375 0.3623046875 0.03125 0.025390625
2 0.3890625 0.3466796875 0.00625 0.005859375
2 0.39609375 0.3466796875 0.0046875 0.005859375
7 0.321875 0.3388671875 0.015625 0.009765625
2 0.0828125 0.3720703125 0.034375 0.037109375
2 0.82265625 0.4365234375 0.2671875 0.232421875
2 0.6125 0.353515625 0.046875 0.05078125
2 0.54375 0.3544921875 0.03125 0.029296875
7 0.52890625 0.3369140625 0.0171875 0.025390625
7 0.503125 0.3369140625 0.009375 0.009765625
2 0.5046875 0.3447265625 0.0125 0.009765625
2 0.49140625 0.3486328125 0.0171875 0.017578125
2 0.03984375 0.3779296875 0.0703125 0.056640625
2 0.26328125 0.35546875 0.0234375 0.0234375
7 0.1015625 0.353515625 0.1 0.0703125
2 0.3703125 0.349609375 0.0125 0.01171875
2 0.2484375 0.35546875 0.01875 0.01953125
2 0.34765625 0.3466796875 0.0203125 0.017578125
2 0.321875 0.3505859375 0.01875 0.017578125
2 0.19375 0.3623046875 0.03125 0.025390625
2 0.3890625 0.3466796875 0.00625 0.005859375
2 0.39609375 0.3466796875 0.0046875 0.005859375
7 0.321875 0.3388671875 0.015625 0.009765625
2 0.0828125 0.3720703125 0.034375 0.037109375
