3 0.97578125 0.64453125 0.0453125 0.125
0 0.675 0.3681640625 0.015625 0.064453125
0 0.63984375 0.37109375 0.0171875 0.0625
0 0.5765625 0.3662109375 0.015625 0.052734375
2 0.40234375 0.3759765625 0.0453125 0.044921875
2 0.428125 0.3681640625 0.028125 0.033203125
2 0.453125 0.361328125 0.01875 0.0234375
2 0.48046875 0.3720703125 0.0359375 0.037109375
2 0.5515625 0.3701171875 0.028125 0.033203125
2 0.53671875 0.3681640625 0.0234375 0.029296875
11 0.30390625 0.177734375 0.0296875 0.0390625
9 0.43125 0.18359375 0.0125 0.04296875
9 0.44453125 0.1845703125 0.0140625 0.041015625
9 0.41796875 0.1845703125 0.0140625 0.041015625
9 0.13515625 0.162109375 0.0140625 0.046875
9 0.11953125 0.162109375 0.0140625 0.046875
9 0.10390625 0.1611328125 0.0140625 0.044921875
2 0.3390625 0.3681640625 0.028125 0.037109375
2 0.4921875 0.365234375 0.025 0.03125
9 0.46640625 0.30859375 0.0046875 0.01171875
3 0.3015625 0.3798828125 0.015625 0.033203125
0 0.1546875 0.39453125 0.021875 0.046875
11 0.803125 0.3037109375 0.034375 0.041015625
11 0.8046875 0.236328125 0.046875 0.0234375
9 0.8171875 0.265625 0.01875 0.0234375
9 0.63203125 0.287109375 0.0078125 0.01171875
2 0.5109375 0.361328125 0.015625 0.01953125
9 0.7875 0.2646484375 0.01875 0.021484375
10 0.12109375 0.4072265625 0.0078125 0.025390625
0 0.8765625 0.408203125 0.04375 0.06640625
0 0.1203125 0.384765625 0.0125 0.03515625
0 0.15546875 0.3720703125 0.0109375 0.013671875
2 0.38046875 0.3623046875 0.0234375 0.029296875
11 0.63046875 0.3115234375 0.0203125 0.025390625
10 0.8515625 0.38671875 0.0125 0.03125
2 0.20390625 0.388671875 0.0484375 0.0390625
3 0.1546875 0.4033203125 0.0375 0.044921875
0 0.709375 0.3701171875 0.015625 0.056640625
2 0.353125 0.37109375 0.04375 0.04296875
3 0.97578125 0.64453125 0.0453125 0.125
0 0.675 0.3681640625 0.015625 0.064453125
0 0.63984375 0.37109375 0.0171875 0.0625
0 0.5765625 0.3662109375 0.015625 0.052734375
2 0.40234375 0.3759765625 0.0453125 0.044921875
2 0.428125 0.3681640625 0.028125 0.033203125
2 0.453125 0.361328125 0.01875 0.0234375
2 0.48046875 0.3720703125 0.0359375 0.037109375
2 0.5515625 0.3701171875 0.028125 0.033203125
2 0.53671875 0.3681640625 0.0234375 0.029296875
11 0.30390625 0.177734375 0.0296875 0.0390625
9 0.43125 0.18359375 0.0125 0.04296875
9 0.44453125 0.1845703125 0.0140625 0.041015625
9 0.41796875 0.1845703125 0.0140625 0.041015625
9 0.13515625 0.162109375 0.0140625 0.046875
9 0.11953125 0.162109375 0.0140625 0.046875
9 0.10390625 0.1611328125 0.0140625 0.044921875
2 0.3390625 0.3681640625 0.028125 0.037109375
2 0.4921875 0.365234375 0.025 0.03125
9 0.46640625 0.30859375 0.0046875 0.01171875
3 0.3015625 0.3798828125 0.015625 0.033203125
0 0.1546875 0.39453125 0.021875 0.046875
11 0.803125 0.3037109375 0.034375 0.041015625
11 0.8046875 0.236328125 0.046875 0.0234375
9 0.8171875 0.265625 0.01875 0.0234375
9 0.63203125 0.287109375 0.0078125 0.01171875
2 0.5109375 0.361328125 0.015625 0.01953125
9 0.7875 0.2646484375 0.01875 0.021484375
10 0.12109375 0.4072265625 0.0078125 0.025390625
0 0.8765625 0.408203125 0.04375 0.06640625
0 0.1203125 0.384765625 0.0125 0.03515625
0 0.15546875 0.3720703125 0.0109375 0.013671875
2 0.38046875 0.3623046875 0.0234375 0.029296875
11 0.63046875 0.3115234375 0.0203125 0.025390625
10 0.8515625 0.38671875 0.0125 0.03125
2 0.20390625 0.388671875 0.0484375 0.0390625
3 0.1546875 0.4033203125 0.0375 0.044921875
0 0.709375 0.3701171875 0.015625 0.056640625
2 0.353125 0.37109375 0.04375 0.04296875
