3 0.96328125 0.5791015625 0.0703125 0.201171875
3 0.91015625 0.52734375 0.1421875 0.1875
3 0.859375 0.5166015625 0.13125 0.142578125
2 0.8125 0.4541015625 0.203125 0.201171875
2 0.70625 0.4189453125 0.121875 0.138671875
3 0.59375 0.39453125 0.046875 0.046875
3 0.60234375 0.400390625 0.0453125 0.046875
0 0.5921875 0.3564453125 0.009375 0.029296875
0 0.571875 0.3642578125 0.009375 0.037109375
0 0.54140625 0.361328125 0.0078125 0.03515625
2 0.07421875 0.4111328125 0.1046875 0.083984375
2 0.25703125 0.3828125 0.0859375 0.078125
2 0.35703125 0.369140625 0.0390625 0.0390625
2 0.409375 0.3720703125 0.040625 0.044921875
2 0.43203125 0.36328125 0.0265625 0.02734375
2 0.446875 0.359375 0.01875 0.0234375
2 0.47421875 0.3681640625 0.0359375 0.037109375
2 0.48671875 0.3603515625 0.0265625 0.033203125
2 0.525 0.3662109375 0.025 0.025390625
2 0.5140625 0.3642578125 0.01875 0.021484375
11 0.38359375 0.2529296875 0.0140625 0.021484375
11 0.75234375 0.291015625 0.0265625 0.04296875
9 0.45078125 0.2548828125 0.0078125 0.021484375
9 0.459375 0.2548828125 0.00625 0.021484375
9 0.44375 0.2548828125 0.00625 0.021484375
9 0.30703125 0.25 0.0078125 0.0234375
9 0.2984375 0.2490234375 0.009375 0.025390625
9 0.56796875 0.314453125 0.0046875 0.0078125
9 0.28984375 0.248046875 0.0078125 0.0234375
2 0.3859375 0.359375 0.01875 0.0234375
2 0.03046875 0.41015625 0.0609375 0.06640625
0 0.14921875 0.376953125 0.0109375 0.03125
0 0.13515625 0.3779296875 0.0140625 0.037109375
3 0.64375 0.3974609375 0.034375 0.091796875
0 0.6484375 0.3623046875 0.021875 0.025390625
0 0.615625 0.357421875 0.009375 0.01953125
3 0.96328125 0.5791015625 0.0703125 0.201171875
3 0.91015625 0.52734375 0.1421875 0.1875
3 0.859375 0.5166015625 0.13125 0.142578125
2 0.8125 0.4541015625 0.203125 0.201171875
2 0.70625 0.4189453125 0.121875 0.138671875
3 0.59375 0.39453125 0.046875 0.046875
3 0.60234375 0.400390625 0.0453125 0.046875
0 0.5921875 0.3564453125 0.009375 0.029296875
0 0.571875 0.3642578125 0.009375 0.037109375
0 0.54140625 0.361328125 0.0078125 0.03515625
2 0.07421875 0.4111328125 0.1046875 0.083984375
2 0.25703125 0.3828125 0.0859375 0.078125
2 0.35703125 0.369140625 0.0390625 0.0390625
2 0.409375 0.3720703125 0.040625 0.044921875
2 0.43203125 0.36328125 0.0265625 0.02734375
2 0.446875 0.359375 0.01875 0.0234375
2 0.47421875 0.3681640625 0.0359375 0.037109375
2 0.48671875 0.3603515625 0.0265625 0.033203125
2 0.525 0.3662109375 0.025 0.025390625
2 0.5140625 0.3642578125 0.01875 0.021484375
11 0.38359375 0.2529296875 0.0140625 0.021484375
11 0.75234375 0.291015625 0.0265625 0.04296875
9 0.45078125 0.2548828125 0.0078125 0.021484375
9 0.459375 0.2548828125 0.00625 0.021484375
9 0.44375 0.2548828125 0.00625 0.021484375
9 0.30703125 0.25 0.0078125 0.0234375
9 0.2984375 0.2490234375 0.009375 0.025390625
9 0.56796875 0.314453125 0.0046875 0.0078125
9 0.28984375 0.248046875 0.0078125 0.0234375
2 0.3859375 0.359375 0.01875 0.0234375
2 0.03046875 0.41015625 0.0609375 0.06640625
0 0.14921875 0.376953125 0.0109375 0.03125
0 0.13515625 0.3779296875 0.0140625 0.037109375
3 0.64375 0.3974609375 0.034375 0.091796875
0 0.6484375 0.3623046875 0.021875 0.025390625
0 0.615625 0.357421875 0.009375 0.01953125
