2 0.58515625 0.359375 0.0390625 0.04296875
2 0.53046875 0.36328125 0.0296875 0.02734375
7 0.53828125 0.341796875 0.0171875 0.0234375
7 0.51484375 0.3505859375 0.0109375 0.017578125
2 0.4875 0.357421875 0.015625 0.01953125
2 0.50078125 0.3544921875 0.0109375 0.009765625
2 0.18515625 0.365234375 0.0296875 0.0234375
2 0.25546875 0.357421875 0.0265625 0.01953125
2 0.29375 0.3583984375 0.0125 0.009765625
2 0.3328125 0.353515625 0.015625 0.01171875
2 0.375 0.353515625 0.009375 0.0078125
2 0.15859375 0.3701171875 0.0265625 0.017578125
2 0.2078125 0.3642578125 0.01875 0.017578125
2 0.3625 0.35546875 0.009375 0.0078125
2 0.3484375 0.3544921875 0.009375 0.009765625
2 0.3859375 0.35546875 0.009375 0.0078125
2 0.58515625 0.359375 0.0390625 0.04296875
2 0.53046875 0.36328125 0.0296875 0.02734375
7 0.53828125 0.341796875 0.0171875 0.0234375
7 0.51484375 0.3505859375 0.0109375 0.017578125
2 0.4875 0.357421875 0.015625 0.01953125
2 0.50078125 0.3544921875 0.0109375 0.009765625
2 0.18515625 0.365234375 0.0296875 0.0234375
2 0.25546875 0.357421875 0.0265625 0.01953125
2 0.29375 0.3583984375 0.0125 0.009765625
2 0.3328125 0.353515625 0.015625 0.01171875
2 0.375 0.353515625 0.009375 0.0078125
2 0.15859375 0.3701171875 0.0265625 0.017578125
2 0.2078125 0.3642578125 0.01875 0.017578125
2 0.3625 0.35546875 0.009375 0.0078125
2 0.3484375 0.3544921875 0.009375 0.009765625
2 0.3859375 0.35546875 0.009375 0.0078125
