2 0.35546875 0.3837890625 0.0828125 0.076171875
2 0.5703125 0.3671875 0.04375 0.04296875
2 0.51328125 0.443359375 0.1734375 0.16796875
2 0.41171875 0.3623046875 0.0453125 0.041015625
2 0.25 0.37890625 0.0875 0.0859375
2 0.175 0.376953125 0.059375 0.0546875
2 0.4640625 0.34765625 0.021875 0.0234375
3 0.45859375 0.357421875 0.0078125 0.015625
0 0.45859375 0.349609375 0.0078125 0.01953125
0 0.4328125 0.3505859375 0.00625 0.017578125
3 0.4328125 0.3564453125 0.00625 0.013671875
9 0.43046875 0.1142578125 0.0140625 0.064453125
9 0.403125 0.11328125 0.01875 0.06640625
9 0.37890625 0.115234375 0.0140625 0.0625
0 0.875 0.3857421875 0.034375 0.095703125
0 0.96484375 0.412109375 0.0328125 0.12890625
0 0.8953125 0.384765625 0.028125 0.09765625
9 0.16796875 0.1728515625 0.0140625 0.044921875
9 0.184375 0.171875 0.0125 0.04296875
9 0.1546875 0.173828125 0.0125 0.04296875
0 0.0953125 0.3818359375 0.01875 0.029296875
2 0.5484375 0.34765625 0.0375 0.0234375
2 0.4890625 0.3486328125 0.025 0.021484375
2 0.525 0.3505859375 0.015625 0.017578125
2 0.371875 0.349609375 0.025 0.01171875
0 0.13984375 0.3681640625 0.0078125 0.029296875
11 0.0984375 0.3203125 0.03125 0.0078125
11 0.0984375 0.3125 0.03125 0.0078125
2 0.50546875 0.3486328125 0.0078125 0.013671875
11 0.1234375 0.3291015625 0.00625 0.009765625
11 0.1234375 0.3447265625 0.00625 0.009765625
2 0.396875 0.34765625 0.021875 0.01953125
2 0.35546875 0.3837890625 0.0828125 0.076171875
2 0.5703125 0.3671875 0.04375 0.04296875
2 0.51328125 0.443359375 0.1734375 0.16796875
2 0.41171875 0.3623046875 0.0453125 0.041015625
2 0.25 0.37890625 0.0875 0.0859375
2 0.175 0.376953125 0.059375 0.0546875
2 0.4640625 0.34765625 0.021875 0.0234375
3 0.45859375 0.357421875 0.0078125 0.015625
0 0.45859375 0.349609375 0.0078125 0.01953125
0 0.4328125 0.3505859375 0.00625 0.017578125
3 0.4328125 0.3564453125 0.00625 0.013671875
9 0.43046875 0.1142578125 0.0140625 0.064453125
9 0.403125 0.11328125 0.01875 0.06640625
9 0.37890625 0.115234375 0.0140625 0.0625
0 0.875 0.3857421875 0.034375 0.095703125
0 0.96484375 0.412109375 0.0328125 0.12890625
0 0.8953125 0.384765625 0.028125 0.09765625
9 0.16796875 0.1728515625 0.0140625 0.044921875
9 0.184375 0.171875 0.0125 0.04296875
9 0.1546875 0.173828125 0.0125 0.04296875
0 0.0953125 0.3818359375 0.01875 0.029296875
2 0.5484375 0.34765625 0.0375 0.0234375
2 0.4890625 0.3486328125 0.025 0.021484375
2 0.525 0.3505859375 0.015625 0.017578125
2 0.371875 0.349609375 0.025 0.01171875
0 0.13984375 0.3681640625 0.0078125 0.029296875
11 0.0984375 0.3203125 0.03125 0.0078125
11 0.0984375 0.3125 0.03125 0.0078125
2 0.50546875 0.3486328125 0.0078125 0.013671875
11 0.1234375 0.3291015625 0.00625 0.009765625
11 0.1234375 0.3447265625 0.00625 0.009765625
2 0.396875 0.34765625 0.021875 0.01953125
