2 0.590625 0.35546875 0.040625 0.04296875
2 0.5375 0.359375 0.03125 0.02734375
7 0.53125 0.33984375 0.01875 0.03125
7 0.5125 0.3447265625 0.009375 0.017578125
2 0.48203125 0.3515625 0.0171875 0.01953125
2 0.12734375 0.3759765625 0.0484375 0.037109375
2 0.25078125 0.353515625 0.0203125 0.015625
2 0.2875 0.3515625 0.015625 0.01171875
2 0.21171875 0.365234375 0.0328125 0.0234375
2 0.33359375 0.3505859375 0.0109375 0.009765625
2 0.01640625 0.3857421875 0.0328125 0.033203125
2 0.590625 0.35546875 0.040625 0.04296875
2 0.5375 0.359375 0.03125 0.02734375
7 0.53125 0.33984375 0.01875 0.03125
7 0.5125 0.3447265625 0.009375 0.017578125
2 0.48203125 0.3515625 0.0171875 0.01953125
2 0.12734375 0.3759765625 0.0484375 0.037109375
2 0.25078125 0.353515625 0.0203125 0.015625
2 0.2875 0.3515625 0.015625 0.01171875
2 0.21171875 0.365234375 0.0328125 0.0234375
2 0.33359375 0.3505859375 0.0109375 0.009765625
2 0.01640625 0.3857421875 0.0328125 0.033203125
