2 0.87890625 0.5341796875 0.2390625 0.244140625
2 0.6265625 0.494140625 0.165625 0.10546875
2 0.09140625 0.525390625 0.1828125 0.234375
2 0.540625 0.4814453125 0.075 0.080078125
0 0.47890625 0.435546875 0.0109375 0.015625
2 0.4890625 0.47265625 0.0625 0.0625
11 0.859375 0.3564453125 0.015625 0.037109375
2 0.453125 0.4677734375 0.040625 0.048828125
2 0.42890625 0.4501953125 0.0578125 0.056640625
0 0.3234375 0.453125 0.015625 0.04296875
11 0.4609375 0.4111328125 0.015625 0.017578125
2 0.2296875 0.45703125 0.046875 0.0390625
0 0.79921875 0.4501953125 0.0390625 0.064453125
2 0.20390625 0.4912109375 0.0359375 0.080078125
2 0.18203125 0.498046875 0.0546875 0.09375
2 0.21640625 0.4814453125 0.0359375 0.064453125
2 0.87890625 0.5341796875 0.2390625 0.244140625
2 0.6265625 0.494140625 0.165625 0.10546875
2 0.09140625 0.525390625 0.1828125 0.234375
2 0.540625 0.4814453125 0.075 0.080078125
0 0.47890625 0.435546875 0.0109375 0.015625
2 0.4890625 0.47265625 0.0625 0.0625
11 0.859375 0.3564453125 0.015625 0.037109375
2 0.453125 0.4677734375 0.040625 0.048828125
2 0.42890625 0.4501953125 0.0578125 0.056640625
0 0.3234375 0.453125 0.015625 0.04296875
11 0.4609375 0.4111328125 0.015625 0.017578125
2 0.2296875 0.45703125 0.046875 0.0390625
0 0.79921875 0.4501953125 0.0390625 0.064453125
2 0.20390625 0.4912109375 0.0359375 0.080078125
2 0.18203125 0.498046875 0.0546875 0.09375
2 0.21640625 0.4814453125 0.0359375 0.064453125
