2 0.4734375 0.62109375 0.046875 0.046875
2 0.52890625 0.6220703125 0.0203125 0.021484375
7 0.8703125 0.6328125 0.25625 0.23046875
7 0.71328125 0.619140625 0.0828125 0.109375
7 0.65234375 0.61328125 0.0453125 0.06640625
7 0.58984375 0.6142578125 0.0265625 0.044921875
7 0.61484375 0.6162109375 0.0234375 0.044921875
2 0.5484375 0.6220703125 0.0125 0.013671875
2 0.4734375 0.62109375 0.046875 0.046875
2 0.52890625 0.6220703125 0.0203125 0.021484375
7 0.8703125 0.6328125 0.25625 0.23046875
7 0.71328125 0.619140625 0.0828125 0.109375
7 0.65234375 0.61328125 0.0453125 0.06640625
7 0.58984375 0.6142578125 0.0265625 0.044921875
7 0.61484375 0.6162109375 0.0234375 0.044921875
2 0.5484375 0.6220703125 0.0125 0.013671875
