2 0.38515625 0.39453125 0.0734375 0.0703125
2 0.95078125 0.5869140625 0.0953125 0.193359375
2 0.45234375 0.3779296875 0.0453125 0.041015625
0 0.6703125 0.3720703125 0.01875 0.056640625
2 0.471875 0.357421875 0.009375 0.01171875
2 0.51875 0.369140625 0.021875 0.0234375
2 0.48203125 0.3583984375 0.0109375 0.013671875
0 0.69453125 0.3740234375 0.0171875 0.052734375
0 0.93984375 0.3955078125 0.0203125 0.111328125
2 0.5015625 0.357421875 0.009375 0.01171875
9 0.43828125 0.298828125 0.0078125 0.01953125
9 0.39921875 0.30078125 0.0078125 0.01953125
11 0.13671875 0.4482421875 0.0140625 0.072265625
11 0.9671875 0.193359375 0.0625 0.015625
11 0.9671875 0.2109375 0.0625 0.015625
11 0.9671875 0.23046875 0.0625 0.015625
11 0.96328125 0.2470703125 0.0546875 0.013671875
11 0.3546875 0.3037109375 0.015625 0.017578125
2 0.321875 0.3720703125 0.01875 0.025390625
2 0.41015625 0.3603515625 0.0109375 0.013671875
2 0.309375 0.375 0.015625 0.02734375
2 0.296875 0.3798828125 0.01875 0.029296875
2 0.278125 0.3818359375 0.025 0.029296875
2 0.08359375 0.431640625 0.1671875 0.1328125
2 0.253125 0.3857421875 0.021875 0.029296875
2 0.2359375 0.3876953125 0.025 0.033203125
2 0.2 0.3876953125 0.05625 0.044921875
0 0.90859375 0.392578125 0.0328125 0.11328125
2 0.4375 0.3603515625 0.0125 0.013671875
0 0.18046875 0.373046875 0.0078125 0.01953125
0 0.596875 0.3642578125 0.009375 0.025390625
9 0.4484375 0.30859375 0.00625 0.015625
9 0.4734375 0.30859375 0.00625 0.015625
9 0.503125 0.30859375 0.00625 0.015625
2 0.38515625 0.39453125 0.0734375 0.0703125
2 0.95078125 0.5869140625 0.0953125 0.193359375
2 0.45234375 0.3779296875 0.0453125 0.041015625
0 0.6703125 0.3720703125 0.01875 0.056640625
2 0.471875 0.357421875 0.009375 0.01171875
2 0.51875 0.369140625 0.021875 0.0234375
2 0.48203125 0.3583984375 0.0109375 0.013671875
0 0.69453125 0.3740234375 0.0171875 0.052734375
0 0.93984375 0.3955078125 0.0203125 0.111328125
2 0.5015625 0.357421875 0.009375 0.01171875
9 0.43828125 0.298828125 0.0078125 0.01953125
9 0.39921875 0.30078125 0.0078125 0.01953125
11 0.13671875 0.4482421875 0.0140625 0.072265625
11 0.9671875 0.193359375 0.0625 0.015625
11 0.9671875 0.2109375 0.0625 0.015625
11 0.9671875 0.23046875 0.0625 0.015625
11 0.96328125 0.2470703125 0.0546875 0.013671875
11 0.3546875 0.3037109375 0.015625 0.017578125
2 0.321875 0.3720703125 0.01875 0.025390625
2 0.41015625 0.3603515625 0.0109375 0.013671875
2 0.309375 0.375 0.015625 0.02734375
2 0.296875 0.3798828125 0.01875 0.029296875
2 0.278125 0.3818359375 0.025 0.029296875
2 0.08359375 0.431640625 0.1671875 0.1328125
2 0.253125 0.3857421875 0.021875 0.029296875
2 0.2359375 0.3876953125 0.025 0.033203125
2 0.2 0.3876953125 0.05625 0.044921875
0 0.90859375 0.392578125 0.0328125 0.11328125
2 0.4375 0.3603515625 0.0125 0.013671875
0 0.18046875 0.373046875 0.0078125 0.01953125
0 0.596875 0.3642578125 0.009375 0.025390625
9 0.4484375 0.30859375 0.00625 0.015625
9 0.4734375 0.30859375 0.00625 0.015625
9 0.503125 0.30859375 0.00625 0.015625
