2 0.7 0.451171875 0.04375 0.046875
2 0.58671875 0.4453125 0.0109375 0.01171875
2 0.51875 0.44921875 0.028125 0.015625
0 0.4890625 0.4462890625 0.009375 0.033203125
9 0.5078125 0.2705078125 0.0125 0.048828125
9 0.625 0.263671875 0.0125 0.046875
11 0.54296875 0.255859375 0.0203125 0.03125
11 0.721875 0.2822265625 0.059375 0.025390625
11 0.19453125 0.306640625 0.0265625 0.03515625
9 0.18046875 0.369140625 0.0078125 0.01171875
9 0.221875 0.3671875 0.009375 0.01171875
0 0.68125 0.4765625 0.021875 0.078125
0 0.0734375 0.5537109375 0.05625 0.212890625
0 0.02265625 0.546875 0.0453125 0.2109375
9 0.06015625 0.1806640625 0.0234375 0.068359375
9 0.16796875 0.23046875 0.0140625 0.046875
11 0.20078125 0.3857421875 0.0390625 0.013671875
11 0.765625 0.330078125 0.021875 0.03515625
0 0.88984375 0.47265625 0.0265625 0.0859375
2 0.38203125 0.4599609375 0.0171875 0.025390625
0 0.853125 0.4482421875 0.028125 0.064453125
2 0.8625 0.427734375 0.040625 0.0234375
2 0.8328125 0.4326171875 0.01875 0.017578125
2 0.2984375 0.4755859375 0.103125 0.060546875
2 0.33125 0.455078125 0.028125 0.0234375
2 0.11171875 0.4853515625 0.0421875 0.041015625
2 0.15 0.4814453125 0.034375 0.037109375
2 0.2171875 0.4716796875 0.028125 0.041015625
2 0.04296875 0.484375 0.0265625 0.03515625
2 0.24765625 0.4697265625 0.0484375 0.048828125
0 0.03359375 0.529296875 0.0421875 0.16796875
2 0.7 0.451171875 0.04375 0.046875
2 0.58671875 0.4453125 0.0109375 0.01171875
2 0.51875 0.44921875 0.028125 0.015625
0 0.4890625 0.4462890625 0.009375 0.033203125
9 0.5078125 0.2705078125 0.0125 0.048828125
9 0.625 0.263671875 0.0125 0.046875
11 0.54296875 0.255859375 0.0203125 0.03125
11 0.721875 0.2822265625 0.059375 0.025390625
11 0.19453125 0.306640625 0.0265625 0.03515625
9 0.18046875 0.369140625 0.0078125 0.01171875
9 0.221875 0.3671875 0.009375 0.01171875
0 0.68125 0.4765625 0.021875 0.078125
0 0.0734375 0.5537109375 0.05625 0.212890625
0 0.02265625 0.546875 0.0453125 0.2109375
9 0.06015625 0.1806640625 0.0234375 0.068359375
9 0.16796875 0.23046875 0.0140625 0.046875
11 0.20078125 0.3857421875 0.0390625 0.013671875
11 0.765625 0.330078125 0.021875 0.03515625
0 0.88984375 0.47265625 0.0265625 0.0859375
2 0.38203125 0.4599609375 0.0171875 0.025390625
0 0.853125 0.4482421875 0.028125 0.064453125
2 0.8625 0.427734375 0.040625 0.0234375
2 0.8328125 0.4326171875 0.01875 0.017578125
2 0.2984375 0.4755859375 0.103125 0.060546875
2 0.33125 0.455078125 0.028125 0.0234375
2 0.11171875 0.4853515625 0.0421875 0.041015625
2 0.15 0.4814453125 0.034375 0.037109375
2 0.2171875 0.4716796875 0.028125 0.041015625
2 0.04296875 0.484375 0.0265625 0.03515625
2 0.24765625 0.4697265625 0.0484375 0.048828125
0 0.03359375 0.529296875 0.0421875 0.16796875
