0 0.71640625 0.3779296875 0.0203125 0.076171875
0 0.675 0.3837890625 0.021875 0.076171875
0 0.59609375 0.375 0.0171875 0.0625
2 0.4 0.3837890625 0.046875 0.048828125
2 0.42578125 0.3759765625 0.0234375 0.037109375
2 0.45859375 0.365234375 0.0140625 0.0234375
2 0.48203125 0.3779296875 0.0359375 0.037109375
2 0.5609375 0.3818359375 0.0375 0.041015625
2 0.53828125 0.375 0.0234375 0.03125
11 0.2625 0.1357421875 0.0375 0.048828125
9 0.4234375 0.1484375 0.015625 0.0546875
9 0.4390625 0.1494140625 0.015625 0.052734375
9 0.40703125 0.1494140625 0.0171875 0.052734375
9 0.0359375 0.1201171875 0.015625 0.048828125
9 0.01953125 0.1201171875 0.0171875 0.048828125
9 0.00703125 0.1201171875 0.0140625 0.048828125
2 0.496875 0.373046875 0.021875 0.03125
9 0.46953125 0.3125 0.0046875 0.01171875
3 0.26484375 0.3916015625 0.0203125 0.033203125
0 0.01171875 0.412109375 0.0234375 0.05859375
11 0.94296875 0.3134765625 0.0578125 0.064453125
11 0.94609375 0.1982421875 0.0578125 0.029296875
9 0.96015625 0.24609375 0.0328125 0.0390625
9 0.6640625 0.283203125 0.0125 0.015625
2 0.5109375 0.3671875 0.015625 0.01953125
9 0.91171875 0.244140625 0.0390625 0.04296875
0 0.06875 0.390625 0.015625 0.03515625
0 0.1140625 0.376953125 0.0125 0.015625
2 0.3640625 0.3740234375 0.0375 0.041015625
11 0.6640625 0.3154296875 0.021875 0.025390625
10 0.9234375 0.40234375 0.0125 0.02734375
0 0.14453125 0.3828125 0.0140625 0.03515625
0 0.08515625 0.3896484375 0.0109375 0.013671875
0 0.09296875 0.3876953125 0.0109375 0.013671875
0 0.04375 0.400390625 0.0125 0.0234375
1 0.1328125 0.408203125 0.01875 0.0234375
0 0.7546875 0.3798828125 0.01875 0.064453125
3 0.02421875 0.4228515625 0.0484375 0.052734375
0 0.2671875 0.3837890625 0.0125 0.037109375
2 0.32578125 0.3798828125 0.0546875 0.056640625
2 0.17109375 0.3974609375 0.0546875 0.044921875
3 0.4515625 0.3740234375 0.0125 0.021484375
0 0.4515625 0.3671875 0.0125 0.02734375
0 0.71640625 0.3779296875 0.0203125 0.076171875
0 0.675 0.3837890625 0.021875 0.076171875
0 0.59609375 0.375 0.0171875 0.0625
2 0.4 0.3837890625 0.046875 0.048828125
2 0.42578125 0.3759765625 0.0234375 0.037109375
2 0.45859375 0.365234375 0.0140625 0.0234375
2 0.48203125 0.3779296875 0.0359375 0.037109375
2 0.5609375 0.3818359375 0.0375 0.041015625
2 0.53828125 0.375 0.0234375 0.03125
11 0.2625 0.1357421875 0.0375 0.048828125
9 0.4234375 0.1484375 0.015625 0.0546875
9 0.4390625 0.1494140625 0.015625 0.052734375
9 0.40703125 0.1494140625 0.0171875 0.052734375
9 0.0359375 0.1201171875 0.015625 0.048828125
9 0.01953125 0.1201171875 0.0171875 0.048828125
9 0.00703125 0.1201171875 0.0140625 0.048828125
2 0.496875 0.373046875 0.021875 0.03125
9 0.46953125 0.3125 0.0046875 0.01171875
3 0.26484375 0.3916015625 0.0203125 0.033203125
0 0.01171875 0.412109375 0.0234375 0.05859375
11 0.94296875 0.3134765625 0.0578125 0.064453125
11 0.94609375 0.1982421875 0.0578125 0.029296875
9 0.96015625 0.24609375 0.0328125 0.0390625
9 0.6640625 0.283203125 0.0125 0.015625
2 0.5109375 0.3671875 0.015625 0.01953125
9 0.91171875 0.244140625 0.0390625 0.04296875
0 0.06875 0.390625 0.015625 0.03515625
0 0.1140625 0.376953125 0.0125 0.015625
2 0.3640625 0.3740234375 0.0375 0.041015625
11 0.6640625 0.3154296875 0.021875 0.025390625
10 0.9234375 0.40234375 0.0125 0.02734375
0 0.14453125 0.3828125 0.0140625 0.03515625
0 0.08515625 0.3896484375 0.0109375 0.013671875
0 0.09296875 0.3876953125 0.0109375 0.013671875
0 0.04375 0.400390625 0.0125 0.0234375
1 0.1328125 0.408203125 0.01875 0.0234375
0 0.7546875 0.3798828125 0.01875 0.064453125
3 0.02421875 0.4228515625 0.0484375 0.052734375
0 0.2671875 0.3837890625 0.0125 0.037109375
2 0.32578125 0.3798828125 0.0546875 0.056640625
2 0.17109375 0.3974609375 0.0546875 0.044921875
3 0.4515625 0.3740234375 0.0125 0.021484375
0 0.4515625 0.3671875 0.0125 0.02734375
