2 0.5890625 0.359375 0.040625 0.04296875
2 0.53671875 0.361328125 0.0296875 0.02734375
7 0.53515625 0.3388671875 0.0203125 0.025390625
7 0.51640625 0.3466796875 0.0109375 0.017578125
2 0.48515625 0.3544921875 0.0171875 0.017578125
2 0.06640625 0.3798828125 0.0515625 0.025390625
2 0.1953125 0.36328125 0.01875 0.01171875
2 0.225 0.3623046875 0.025 0.013671875
2 0.5046875 0.3525390625 0.009375 0.009765625
2 0.17578125 0.365234375 0.0203125 0.01171875
2 0.28515625 0.3583984375 0.0109375 0.009765625
2 0.3234375 0.353515625 0.009375 0.0078125
7 0.3453125 0.3466796875 0.021875 0.021484375
2 0.37265625 0.3515625 0.0078125 0.0078125
2 0.38203125 0.3515625 0.0078125 0.0078125
2 0.5890625 0.359375 0.040625 0.04296875
2 0.53671875 0.361328125 0.0296875 0.02734375
7 0.53515625 0.3388671875 0.0203125 0.025390625
7 0.51640625 0.3466796875 0.0109375 0.017578125
2 0.48515625 0.3544921875 0.0171875 0.017578125
2 0.06640625 0.3798828125 0.0515625 0.025390625
2 0.1953125 0.36328125 0.01875 0.01171875
2 0.225 0.3623046875 0.025 0.013671875
2 0.5046875 0.3525390625 0.009375 0.009765625
2 0.17578125 0.365234375 0.0203125 0.01171875
2 0.28515625 0.3583984375 0.0109375 0.009765625
2 0.3234375 0.353515625 0.009375 0.0078125
7 0.3453125 0.3466796875 0.021875 0.021484375
2 0.37265625 0.3515625 0.0078125 0.0078125
2 0.38203125 0.3515625 0.0078125 0.0078125
