2 0.87890625 0.484375 0.2390625 0.33203125
2 0.61015625 0.35546875 0.0453125 0.05078125
2 0.54453125 0.359375 0.0296875 0.02734375
7 0.53125 0.3408203125 0.01875 0.029296875
7 0.5046875 0.3427734375 0.009375 0.009765625
2 0.50546875 0.3505859375 0.0109375 0.009765625
2 0.49140625 0.3544921875 0.0171875 0.017578125
2 0.30390625 0.3564453125 0.0203125 0.017578125
2 0.24453125 0.357421875 0.0328125 0.03125
2 0.1234375 0.376953125 0.046875 0.03515625
2 0.3515625 0.353515625 0.009375 0.01171875
2 0.36171875 0.353515625 0.0109375 0.01171875
7 0.209375 0.3486328125 0.078125 0.060546875
2 0.3375 0.349609375 0.01875 0.01953125
2 0.38671875 0.349609375 0.0109375 0.01171875
2 0.40078125 0.34765625 0.0078125 0.0078125
2 0.41171875 0.34765625 0.0078125 0.0078125
2 0.87890625 0.484375 0.2390625 0.33203125
2 0.61015625 0.35546875 0.0453125 0.05078125
2 0.54453125 0.359375 0.0296875 0.02734375
7 0.53125 0.3408203125 0.01875 0.029296875
7 0.5046875 0.3427734375 0.009375 0.009765625
2 0.50546875 0.3505859375 0.0109375 0.009765625
2 0.49140625 0.3544921875 0.0171875 0.017578125
2 0.30390625 0.3564453125 0.0203125 0.017578125
2 0.24453125 0.357421875 0.0328125 0.03125
2 0.1234375 0.376953125 0.046875 0.03515625
2 0.3515625 0.353515625 0.009375 0.01171875
2 0.36171875 0.353515625 0.0109375 0.01171875
7 0.209375 0.3486328125 0.078125 0.060546875
2 0.3375 0.349609375 0.01875 0.01953125
2 0.38671875 0.349609375 0.0109375 0.01171875
2 0.40078125 0.34765625 0.0078125 0.0078125
2 0.41171875 0.34765625 0.0078125 0.0078125
