2 0.48984375 0.6220703125 0.0359375 0.041015625
2 0.534375 0.623046875 0.015625 0.01953125
7 0.83984375 0.6328125 0.2359375 0.1875
7 0.69375 0.6240234375 0.059375 0.099609375
7 0.64765625 0.6181640625 0.0390625 0.064453125
7 0.58984375 0.619140625 0.0265625 0.04296875
7 0.6140625 0.619140625 0.021875 0.04296875
2 0.55234375 0.62109375 0.0109375 0.01171875
2 0.48984375 0.6220703125 0.0359375 0.041015625
2 0.534375 0.623046875 0.015625 0.01953125
7 0.83984375 0.6328125 0.2359375 0.1875
7 0.69375 0.6240234375 0.059375 0.099609375
7 0.64765625 0.6181640625 0.0390625 0.064453125
7 0.58984375 0.619140625 0.0265625 0.04296875
7 0.6140625 0.619140625 0.021875 0.04296875
2 0.55234375 0.62109375 0.0109375 0.01171875
