2 0.875 0.4775390625 0.246875 0.318359375
2 0.61015625 0.357421875 0.0453125 0.05078125
2 0.54453125 0.359375 0.0296875 0.02734375
7 0.53046875 0.3408203125 0.0171875 0.029296875
7 0.5046875 0.3427734375 0.009375 0.009765625
2 0.50546875 0.3505859375 0.0109375 0.009765625
2 0.49140625 0.3544921875 0.0171875 0.017578125
2 0.30859375 0.35546875 0.0171875 0.015625
2 0.25546875 0.357421875 0.0296875 0.03125
2 0.1484375 0.373046875 0.04375 0.03125
2 0.3546875 0.353515625 0.009375 0.01171875
2 0.3640625 0.353515625 0.009375 0.01171875
7 0.22265625 0.34765625 0.0734375 0.05859375
2 0.3421875 0.349609375 0.01875 0.01953125
2 0.38671875 0.3515625 0.0109375 0.01171875
2 0.40078125 0.34765625 0.0078125 0.0078125
2 0.41171875 0.34765625 0.0078125 0.0078125
2 0.875 0.4775390625 0.246875 0.318359375
2 0.61015625 0.357421875 0.0453125 0.05078125
2 0.54453125 0.359375 0.0296875 0.02734375
7 0.53046875 0.3408203125 0.0171875 0.029296875
7 0.5046875 0.3427734375 0.009375 0.009765625
2 0.50546875 0.3505859375 0.0109375 0.009765625
2 0.49140625 0.3544921875 0.0171875 0.017578125
2 0.30859375 0.35546875 0.0171875 0.015625
2 0.25546875 0.357421875 0.0296875 0.03125
2 0.1484375 0.373046875 0.04375 0.03125
2 0.3546875 0.353515625 0.009375 0.01171875
2 0.3640625 0.353515625 0.009375 0.01171875
7 0.22265625 0.34765625 0.0734375 0.05859375
2 0.3421875 0.349609375 0.01875 0.01953125
2 0.38671875 0.3515625 0.0109375 0.01171875
2 0.40078125 0.34765625 0.0078125 0.0078125
2 0.41171875 0.34765625 0.0078125 0.0078125
