2 0.67578125 0.3896484375 0.1296875 0.123046875
2 0.6171875 0.3544921875 0.040625 0.056640625
2 0.5375 0.3564453125 0.03125 0.029296875
7 0.52265625 0.337890625 0.0171875 0.02734375
7 0.5 0.337890625 0.009375 0.01171875
2 0.503125 0.34375 0.009375 0.0078125
2 0.490625 0.3525390625 0.01875 0.017578125
2 0.03828125 0.3818359375 0.0515625 0.037109375
2 0.2890625 0.3544921875 0.021875 0.017578125
7 0.3546875 0.3388671875 0.021875 0.029296875
2 0.36796875 0.34765625 0.0140625 0.01171875
2 0.37890625 0.345703125 0.0109375 0.01171875
2 0.396875 0.34375 0.0125 0.01171875
2 0.4125 0.3427734375 0.009375 0.009765625
2 0.42421875 0.341796875 0.0140625 0.01171875
2 0.67578125 0.3896484375 0.1296875 0.123046875
2 0.6171875 0.3544921875 0.040625 0.056640625
2 0.5375 0.3564453125 0.03125 0.029296875
7 0.52265625 0.337890625 0.0171875 0.02734375
7 0.5 0.337890625 0.009375 0.01171875
2 0.503125 0.34375 0.009375 0.0078125
2 0.490625 0.3525390625 0.01875 0.017578125
2 0.03828125 0.3818359375 0.0515625 0.037109375
2 0.2890625 0.3544921875 0.021875 0.017578125
7 0.3546875 0.3388671875 0.021875 0.029296875
2 0.36796875 0.34765625 0.0140625 0.01171875
2 0.37890625 0.345703125 0.0109375 0.01171875
2 0.396875 0.34375 0.0125 0.01171875
2 0.4125 0.3427734375 0.009375 0.009765625
2 0.42421875 0.341796875 0.0140625 0.01171875
