2 0.81953125 0.4365234375 0.2671875 0.232421875
2 0.6125 0.3544921875 0.046875 0.048828125
2 0.54375 0.35546875 0.03125 0.02734375
7 0.52890625 0.3388671875 0.0171875 0.025390625
7 0.503125 0.3388671875 0.009375 0.009765625
2 0.5046875 0.3466796875 0.0125 0.009765625
2 0.48984375 0.3505859375 0.0171875 0.017578125
2 0.05234375 0.37890625 0.0703125 0.0546875
2 0.26875 0.357421875 0.021875 0.0234375
7 0.1109375 0.353515625 0.1 0.0703125
2 0.3703125 0.349609375 0.0125 0.01171875
2 0.2515625 0.357421875 0.01875 0.01953125
2 0.35234375 0.3466796875 0.0171875 0.017578125
2 0.32265625 0.3525390625 0.0171875 0.017578125
2 0.1984375 0.3623046875 0.03125 0.025390625
2 0.3890625 0.345703125 0.00625 0.00390625
2 0.39609375 0.345703125 0.0046875 0.00390625
7 0.3234375 0.3388671875 0.015625 0.009765625
2 0.090625 0.3740234375 0.028125 0.037109375
2 0.81953125 0.4365234375 0.2671875 0.232421875
2 0.6125 0.3544921875 0.046875 0.048828125
2 0.54375 0.35546875 0.03125 0.02734375
7 0.52890625 0.3388671875 0.0171875 0.025390625
7 0.503125 0.3388671875 0.009375 0.009765625
2 0.5046875 0.3466796875 0.0125 0.009765625
2 0.48984375 0.3505859375 0.0171875 0.017578125
2 0.05234375 0.37890625 0.0703125 0.0546875
2 0.26875 0.357421875 0.021875 0.0234375
7 0.1109375 0.353515625 0.1 0.0703125
2 0.3703125 0.349609375 0.0125 0.01171875
2 0.2515625 0.357421875 0.01875 0.01953125
2 0.35234375 0.3466796875 0.0171875 0.017578125
2 0.32265625 0.3525390625 0.0171875 0.017578125
2 0.1984375 0.3623046875 0.03125 0.025390625
2 0.3890625 0.345703125 0.00625 0.00390625
2 0.39609375 0.345703125 0.0046875 0.00390625
7 0.3234375 0.3388671875 0.015625 0.009765625
2 0.090625 0.3740234375 0.028125 0.037109375
