9 0.51875 0.365234375 0.00625 0.02734375
9 0.62578125 0.36328125 0.0078125 0.02734375
11 0.6859375 0.373046875 0.0375 0.015625
0 0.6 0.484375 0.009375 0.0390625
0 0.52265625 0.4814453125 0.0109375 0.037109375
2 0.4875 0.4814453125 0.059375 0.041015625
2 0.421875 0.486328125 0.04375 0.0390625
2 0.38046875 0.5166015625 0.0953125 0.099609375
2 0.31875 0.546875 0.14375 0.10546875
2 0.31328125 0.4755859375 0.0328125 0.041015625
2 0.2359375 0.494140625 0.0875 0.06640625
2 0.1203125 0.6064453125 0.240625 0.291015625
11 0.32734375 0.4296875 0.0296875 0.04296875
9 0.80859375 0.328125 0.0140625 0.03515625
9 0.79375 0.3349609375 0.0125 0.033203125
9 0.72265625 0.423828125 0.0046875 0.01171875
11 0.84140625 0.3349609375 0.0171875 0.025390625
11 0.19453125 0.3974609375 0.0296875 0.044921875
11 0.22109375 0.4365234375 0.0109375 0.009765625
9 0.234375 0.412109375 0.009375 0.0234375
9 0.3 0.4326171875 0.00625 0.009765625
2 0.20234375 0.5107421875 0.0796875 0.064453125
9 0.21484375 0.412109375 0.0078125 0.0234375
9 0.51875 0.365234375 0.00625 0.02734375
9 0.62578125 0.36328125 0.0078125 0.02734375
11 0.6859375 0.373046875 0.0375 0.015625
0 0.6 0.484375 0.009375 0.0390625
0 0.52265625 0.4814453125 0.0109375 0.037109375
2 0.4875 0.4814453125 0.059375 0.041015625
2 0.421875 0.486328125 0.04375 0.0390625
2 0.38046875 0.5166015625 0.0953125 0.099609375
2 0.31875 0.546875 0.14375 0.10546875
2 0.31328125 0.4755859375 0.0328125 0.041015625
2 0.2359375 0.494140625 0.0875 0.06640625
2 0.1203125 0.6064453125 0.240625 0.291015625
11 0.32734375 0.4296875 0.0296875 0.04296875
9 0.80859375 0.328125 0.0140625 0.03515625
9 0.79375 0.3349609375 0.0125 0.033203125
9 0.72265625 0.423828125 0.0046875 0.01171875
11 0.84140625 0.3349609375 0.0171875 0.025390625
11 0.19453125 0.3974609375 0.0296875 0.044921875
11 0.22109375 0.4365234375 0.0109375 0.009765625
9 0.234375 0.412109375 0.009375 0.0234375
9 0.3 0.4326171875 0.00625 0.009765625
2 0.20234375 0.5107421875 0.0796875 0.064453125
9 0.21484375 0.412109375 0.0078125 0.0234375
