2 0.5859375 0.3544921875 0.040625 0.041015625
2 0.53203125 0.3603515625 0.0296875 0.025390625
7 0.53828125 0.337890625 0.0171875 0.0234375
7 0.51484375 0.3447265625 0.0109375 0.017578125
2 0.4875 0.353515625 0.015625 0.01953125
2 0.50234375 0.3505859375 0.0109375 0.009765625
7 0.0984375 0.357421875 0.103125 0.06640625
2 0.16875 0.3642578125 0.028125 0.021484375
2 0.2015625 0.3623046875 0.034375 0.021484375
2 0.28984375 0.35546875 0.0234375 0.015625
2 0.32109375 0.353515625 0.0171875 0.015625
2 0.34296875 0.3544921875 0.0109375 0.009765625
2 0.36796875 0.3515625 0.0140625 0.01171875
2 0.39375 0.3515625 0.0125 0.01171875
2 0.25703125 0.361328125 0.0171875 0.01171875
2 0.5859375 0.3544921875 0.040625 0.041015625
2 0.53203125 0.3603515625 0.0296875 0.025390625
7 0.53828125 0.337890625 0.0171875 0.0234375
7 0.51484375 0.3447265625 0.0109375 0.017578125
2 0.4875 0.353515625 0.015625 0.01953125
2 0.50234375 0.3505859375 0.0109375 0.009765625
7 0.0984375 0.357421875 0.103125 0.06640625
2 0.16875 0.3642578125 0.028125 0.021484375
2 0.2015625 0.3623046875 0.034375 0.021484375
2 0.28984375 0.35546875 0.0234375 0.015625
2 0.32109375 0.353515625 0.0171875 0.015625
2 0.34296875 0.3544921875 0.0109375 0.009765625
2 0.36796875 0.3515625 0.0140625 0.01171875
2 0.39375 0.3515625 0.0125 0.01171875
2 0.25703125 0.361328125 0.0171875 0.01171875
