2 0.90546875 0.556640625 0.1859375 0.26171875
2 0.803125 0.494140625 0.165625 0.171875
2 0.6796875 0.4775390625 0.04375 0.091796875
2 0.64609375 0.4521484375 0.0328125 0.033203125
2 0.5765625 0.451171875 0.0125 0.01171875
2 0.559375 0.453125 0.015625 0.01171875
2 0.525 0.44921875 0.01875 0.01953125
0 0.50234375 0.4521484375 0.0078125 0.025390625
2 0.33359375 0.4638671875 0.0203125 0.025390625
2 0.3078125 0.470703125 0.025 0.03125
9 0.52734375 0.3486328125 0.0078125 0.025390625
9 0.59140625 0.345703125 0.0078125 0.02734375
11 0.54609375 0.3408203125 0.0109375 0.017578125
11 0.64375 0.3564453125 0.034375 0.013671875
11 0.36015625 0.37109375 0.0140625 0.01953125
9 0.3515625 0.4052734375 0.00625 0.005859375
9 0.371875 0.4052734375 0.00625 0.005859375
11 0.35859375 0.4443359375 0.0078125 0.009765625
0 0.4328125 0.4658203125 0.015625 0.041015625
0 0.28671875 0.47265625 0.0203125 0.0625
0 0.26328125 0.4755859375 0.0234375 0.064453125
9 0.33046875 0.326171875 0.0078125 0.02734375
9 0.3578125 0.3369140625 0.00625 0.021484375
2 0.7046875 0.4853515625 0.04375 0.107421875
2 0.23046875 0.4794921875 0.0296875 0.033203125
2 0.40703125 0.4638671875 0.0234375 0.017578125
2 0.3828125 0.466796875 0.021875 0.01953125
2 0.1984375 0.482421875 0.040625 0.03515625
11 0.3609375 0.4140625 0.01875 0.0078125
2 0.90546875 0.556640625 0.1859375 0.26171875
2 0.803125 0.494140625 0.165625 0.171875
2 0.6796875 0.4775390625 0.04375 0.091796875
2 0.64609375 0.4521484375 0.0328125 0.033203125
2 0.5765625 0.451171875 0.0125 0.01171875
2 0.559375 0.453125 0.015625 0.01171875
2 0.525 0.44921875 0.01875 0.01953125
0 0.50234375 0.4521484375 0.0078125 0.025390625
2 0.33359375 0.4638671875 0.0203125 0.025390625
2 0.3078125 0.470703125 0.025 0.03125
9 0.52734375 0.3486328125 0.0078125 0.025390625
9 0.59140625 0.345703125 0.0078125 0.02734375
11 0.54609375 0.3408203125 0.0109375 0.017578125
11 0.64375 0.3564453125 0.034375 0.013671875
11 0.36015625 0.37109375 0.0140625 0.01953125
9 0.3515625 0.4052734375 0.00625 0.005859375
9 0.371875 0.4052734375 0.00625 0.005859375
11 0.35859375 0.4443359375 0.0078125 0.009765625
0 0.4328125 0.4658203125 0.015625 0.041015625
0 0.28671875 0.47265625 0.0203125 0.0625
0 0.26328125 0.4755859375 0.0234375 0.064453125
9 0.33046875 0.326171875 0.0078125 0.02734375
9 0.3578125 0.3369140625 0.00625 0.021484375
2 0.7046875 0.4853515625 0.04375 0.107421875
2 0.23046875 0.4794921875 0.0296875 0.033203125
2 0.40703125 0.4638671875 0.0234375 0.017578125
2 0.3828125 0.466796875 0.021875 0.01953125
2 0.1984375 0.482421875 0.040625 0.03515625
11 0.3609375 0.4140625 0.01875 0.0078125
