2 0.471875 0.62109375 0.046875 0.046875
2 0.52890625 0.6220703125 0.0203125 0.021484375
7 0.875 0.6396484375 0.246875 0.244140625
7 0.721875 0.6220703125 0.090625 0.111328125
7 0.65390625 0.615234375 0.0484375 0.06640625
7 0.58984375 0.6162109375 0.0265625 0.044921875
7 0.61484375 0.6162109375 0.0234375 0.044921875
2 0.5484375 0.6220703125 0.0125 0.013671875
2 0.471875 0.62109375 0.046875 0.046875
2 0.52890625 0.6220703125 0.0203125 0.021484375
7 0.875 0.6396484375 0.246875 0.244140625
7 0.721875 0.6220703125 0.090625 0.111328125
7 0.65390625 0.615234375 0.0484375 0.06640625
7 0.58984375 0.6162109375 0.0265625 0.044921875
7 0.61484375 0.6162109375 0.0234375 0.044921875
2 0.5484375 0.6220703125 0.0125 0.013671875
