9 0.47890625 0.2333984375 0.0140625 0.052734375
9 0.690625 0.228515625 0.015625 0.0546875
11 0.80546875 0.25 0.0765625 0.03125
0 0.63984375 0.4697265625 0.0203125 0.076171875
2 0.44296875 0.4638671875 0.0984375 0.068359375
2 0.3359375 0.46484375 0.078125 0.046875
2 0.15703125 0.46484375 0.0859375 0.078125
9 0.878125 0.345703125 0.0125 0.01953125
2 0.2875 0.462890625 0.05 0.0390625
2 0.984375 0.6826171875 0.028125 0.181640625
0 0.240625 0.4384765625 0.009375 0.013671875
10 0.61015625 0.482421875 0.0140625 0.04296875
2 0.246875 0.4609375 0.046875 0.03515625
9 0.09296875 0.384765625 0.0140625 0.01953125
11 0.071875 0.2978515625 0.034375 0.033203125
11 0.0890625 0.3427734375 0.01875 0.052734375
2 0.10546875 0.470703125 0.0171875 0.0390625
11 0.43203125 0.41015625 0.0078125 0.015625
2 0.21640625 0.4609375 0.0328125 0.03515625
2 0.06796875 0.4716796875 0.0234375 0.044921875
2 0.05 0.478515625 0.021875 0.0390625
10 0.11328125 0.4912109375 0.0109375 0.037109375
9 0.47890625 0.2333984375 0.0140625 0.052734375
9 0.690625 0.228515625 0.015625 0.0546875
11 0.80546875 0.25 0.0765625 0.03125
0 0.63984375 0.4697265625 0.0203125 0.076171875
2 0.44296875 0.4638671875 0.0984375 0.068359375
2 0.3359375 0.46484375 0.078125 0.046875
2 0.15703125 0.46484375 0.0859375 0.078125
9 0.878125 0.345703125 0.0125 0.01953125
2 0.2875 0.462890625 0.05 0.0390625
2 0.984375 0.6826171875 0.028125 0.181640625
0 0.240625 0.4384765625 0.009375 0.013671875
10 0.61015625 0.482421875 0.0140625 0.04296875
2 0.246875 0.4609375 0.046875 0.03515625
9 0.09296875 0.384765625 0.0140625 0.01953125
11 0.071875 0.2978515625 0.034375 0.033203125
11 0.0890625 0.3427734375 0.01875 0.052734375
2 0.10546875 0.470703125 0.0171875 0.0390625
11 0.43203125 0.41015625 0.0078125 0.015625
2 0.21640625 0.4609375 0.0328125 0.03515625
2 0.06796875 0.4716796875 0.0234375 0.044921875
2 0.05 0.478515625 0.021875 0.0390625
10 0.11328125 0.4912109375 0.0109375 0.037109375
