2 0.90078125 0.5166015625 0.1953125 0.287109375
2 0.71640625 0.4775390625 0.0671875 0.115234375
2 0.65234375 0.4404296875 0.0359375 0.037109375
2 0.57578125 0.44140625 0.0109375 0.01171875
2 0.55234375 0.44140625 0.0109375 0.01171875
2 0.52265625 0.439453125 0.0203125 0.0234375
0 0.49453125 0.4384765625 0.0078125 0.025390625
2 0.31171875 0.4521484375 0.0203125 0.025390625
2 0.2890625 0.458984375 0.01875 0.0234375
9 0.52109375 0.3232421875 0.0078125 0.029296875
9 0.59453125 0.3193359375 0.0078125 0.029296875
11 0.5421875 0.314453125 0.0125 0.01953125
11 0.653125 0.330078125 0.0375 0.015625
11 0.33203125 0.349609375 0.0171875 0.0234375
9 0.321875 0.38671875 0.00625 0.0078125
9 0.34453125 0.38671875 0.0078125 0.0078125
0 0.446875 0.4560546875 0.021875 0.044921875
0 0.26640625 0.4638671875 0.0203125 0.076171875
0 0.2421875 0.4658203125 0.025 0.076171875
9 0.2921875 0.2939453125 0.009375 0.033203125
9 0.328125 0.310546875 0.009375 0.0234375
2 0.77109375 0.48828125 0.1046875 0.1484375
2 0.19609375 0.4638671875 0.0296875 0.033203125
2 0.37265625 0.453125 0.0328125 0.0234375
2 0.159375 0.47265625 0.053125 0.04296875
11 0.3328125 0.396484375 0.021875 0.0078125
2 0.3 0.455078125 0.015625 0.0234375
0 0.13828125 0.4580078125 0.0109375 0.033203125
0 0.215625 0.4697265625 0.021875 0.068359375
0 0.08671875 0.474609375 0.0203125 0.05859375
2 0.90078125 0.5166015625 0.1953125 0.287109375
2 0.71640625 0.4775390625 0.0671875 0.115234375
2 0.65234375 0.4404296875 0.0359375 0.037109375
2 0.57578125 0.44140625 0.0109375 0.01171875
2 0.55234375 0.44140625 0.0109375 0.01171875
2 0.52265625 0.439453125 0.0203125 0.0234375
0 0.49453125 0.4384765625 0.0078125 0.025390625
2 0.31171875 0.4521484375 0.0203125 0.025390625
2 0.2890625 0.458984375 0.01875 0.0234375
9 0.52109375 0.3232421875 0.0078125 0.029296875
9 0.59453125 0.3193359375 0.0078125 0.029296875
11 0.5421875 0.314453125 0.0125 0.01953125
11 0.653125 0.330078125 0.0375 0.015625
11 0.33203125 0.349609375 0.0171875 0.0234375
9 0.321875 0.38671875 0.00625 0.0078125
9 0.34453125 0.38671875 0.0078125 0.0078125
0 0.446875 0.4560546875 0.021875 0.044921875
0 0.26640625 0.4638671875 0.0203125 0.076171875
0 0.2421875 0.4658203125 0.025 0.076171875
9 0.2921875 0.2939453125 0.009375 0.033203125
9 0.328125 0.310546875 0.009375 0.0234375
2 0.77109375 0.48828125 0.1046875 0.1484375
2 0.19609375 0.4638671875 0.0296875 0.033203125
2 0.37265625 0.453125 0.0328125 0.0234375
2 0.159375 0.47265625 0.053125 0.04296875
11 0.3328125 0.396484375 0.021875 0.0078125
2 0.3 0.455078125 0.015625 0.0234375
0 0.13828125 0.4580078125 0.0109375 0.033203125
0 0.215625 0.4697265625 0.021875 0.068359375
0 0.08671875 0.474609375 0.0203125 0.05859375
