2 0.58671875 0.34765625 0.0390625 0.04296875
2 0.53359375 0.353515625 0.0296875 0.02734375
7 0.53828125 0.33203125 0.0171875 0.0234375
7 0.51640625 0.3408203125 0.0109375 0.017578125
2 0.48828125 0.34765625 0.0171875 0.01953125
2 0.503125 0.345703125 0.009375 0.0078125
7 0.17265625 0.3447265625 0.0734375 0.052734375
2 0.2328125 0.353515625 0.021875 0.015625
2 0.25703125 0.3505859375 0.0234375 0.017578125
2 0.3171875 0.3466796875 0.015625 0.013671875
2 0.34296875 0.345703125 0.0140625 0.01171875
2 0.36171875 0.34375 0.0109375 0.0078125
2 0.3796875 0.341796875 0.009375 0.0078125
2 0.39765625 0.3447265625 0.0078125 0.005859375
2 0.2859375 0.3525390625 0.0125 0.009765625
2 0.58671875 0.34765625 0.0390625 0.04296875
2 0.53359375 0.353515625 0.0296875 0.02734375
7 0.53828125 0.33203125 0.0171875 0.0234375
7 0.51640625 0.3408203125 0.0109375 0.017578125
2 0.48828125 0.34765625 0.0171875 0.01953125
2 0.503125 0.345703125 0.009375 0.0078125
7 0.17265625 0.3447265625 0.0734375 0.052734375
2 0.2328125 0.353515625 0.021875 0.015625
2 0.25703125 0.3505859375 0.0234375 0.017578125
2 0.3171875 0.3466796875 0.015625 0.013671875
2 0.34296875 0.345703125 0.0140625 0.01171875
2 0.36171875 0.34375 0.0109375 0.0078125
2 0.3796875 0.341796875 0.009375 0.0078125
2 0.39765625 0.3447265625 0.0078125 0.005859375
2 0.2859375 0.3525390625 0.0125 0.009765625
