2 0.35078125 0.38671875 0.0828125 0.078125
2 0.5703125 0.3671875 0.04375 0.04296875
2 0.5125 0.4423828125 0.171875 0.166015625
2 0.41171875 0.361328125 0.0453125 0.04296875
2 0.2515625 0.37890625 0.0875 0.0859375
2 0.17578125 0.3759765625 0.0609375 0.056640625
2 0.4640625 0.349609375 0.021875 0.0234375
3 0.45859375 0.357421875 0.0078125 0.015625
0 0.45859375 0.349609375 0.0078125 0.01953125
0 0.4328125 0.3505859375 0.00625 0.017578125
3 0.4328125 0.3564453125 0.00625 0.013671875
9 0.42890625 0.1181640625 0.0140625 0.060546875
9 0.403125 0.1171875 0.01875 0.06640625
9 0.38125 0.1181640625 0.015625 0.060546875
0 0.86875 0.384765625 0.03125 0.09375
0 0.95390625 0.41015625 0.0453125 0.125
0 0.890625 0.384765625 0.028125 0.09765625
9 0.17109375 0.1728515625 0.0140625 0.044921875
9 0.190625 0.1708984375 0.0125 0.041015625
9 0.15625 0.173828125 0.0125 0.04296875
0 0.0984375 0.3818359375 0.01875 0.029296875
2 0.55 0.3486328125 0.034375 0.025390625
2 0.490625 0.3505859375 0.025 0.017578125
2 0.525 0.3505859375 0.015625 0.017578125
0 0.22421875 0.3505859375 0.0078125 0.017578125
2 0.37265625 0.349609375 0.0265625 0.015625
0 0.14140625 0.3681640625 0.0078125 0.029296875
11 0.1 0.3203125 0.03125 0.0078125
11 0.0984375 0.3125 0.03125 0.0078125
2 0.50703125 0.3505859375 0.0078125 0.013671875
11 0.1234375 0.3291015625 0.00625 0.009765625
11 0.125 0.3447265625 0.00625 0.009765625
2 0.39609375 0.34765625 0.0203125 0.01953125
2 0.35078125 0.38671875 0.0828125 0.078125
2 0.5703125 0.3671875 0.04375 0.04296875
2 0.5125 0.4423828125 0.171875 0.166015625
2 0.41171875 0.361328125 0.0453125 0.04296875
2 0.2515625 0.37890625 0.0875 0.0859375
2 0.17578125 0.3759765625 0.0609375 0.056640625
2 0.4640625 0.349609375 0.021875 0.0234375
3 0.45859375 0.357421875 0.0078125 0.015625
0 0.45859375 0.349609375 0.0078125 0.01953125
0 0.4328125 0.3505859375 0.00625 0.017578125
3 0.4328125 0.3564453125 0.00625 0.013671875
9 0.42890625 0.1181640625 0.0140625 0.060546875
9 0.403125 0.1171875 0.01875 0.06640625
9 0.38125 0.1181640625 0.015625 0.060546875
0 0.86875 0.384765625 0.03125 0.09375
0 0.95390625 0.41015625 0.0453125 0.125
0 0.890625 0.384765625 0.028125 0.09765625
9 0.17109375 0.1728515625 0.0140625 0.044921875
9 0.190625 0.1708984375 0.0125 0.041015625
9 0.15625 0.173828125 0.0125 0.04296875
0 0.0984375 0.3818359375 0.01875 0.029296875
2 0.55 0.3486328125 0.034375 0.025390625
2 0.490625 0.3505859375 0.025 0.017578125
2 0.525 0.3505859375 0.015625 0.017578125
0 0.22421875 0.3505859375 0.0078125 0.017578125
2 0.37265625 0.349609375 0.0265625 0.015625
0 0.14140625 0.3681640625 0.0078125 0.029296875
11 0.1 0.3203125 0.03125 0.0078125
11 0.0984375 0.3125 0.03125 0.0078125
2 0.50703125 0.3505859375 0.0078125 0.013671875
11 0.1234375 0.3291015625 0.00625 0.009765625
11 0.125 0.3447265625 0.00625 0.009765625
2 0.39609375 0.34765625 0.0203125 0.01953125
