0 0.8703125 0.435546875 0.046875 0.22265625
2 0.3375 0.3837890625 0.090625 0.080078125
2 0.38828125 0.3642578125 0.0484375 0.052734375
2 0.47734375 0.3671875 0.0515625 0.05078125
2 0.64765625 0.3974609375 0.0953125 0.091796875
2 0.57890625 0.375 0.0421875 0.0546875
2 0.4921875 0.3603515625 0.034375 0.041015625
9 0.4640625 0.2783203125 0.00625 0.017578125
2 0.521875 0.3525390625 0.021875 0.025390625
3 0.45234375 0.359375 0.0078125 0.01953125
0 0.453125 0.349609375 0.009375 0.02734375
9 0.41328125 0.283203125 0.0046875 0.01171875
2 0.60234375 0.3857421875 0.0453125 0.068359375
2 0.55546875 0.3662109375 0.0265625 0.041015625
2 0.546875 0.357421875 0.03125 0.0390625
2 0.44453125 0.34375 0.0234375 0.02734375
2 0.32421875 0.3447265625 0.0296875 0.017578125
0 0.70703125 0.365234375 0.0140625 0.05078125
2 0.21875 0.3662109375 0.0375 0.037109375
2 0.40703125 0.3466796875 0.0203125 0.025390625
0 0.2671875 0.359375 0.0125 0.0234375
2 0.18671875 0.373046875 0.0515625 0.0390625
0 0.41484375 0.3486328125 0.0109375 0.025390625
0 0.2203125 0.34375 0.009375 0.01171875
2 0.05390625 0.3857421875 0.1078125 0.115234375
3 0.2375 0.3642578125 0.0125 0.033203125
3 0.24453125 0.365234375 0.0109375 0.03125
0 0.13828125 0.3564453125 0.0140625 0.033203125
3 0.41484375 0.3564453125 0.0109375 0.021484375
0 0.29609375 0.34765625 0.0046875 0.01953125
0 0.3015625 0.34765625 0.00625 0.01953125
2 0.559375 0.373046875 0.01875 0.0390625
9 0.45859375 0.279296875 0.0046875 0.015625
9 0.46953125 0.279296875 0.0046875 0.015625
1 0.878125 0.478515625 0.06875 0.125
0 0.43046875 0.3515625 0.0109375 0.02734375
3 0.42890625 0.3583984375 0.0109375 0.021484375
0 0.8703125 0.435546875 0.046875 0.22265625
2 0.3375 0.3837890625 0.090625 0.080078125
2 0.38828125 0.3642578125 0.0484375 0.052734375
2 0.47734375 0.3671875 0.0515625 0.05078125
2 0.64765625 0.3974609375 0.0953125 0.091796875
2 0.57890625 0.375 0.0421875 0.0546875
2 0.4921875 0.3603515625 0.034375 0.041015625
9 0.4640625 0.2783203125 0.00625 0.017578125
2 0.521875 0.3525390625 0.021875 0.025390625
3 0.45234375 0.359375 0.0078125 0.01953125
0 0.453125 0.349609375 0.009375 0.02734375
9 0.41328125 0.283203125 0.0046875 0.01171875
2 0.60234375 0.3857421875 0.0453125 0.068359375
2 0.55546875 0.3662109375 0.0265625 0.041015625
2 0.546875 0.357421875 0.03125 0.0390625
2 0.44453125 0.34375 0.0234375 0.02734375
2 0.32421875 0.3447265625 0.0296875 0.017578125
0 0.70703125 0.365234375 0.0140625 0.05078125
2 0.21875 0.3662109375 0.0375 0.037109375
2 0.40703125 0.3466796875 0.0203125 0.025390625
0 0.2671875 0.359375 0.0125 0.0234375
2 0.18671875 0.373046875 0.0515625 0.0390625
0 0.41484375 0.3486328125 0.0109375 0.025390625
0 0.2203125 0.34375 0.009375 0.01171875
2 0.05390625 0.3857421875 0.1078125 0.115234375
3 0.2375 0.3642578125 0.0125 0.033203125
3 0.24453125 0.365234375 0.0109375 0.03125
0 0.13828125 0.3564453125 0.0140625 0.033203125
3 0.41484375 0.3564453125 0.0109375 0.021484375
0 0.29609375 0.34765625 0.0046875 0.01953125
0 0.3015625 0.34765625 0.00625 0.01953125
2 0.559375 0.373046875 0.01875 0.0390625
9 0.45859375 0.279296875 0.0046875 0.015625
9 0.46953125 0.279296875 0.0046875 0.015625
1 0.878125 0.478515625 0.06875 0.125
0 0.43046875 0.3515625 0.0109375 0.02734375
3 0.42890625 0.3583984375 0.0109375 0.021484375
