3 0.72578125 0.4482421875 0.0796875 0.111328125
3 0.86015625 0.4833984375 0.2203125 0.189453125
0 0.634375 0.3662109375 0.015625 0.052734375
0 0.60703125 0.3701171875 0.0140625 0.052734375
0 0.559375 0.365234375 0.015625 0.04296875
2 0.075 0.42578125 0.15 0.140625
2 0.4015625 0.375 0.04375 0.04296875
2 0.42578125 0.365234375 0.0265625 0.03125
2 0.44375 0.3623046875 0.01875 0.025390625
2 0.47265625 0.3701171875 0.0359375 0.037109375
2 0.5375 0.3681640625 0.03125 0.029296875
2 0.5203125 0.365234375 0.025 0.02734375
11 0.33984375 0.2119140625 0.0234375 0.033203125
9 0.43828125 0.2177734375 0.0109375 0.033203125
9 0.45078125 0.216796875 0.0078125 0.03125
9 0.4265625 0.216796875 0.009375 0.03125
9 0.21640625 0.1962890625 0.0140625 0.033203125
9 0.19921875 0.197265625 0.0140625 0.03515625
9 0.60078125 0.2998046875 0.0078125 0.009765625
9 0.1859375 0.197265625 0.0125 0.03515625
2 0.35625 0.36328125 0.028125 0.03125
0 0.76796875 0.3798828125 0.0171875 0.033203125
2 0.48515625 0.365234375 0.0265625 0.03515625
9 0.46328125 0.3125 0.0046875 0.01171875
11 0.8953125 0.2099609375 0.075 0.025390625
11 0.89453125 0.232421875 0.0703125 0.01953125
11 0.8953125 0.2529296875 0.071875 0.017578125
3 0.3296875 0.376953125 0.0125 0.01953125
0 0.88359375 0.3896484375 0.0234375 0.087890625
3 0.78046875 0.474609375 0.1171875 0.11328125
3 0.24296875 0.3857421875 0.0203125 0.029296875
3 0.74296875 0.46875 0.0765625 0.08984375
0 0.24140625 0.3740234375 0.0171875 0.033203125
11 0.87421875 0.26171875 0.0328125 0.0390625
16 0.89765625 0.4111328125 0.0234375 0.048828125
11 0.871875 0.2919921875 0.028125 0.021484375
11 0.8734375 0.314453125 0.028125 0.01953125
2 0.22734375 0.3828125 0.0234375 0.03125
0 0.665625 0.365234375 0.0125 0.046875
2 0.37421875 0.3662109375 0.0296875 0.033203125
3 0.72578125 0.4482421875 0.0796875 0.111328125
3 0.86015625 0.4833984375 0.2203125 0.189453125
0 0.634375 0.3662109375 0.015625 0.052734375
0 0.60703125 0.3701171875 0.0140625 0.052734375
0 0.559375 0.365234375 0.015625 0.04296875
2 0.075 0.42578125 0.15 0.140625
2 0.4015625 0.375 0.04375 0.04296875
2 0.42578125 0.365234375 0.0265625 0.03125
2 0.44375 0.3623046875 0.01875 0.025390625
2 0.47265625 0.3701171875 0.0359375 0.037109375
2 0.5375 0.3681640625 0.03125 0.029296875
2 0.5203125 0.365234375 0.025 0.02734375
11 0.33984375 0.2119140625 0.0234375 0.033203125
9 0.43828125 0.2177734375 0.0109375 0.033203125
9 0.45078125 0.216796875 0.0078125 0.03125
9 0.4265625 0.216796875 0.009375 0.03125
9 0.21640625 0.1962890625 0.0140625 0.033203125
9 0.19921875 0.197265625 0.0140625 0.03515625
9 0.60078125 0.2998046875 0.0078125 0.009765625
9 0.1859375 0.197265625 0.0125 0.03515625
2 0.35625 0.36328125 0.028125 0.03125
0 0.76796875 0.3798828125 0.0171875 0.033203125
2 0.48515625 0.365234375 0.0265625 0.03515625
9 0.46328125 0.3125 0.0046875 0.01171875
11 0.8953125 0.2099609375 0.075 0.025390625
11 0.89453125 0.232421875 0.0703125 0.01953125
11 0.8953125 0.2529296875 0.071875 0.017578125
3 0.3296875 0.376953125 0.0125 0.01953125
0 0.88359375 0.3896484375 0.0234375 0.087890625
3 0.78046875 0.474609375 0.1171875 0.11328125
3 0.24296875 0.3857421875 0.0203125 0.029296875
3 0.74296875 0.46875 0.0765625 0.08984375
0 0.24140625 0.3740234375 0.0171875 0.033203125
11 0.87421875 0.26171875 0.0328125 0.0390625
16 0.89765625 0.4111328125 0.0234375 0.048828125
11 0.871875 0.2919921875 0.028125 0.021484375
11 0.8734375 0.314453125 0.028125 0.01953125
2 0.22734375 0.3828125 0.0234375 0.03125
0 0.665625 0.365234375 0.0125 0.046875
2 0.37421875 0.3662109375 0.0296875 0.033203125
