2 0.70078125 0.46484375 0.0515625 0.05078125
2 0.57421875 0.4609375 0.0203125 0.01171875
9 0.5078125 0.2724609375 0.0125 0.048828125
9 0.62890625 0.265625 0.0140625 0.046875
11 0.54453125 0.259765625 0.0203125 0.03125
11 0.7296875 0.287109375 0.0625 0.02734375
11 0.1828125 0.3134765625 0.03125 0.037109375
9 0.1671875 0.37890625 0.009375 0.01171875
9 0.2109375 0.376953125 0.009375 0.01171875
0 0.7796875 0.490234375 0.034375 0.08203125
0 0.01953125 0.583984375 0.0390625 0.2265625
9 0.0375 0.177734375 0.01875 0.06640625
9 0.15078125 0.236328125 0.0140625 0.046875
11 0.18828125 0.3955078125 0.0421875 0.013671875
11 0.77578125 0.3359375 0.0234375 0.03515625
0 0.86953125 0.48046875 0.0234375 0.08203125
0 0.81796875 0.46484375 0.0203125 0.0703125
2 0.4734375 0.482421875 0.10625 0.05859375
2 0.115625 0.498046875 0.071875 0.0703125
0 0.06953125 0.544921875 0.0578125 0.19140625
11 0.6296875 0.400390625 0.015625 0.02734375
2 0.2515625 0.482421875 0.059375 0.0546875
2 0.2125 0.48046875 0.03125 0.03125
2 0.5453125 0.4609375 0.021875 0.015625
2 0.3125 0.4775390625 0.04375 0.037109375
2 0.70078125 0.46484375 0.0515625 0.05078125
2 0.57421875 0.4609375 0.0203125 0.01171875
9 0.5078125 0.2724609375 0.0125 0.048828125
9 0.62890625 0.265625 0.0140625 0.046875
11 0.54453125 0.259765625 0.0203125 0.03125
11 0.7296875 0.287109375 0.0625 0.02734375
11 0.1828125 0.3134765625 0.03125 0.037109375
9 0.1671875 0.37890625 0.009375 0.01171875
9 0.2109375 0.376953125 0.009375 0.01171875
0 0.7796875 0.490234375 0.034375 0.08203125
0 0.01953125 0.583984375 0.0390625 0.2265625
9 0.0375 0.177734375 0.01875 0.06640625
9 0.15078125 0.236328125 0.0140625 0.046875
11 0.18828125 0.3955078125 0.0421875 0.013671875
11 0.77578125 0.3359375 0.0234375 0.03515625
0 0.86953125 0.48046875 0.0234375 0.08203125
0 0.81796875 0.46484375 0.0203125 0.0703125
2 0.4734375 0.482421875 0.10625 0.05859375
2 0.115625 0.498046875 0.071875 0.0703125
0 0.06953125 0.544921875 0.0578125 0.19140625
11 0.6296875 0.400390625 0.015625 0.02734375
2 0.2515625 0.482421875 0.059375 0.0546875
2 0.2125 0.48046875 0.03125 0.03125
2 0.5453125 0.4609375 0.021875 0.015625
2 0.3125 0.4775390625 0.04375 0.037109375
