3 0.9125 0.5244140625 0.171875 0.166015625
0 0.66328125 0.3642578125 0.0171875 0.060546875
0 0.628125 0.369140625 0.015625 0.05859375
0 0.56953125 0.361328125 0.0171875 0.046875
2 0.40390625 0.3740234375 0.0453125 0.044921875
2 0.4265625 0.3662109375 0.028125 0.033203125
2 0.4453125 0.361328125 0.021875 0.02734375
2 0.47734375 0.3681640625 0.0359375 0.037109375
2 0.54296875 0.369140625 0.0328125 0.03125
2 0.52890625 0.3662109375 0.0234375 0.029296875
11 0.31640625 0.1865234375 0.0265625 0.037109375
9 0.43125 0.1923828125 0.0125 0.037109375
9 0.44765625 0.19140625 0.0109375 0.03515625
9 0.4203125 0.193359375 0.009375 0.03515625
9 0.1625 0.1689453125 0.0125 0.037109375
9 0.146875 0.16796875 0.015625 0.0390625
9 0.13125 0.1689453125 0.0125 0.037109375
2 0.34296875 0.365234375 0.0296875 0.03515625
2 0.490625 0.3642578125 0.025 0.033203125
9 0.46484375 0.310546875 0.0046875 0.01171875
3 0.3109375 0.3779296875 0.0125 0.021484375
3 0.928125 0.55078125 0.140625 0.171875
0 0.1875 0.3818359375 0.021875 0.041015625
11 0.7671875 0.3232421875 0.034375 0.041015625
11 0.76875 0.248046875 0.04375 0.01953125
9 0.7828125 0.2734375 0.01875 0.0234375
9 0.753125 0.2724609375 0.01875 0.021484375
0 0.97265625 0.390625 0.0265625 0.10546875
10 0.13984375 0.3974609375 0.0078125 0.021484375
0 0.83125 0.396484375 0.01875 0.06640625
0 0.1375 0.3798828125 0.0125 0.037109375
2 0.21796875 0.3837890625 0.0390625 0.037109375
9 0.6203125 0.2900390625 0.009375 0.013671875
2 0.50625 0.359375 0.015625 0.01953125
3 0.1890625 0.390625 0.03125 0.046875
2 0.36171875 0.3671875 0.0390625 0.0390625
0 0.696875 0.3662109375 0.0125 0.056640625
3 0.9125 0.5244140625 0.171875 0.166015625
0 0.66328125 0.3642578125 0.0171875 0.060546875
0 0.628125 0.369140625 0.015625 0.05859375
0 0.56953125 0.361328125 0.0171875 0.046875
2 0.40390625 0.3740234375 0.0453125 0.044921875
2 0.4265625 0.3662109375 0.028125 0.033203125
2 0.4453125 0.361328125 0.021875 0.02734375
2 0.47734375 0.3681640625 0.0359375 0.037109375
2 0.54296875 0.369140625 0.0328125 0.03125
2 0.52890625 0.3662109375 0.0234375 0.029296875
11 0.31640625 0.1865234375 0.0265625 0.037109375
9 0.43125 0.1923828125 0.0125 0.037109375
9 0.44765625 0.19140625 0.0109375 0.03515625
9 0.4203125 0.193359375 0.009375 0.03515625
9 0.1625 0.1689453125 0.0125 0.037109375
9 0.146875 0.16796875 0.015625 0.0390625
9 0.13125 0.1689453125 0.0125 0.037109375
2 0.34296875 0.365234375 0.0296875 0.03515625
2 0.490625 0.3642578125 0.025 0.033203125
9 0.46484375 0.310546875 0.0046875 0.01171875
3 0.3109375 0.3779296875 0.0125 0.021484375
3 0.928125 0.55078125 0.140625 0.171875
0 0.1875 0.3818359375 0.021875 0.041015625
11 0.7671875 0.3232421875 0.034375 0.041015625
11 0.76875 0.248046875 0.04375 0.01953125
9 0.7828125 0.2734375 0.01875 0.0234375
9 0.753125 0.2724609375 0.01875 0.021484375
0 0.97265625 0.390625 0.0265625 0.10546875
10 0.13984375 0.3974609375 0.0078125 0.021484375
0 0.83125 0.396484375 0.01875 0.06640625
0 0.1375 0.3798828125 0.0125 0.037109375
2 0.21796875 0.3837890625 0.0390625 0.037109375
9 0.6203125 0.2900390625 0.009375 0.013671875
2 0.50625 0.359375 0.015625 0.01953125
3 0.1890625 0.390625 0.03125 0.046875
2 0.36171875 0.3671875 0.0390625 0.0390625
0 0.696875 0.3662109375 0.0125 0.056640625
