2 0.946875 0.57421875 0.103125 0.2578125
2 0.67890625 0.4501953125 0.0484375 0.044921875
2 0.58125 0.4462890625 0.0125 0.013671875
2 0.521875 0.4462890625 0.021875 0.021484375
0 0.48515625 0.4453125 0.0078125 0.03125
9 0.5078125 0.283203125 0.0125 0.0390625
9 0.6125 0.279296875 0.0125 0.04296875
11 0.5390625 0.2724609375 0.01875 0.029296875
11 0.6984375 0.296875 0.053125 0.01953125
11 0.2328125 0.3173828125 0.025 0.033203125
9 0.21875 0.3720703125 0.009375 0.009765625
9 0.25546875 0.3720703125 0.0078125 0.009765625
0 0.56328125 0.4716796875 0.0296875 0.068359375
0 0.2421875 0.5146484375 0.04375 0.150390625
0 0.178125 0.5185546875 0.0375 0.162109375
9 0.13515625 0.220703125 0.0171875 0.05859375
9 0.2140625 0.25390625 0.0125 0.04296875
2 0.2703125 0.458984375 0.028125 0.03515625
11 0.23515625 0.388671875 0.0359375 0.01171875
0 0.05390625 0.50390625 0.0484375 0.12890625
2 0.13828125 0.48046875 0.0421875 0.0390625
2 0.32890625 0.45703125 0.0359375 0.03125
2 0.0171875 0.4912109375 0.034375 0.048828125
11 0.98359375 0.359375 0.0296875 0.05859375
11 0.9703125 0.3115234375 0.05625 0.025390625
9 0.92265625 0.2841796875 0.0234375 0.025390625
11 0.73828125 0.33984375 0.0171875 0.03515625
2 0.38671875 0.45703125 0.0109375 0.01953125
2 0.08984375 0.4833984375 0.0578125 0.044921875
0 0.865625 0.4638671875 0.021875 0.080078125
2 0.4640625 0.4375 0.015625 0.015625
2 0.4046875 0.451171875 0.028125 0.0234375
0 0.87578125 0.44140625 0.0171875 0.05859375
2 0.82890625 0.4267578125 0.0453125 0.025390625
2 0.29140625 0.462890625 0.0171875 0.01953125
0 0.0640625 0.4619140625 0.0125 0.025390625
2 0.946875 0.57421875 0.103125 0.2578125
2 0.67890625 0.4501953125 0.0484375 0.044921875
2 0.58125 0.4462890625 0.0125 0.013671875
2 0.521875 0.4462890625 0.021875 0.021484375
0 0.48515625 0.4453125 0.0078125 0.03125
9 0.5078125 0.283203125 0.0125 0.0390625
9 0.6125 0.279296875 0.0125 0.04296875
11 0.5390625 0.2724609375 0.01875 0.029296875
11 0.6984375 0.296875 0.053125 0.01953125
11 0.2328125 0.3173828125 0.025 0.033203125
9 0.21875 0.3720703125 0.009375 0.009765625
9 0.25546875 0.3720703125 0.0078125 0.009765625
0 0.56328125 0.4716796875 0.0296875 0.068359375
0 0.2421875 0.5146484375 0.04375 0.150390625
0 0.178125 0.5185546875 0.0375 0.162109375
9 0.13515625 0.220703125 0.0171875 0.05859375
9 0.2140625 0.25390625 0.0125 0.04296875
2 0.2703125 0.458984375 0.028125 0.03515625
11 0.23515625 0.388671875 0.0359375 0.01171875
0 0.05390625 0.50390625 0.0484375 0.12890625
2 0.13828125 0.48046875 0.0421875 0.0390625
2 0.32890625 0.45703125 0.0359375 0.03125
2 0.0171875 0.4912109375 0.034375 0.048828125
11 0.98359375 0.359375 0.0296875 0.05859375
11 0.9703125 0.3115234375 0.05625 0.025390625
9 0.92265625 0.2841796875 0.0234375 0.025390625
11 0.73828125 0.33984375 0.0171875 0.03515625
2 0.38671875 0.45703125 0.0109375 0.01953125
2 0.08984375 0.4833984375 0.0578125 0.044921875
0 0.865625 0.4638671875 0.021875 0.080078125
2 0.4640625 0.4375 0.015625 0.015625
2 0.4046875 0.451171875 0.028125 0.0234375
0 0.87578125 0.44140625 0.0171875 0.05859375
2 0.82890625 0.4267578125 0.0453125 0.025390625
2 0.29140625 0.462890625 0.0171875 0.01953125
0 0.0640625 0.4619140625 0.0125 0.025390625
