2 0.884375 0.5341796875 0.221875 0.220703125
2 0.66875 0.447265625 0.04375 0.04296875
2 0.57890625 0.443359375 0.0109375 0.01171875
2 0.5203125 0.4443359375 0.021875 0.021484375
0 0.48984375 0.4443359375 0.0078125 0.029296875
9 0.5125 0.3037109375 0.009375 0.037109375
9 0.6046875 0.2978515625 0.009375 0.037109375
11 0.53984375 0.291015625 0.0140625 0.0234375
11 0.67890625 0.3134765625 0.0484375 0.017578125
11 0.27421875 0.33203125 0.0203125 0.0234375
9 0.26015625 0.380859375 0.0078125 0.0078125
9 0.29296875 0.3798828125 0.0078125 0.009765625
0 0.5046875 0.4677734375 0.025 0.060546875
0 0.2421875 0.486328125 0.03125 0.109375
0 0.21171875 0.48828125 0.0390625 0.1171875
9 0.20703125 0.251953125 0.0140625 0.046875
9 0.2625 0.2783203125 0.0125 0.041015625
2 0.94609375 0.56640625 0.1046875 0.28125
2 0.29921875 0.462890625 0.0359375 0.04296875
11 0.278125 0.3935546875 0.028125 0.009765625
0 0.1171875 0.490234375 0.03125 0.09765625
0 0.08125 0.455078125 0.0125 0.015625
2 0.16953125 0.4775390625 0.0390625 0.037109375
2 0.36484375 0.453125 0.0203125 0.0234375
2 0.07890625 0.486328125 0.0640625 0.046875
11 0.87734375 0.3720703125 0.0296875 0.033203125
11 0.8765625 0.33984375 0.046875 0.0234375
9 0.8375 0.3193359375 0.01875 0.017578125
9 0.8796875 0.310546875 0.021875 0.015625
11 0.715625 0.3515625 0.015625 0.02734375
2 0.40625 0.44921875 0.021875 0.02734375
2 0.1296875 0.474609375 0.046875 0.04296875
2 0.884375 0.5341796875 0.221875 0.220703125
2 0.66875 0.447265625 0.04375 0.04296875
2 0.57890625 0.443359375 0.0109375 0.01171875
2 0.5203125 0.4443359375 0.021875 0.021484375
0 0.48984375 0.4443359375 0.0078125 0.029296875
9 0.5125 0.3037109375 0.009375 0.037109375
9 0.6046875 0.2978515625 0.009375 0.037109375
11 0.53984375 0.291015625 0.0140625 0.0234375
11 0.67890625 0.3134765625 0.0484375 0.017578125
11 0.27421875 0.33203125 0.0203125 0.0234375
9 0.26015625 0.380859375 0.0078125 0.0078125
9 0.29296875 0.3798828125 0.0078125 0.009765625
0 0.5046875 0.4677734375 0.025 0.060546875
0 0.2421875 0.486328125 0.03125 0.109375
0 0.21171875 0.48828125 0.0390625 0.1171875
9 0.20703125 0.251953125 0.0140625 0.046875
9 0.2625 0.2783203125 0.0125 0.041015625
2 0.94609375 0.56640625 0.1046875 0.28125
2 0.29921875 0.462890625 0.0359375 0.04296875
11 0.278125 0.3935546875 0.028125 0.009765625
0 0.1171875 0.490234375 0.03125 0.09765625
0 0.08125 0.455078125 0.0125 0.015625
2 0.16953125 0.4775390625 0.0390625 0.037109375
2 0.36484375 0.453125 0.0203125 0.0234375
2 0.07890625 0.486328125 0.0640625 0.046875
11 0.87734375 0.3720703125 0.0296875 0.033203125
11 0.8765625 0.33984375 0.046875 0.0234375
9 0.8375 0.3193359375 0.01875 0.017578125
9 0.8796875 0.310546875 0.021875 0.015625
11 0.715625 0.3515625 0.015625 0.02734375
2 0.40625 0.44921875 0.021875 0.02734375
2 0.1296875 0.474609375 0.046875 0.04296875
