2 0.396875 0.3818359375 0.065625 0.060546875
2 0.63984375 0.3935546875 0.0828125 0.072265625
2 0.75703125 0.36328125 0.0546875 0.0234375
2 0.26875 0.369140625 0.0625 0.0625
2 0.36171875 0.3701171875 0.0328125 0.041015625
0 0.22734375 0.3681640625 0.0078125 0.021484375
3 0.81875 0.4814453125 0.134375 0.166015625
3 0.97109375 0.6083984375 0.0546875 0.240234375
2 0.43671875 0.3681640625 0.0390625 0.041015625
2 0.340625 0.3671875 0.015625 0.0234375
0 0.15859375 0.3681640625 0.0078125 0.037109375
2 0.47421875 0.353515625 0.0140625 0.015625
2 0.76796875 0.443359375 0.1703125 0.140625
0 0.1515625 0.369140625 0.009375 0.03515625
0 0.57109375 0.361328125 0.0109375 0.0390625
2 0.48984375 0.353515625 0.0109375 0.01171875
2 0.33125 0.369140625 0.015625 0.0234375
2 0.528125 0.3623046875 0.021875 0.021484375
0 0.81953125 0.3544921875 0.0234375 0.048828125
2 0.01875 0.3837890625 0.0375 0.037109375
0 0.84609375 0.3720703125 0.0203125 0.060546875
2 0.50546875 0.353515625 0.0140625 0.015625
0 0.59765625 0.3662109375 0.0140625 0.037109375
0 0.68828125 0.3623046875 0.0109375 0.044921875
0 0.8359375 0.359375 0.015625 0.046875
0 0.71484375 0.3623046875 0.0171875 0.041015625
3 0.66171875 0.4111328125 0.0578125 0.091796875
3 0.6390625 0.4189453125 0.05 0.064453125
2 0.31875 0.369140625 0.015625 0.0234375
0 0.95234375 0.3955078125 0.0296875 0.052734375
2 0.45 0.353515625 0.009375 0.01171875
0 0.8734375 0.390625 0.028125 0.0625
3 0.8921875 0.517578125 0.09375 0.17578125
3 0.7671875 0.4697265625 0.065625 0.138671875
0 0.86328125 0.3876953125 0.0203125 0.056640625
3 0.94765625 0.5380859375 0.1015625 0.193359375
2 0.3046875 0.3701171875 0.0125 0.025390625
2 0.396875 0.3818359375 0.065625 0.060546875
2 0.63984375 0.3935546875 0.0828125 0.072265625
2 0.75703125 0.36328125 0.0546875 0.0234375
2 0.26875 0.369140625 0.0625 0.0625
2 0.36171875 0.3701171875 0.0328125 0.041015625
0 0.22734375 0.3681640625 0.0078125 0.021484375
3 0.81875 0.4814453125 0.134375 0.166015625
3 0.97109375 0.6083984375 0.0546875 0.240234375
2 0.43671875 0.3681640625 0.0390625 0.041015625
2 0.340625 0.3671875 0.015625 0.0234375
0 0.15859375 0.3681640625 0.0078125 0.037109375
2 0.47421875 0.353515625 0.0140625 0.015625
2 0.76796875 0.443359375 0.1703125 0.140625
0 0.1515625 0.369140625 0.009375 0.03515625
0 0.57109375 0.361328125 0.0109375 0.0390625
2 0.48984375 0.353515625 0.0109375 0.01171875
2 0.33125 0.369140625 0.015625 0.0234375
2 0.528125 0.3623046875 0.021875 0.021484375
0 0.81953125 0.3544921875 0.0234375 0.048828125
2 0.01875 0.3837890625 0.0375 0.037109375
0 0.84609375 0.3720703125 0.0203125 0.060546875
2 0.50546875 0.353515625 0.0140625 0.015625
0 0.59765625 0.3662109375 0.0140625 0.037109375
0 0.68828125 0.3623046875 0.0109375 0.044921875
0 0.8359375 0.359375 0.015625 0.046875
0 0.71484375 0.3623046875 0.0171875 0.041015625
3 0.66171875 0.4111328125 0.0578125 0.091796875
3 0.6390625 0.4189453125 0.05 0.064453125
2 0.31875 0.369140625 0.015625 0.0234375
0 0.95234375 0.3955078125 0.0296875 0.052734375
2 0.45 0.353515625 0.009375 0.01171875
0 0.8734375 0.390625 0.028125 0.0625
3 0.8921875 0.517578125 0.09375 0.17578125
3 0.7671875 0.4697265625 0.065625 0.138671875
0 0.86328125 0.3876953125 0.0203125 0.056640625
3 0.94765625 0.5380859375 0.1015625 0.193359375
2 0.3046875 0.3701171875 0.0125 0.025390625
